  1 68 1.06985000E+02 1.00000000E-03 1.05985000E+02 riv
  1 70 1.06985000E+02 1.00000000E-03 1.05985000E+02 riv
  1 73 1.06985000E+02 1.00000000E-03 1.05985000E+02 riv
  1 73 1.06985000E+02 1.00000000E-03 1.05985000E+02 riv
  1 75 1.06985000E+02 1.00000000E-03 1.05985000E+02 riv
  1 75 1.06985000E+02 1.00000000E-03 1.05985000E+02 riv
  1 82 1.06985000E+02 1.00000000E-03 1.05985000E+02 riv
  1 84 1.06985000E+02 1.00000000E-03 1.05985000E+02 riv
  1 85 1.06985000E+02 1.00000000E-03 1.05985000E+02 riv
  1 84 1.06985000E+02 1.00000000E-03 1.05985000E+02 riv
  1 90 1.06985000E+02 1.00000000E-03 1.05985000E+02 riv
  1 92 1.06985000E+02 1.00000000E-03 1.05985000E+02 riv
  1 92 1.07742000E+02 1.00000000E-03 1.06742000E+02 riv
  1 192 1.07742000E+02 1.00000000E-03 1.06742000E+02 riv
  1 193 1.07742000E+02 1.00000000E-03 1.06742000E+02 riv
  1 192 1.07742000E+02 1.00000000E-03 1.06742000E+02 riv
  1 194 1.07742000E+02 1.00000000E-03 1.06742000E+02 riv
  1 197 1.07742000E+02 1.00000000E-03 1.06742000E+02 riv
  1 197 1.07742000E+02 1.00000000E-03 1.06742000E+02 riv
  1 199 1.07742000E+02 1.00000000E-03 1.06742000E+02 riv
  1 199 1.07742000E+02 1.00000000E-03 1.06742000E+02 riv
  1 212 1.07742000E+02 1.00000000E-03 1.06742000E+02 riv
  1 214 1.07742000E+02 1.00000000E-03 1.06742000E+02 riv
  1 206 1.07742000E+02 1.00000000E-03 1.06742000E+02 riv
  1 209 1.07742000E+02 1.00000000E-03 1.06742000E+02 riv
  1 214 1.07742000E+02 1.00000000E-03 1.06742000E+02 riv
  1 209 1.07742000E+02 1.00000000E-03 1.06742000E+02 riv
  1 211 1.07742000E+02 1.00000000E-03 1.06742000E+02 riv
  1 309 1.07742000E+02 1.00000000E-03 1.06742000E+02 riv
  1 309 1.06746000E+02 1.00000000E-03 1.05746000E+02 riv
  1 311 1.06746000E+02 1.00000000E-03 1.05746000E+02 riv
  1 314 1.06746000E+02 1.00000000E-03 1.05746000E+02 riv
  1 314 1.06746000E+02 1.00000000E-03 1.05746000E+02 riv
  1 316 1.06746000E+02 1.00000000E-03 1.05746000E+02 riv
  1 316 1.06746000E+02 1.00000000E-03 1.05746000E+02 riv
  1 323 1.06746000E+02 1.00000000E-03 1.05746000E+02 riv
  1 325 1.06746000E+02 1.00000000E-03 1.05746000E+02 riv
  1 325 1.06746000E+02 1.00000000E-03 1.05746000E+02 riv
  1 328 1.06746000E+02 1.00000000E-03 1.05746000E+02 riv
  1 328 1.06746000E+02 1.00000000E-03 1.05746000E+02 riv
  1 330 1.06746000E+02 1.00000000E-03 1.05746000E+02 riv
  1 425 1.06746000E+02 1.00000000E-03 1.05746000E+02 riv
  1 425 1.06740000E+02 1.00000000E-03 1.05740000E+02 riv
  1 427 1.06740000E+02 1.00000000E-03 1.05740000E+02 riv
  1 430 1.06740000E+02 1.00000000E-03 1.05740000E+02 riv
  1 430 1.06740000E+02 1.00000000E-03 1.05740000E+02 riv
  1 432 1.06740000E+02 1.00000000E-03 1.05740000E+02 riv
  1 432 1.06740000E+02 1.00000000E-03 1.05740000E+02 riv
  1 439 1.06740000E+02 1.00000000E-03 1.05740000E+02 riv
  1 441 1.06740000E+02 1.00000000E-03 1.05740000E+02 riv
  1 441 1.06740000E+02 1.00000000E-03 1.05740000E+02 riv
  1 444 1.06740000E+02 1.00000000E-03 1.05740000E+02 riv
  1 444 1.06740000E+02 1.00000000E-03 1.05740000E+02 riv
  1 449 1.06740000E+02 1.00000000E-03 1.05740000E+02 riv
  1 451 1.06740000E+02 1.00000000E-03 1.05740000E+02 riv
  1 546 1.06740000E+02 1.00000000E-03 1.05740000E+02 riv
  1 546 1.06764000E+02 1.00000000E-03 1.05764000E+02 riv
  1 548 1.06764000E+02 1.00000000E-03 1.05764000E+02 riv
  1 549 1.06764000E+02 1.00000000E-03 1.05764000E+02 riv
  1 549 1.06764000E+02 1.00000000E-03 1.05764000E+02 riv
  1 552 1.06764000E+02 1.00000000E-03 1.05764000E+02 riv
  1 554 1.06764000E+02 1.00000000E-03 1.05764000E+02 riv
  1 554 1.06764000E+02 1.00000000E-03 1.05764000E+02 riv
  1 557 1.06764000E+02 1.00000000E-03 1.05764000E+02 riv
  1 561 1.06764000E+02 1.00000000E-03 1.05764000E+02 riv
  1 561 1.06764000E+02 1.00000000E-03 1.05764000E+02 riv
  1 563 1.06764000E+02 1.00000000E-03 1.05764000E+02 riv
  1 564 1.06764000E+02 1.00000000E-03 1.05764000E+02 riv
  1 564 1.06636000E+02 1.00000000E-03 1.05636000E+02 riv
  1 567 1.06636000E+02 1.00000000E-03 1.05636000E+02 riv
  1 577 1.06636000E+02 1.00000000E-03 1.05636000E+02 riv
  1 579 1.06636000E+02 1.00000000E-03 1.05636000E+02 riv
  1 579 1.06636000E+02 1.00000000E-03 1.05636000E+02 riv
  1 580 1.06636000E+02 1.00000000E-03 1.05636000E+02 riv
  1 675 1.06636000E+02 1.00000000E-03 1.05636000E+02 riv
  1 675 1.06636000E+02 1.00000000E-03 1.05636000E+02 riv
  1 677 1.06636000E+02 1.00000000E-03 1.05636000E+02 riv
  1 677 1.06636000E+02 1.00000000E-03 1.05636000E+02 riv
  1 680 1.06636000E+02 1.00000000E-03 1.05636000E+02 riv
  1 682 1.06636000E+02 1.00000000E-03 1.05636000E+02 riv
  1 682 1.06569000E+02 1.00000000E-03 1.05569000E+02 riv
  1 686 1.06569000E+02 1.00000000E-03 1.05569000E+02 riv
  1 689 1.06569000E+02 1.00000000E-03 1.05569000E+02 riv
  1 691 1.06569000E+02 1.00000000E-03 1.05569000E+02 riv
  1 691 1.06569000E+02 1.00000000E-03 1.05569000E+02 riv
  1 697 1.06569000E+02 1.00000000E-03 1.05569000E+02 riv
  1 696 1.06569000E+02 1.00000000E-03 1.05569000E+02 riv
  1 697 1.06569000E+02 1.00000000E-03 1.05569000E+02 riv
  1 699 1.06569000E+02 1.00000000E-03 1.05569000E+02 riv
  1 800 1.06569000E+02 1.00000000E-03 1.05569000E+02 riv
  1 800 1.06569000E+02 1.00000000E-03 1.05569000E+02 riv
  1 802 1.06569000E+02 1.00000000E-03 1.05569000E+02 riv
  1 802 1.06533000E+02 1.00000000E-03 1.05533000E+02 riv
  1 805 1.06533000E+02 1.00000000E-03 1.05533000E+02 riv
  1 807 1.06533000E+02 1.00000000E-03 1.05533000E+02 riv
  1 807 1.06533000E+02 1.00000000E-03 1.05533000E+02 riv
  1 811 1.06533000E+02 1.00000000E-03 1.05533000E+02 riv
  1 813 1.06533000E+02 1.00000000E-03 1.05533000E+02 riv
  1 813 1.06533000E+02 1.00000000E-03 1.05533000E+02 riv
  1 816 1.06533000E+02 1.00000000E-03 1.05533000E+02 riv
  1 816 1.06533000E+02 1.00000000E-03 1.05533000E+02 riv
  1 818 1.06533000E+02 1.00000000E-03 1.05533000E+02 riv
  1 913 1.06533000E+02 1.00000000E-03 1.05533000E+02 riv
  1 913 1.06533000E+02 1.00000000E-03 1.05533000E+02 riv
  1 915 1.06533000E+02 1.00000000E-03 1.05533000E+02 riv
  1 915 1.06437000E+02 1.00000000E-03 1.05437000E+02 riv
  1 917 1.06437000E+02 1.00000000E-03 1.05437000E+02 riv
  1 918 1.06437000E+02 1.00000000E-03 1.05437000E+02 riv
  1 919 1.06437000E+02 1.00000000E-03 1.05437000E+02 riv
  1 919 1.06437000E+02 1.00000000E-03 1.05437000E+02 riv
  1 923 1.06437000E+02 1.00000000E-03 1.05437000E+02 riv
  1 925 1.06437000E+02 1.00000000E-03 1.05437000E+02 riv
  1 925 1.06437000E+02 1.00000000E-03 1.05437000E+02 riv
  1 928 1.06437000E+02 1.00000000E-03 1.05437000E+02 riv
  1 929 1.06437000E+02 1.00000000E-03 1.05437000E+02 riv
  1 929 1.06437000E+02 1.00000000E-03 1.05437000E+02 riv
  1 931 1.06437000E+02 1.00000000E-03 1.05437000E+02 riv
  1 1023 1.06437000E+02 1.00000000E-03 1.05437000E+02 riv
  1 1023 1.06300000E+02 1.00000000E-03 1.05300000E+02 riv
  1 1025 1.06300000E+02 1.00000000E-03 1.05300000E+02 riv
  1 1025 1.06300000E+02 1.00000000E-03 1.05300000E+02 riv
  1 1028 1.06300000E+02 1.00000000E-03 1.05300000E+02 riv
  1 1030 1.06300000E+02 1.00000000E-03 1.05300000E+02 riv
  1 1033 1.06300000E+02 1.00000000E-03 1.05300000E+02 riv
  1 1033 1.06300000E+02 1.00000000E-03 1.05300000E+02 riv
  1 1040 1.06300000E+02 1.00000000E-03 1.05300000E+02 riv
  1 1040 1.06300000E+02 1.00000000E-03 1.05300000E+02 riv
  1 1042 1.06300000E+02 1.00000000E-03 1.05300000E+02 riv
  1 1043 1.06300000E+02 1.00000000E-03 1.05300000E+02 riv
  1 1046 1.06300000E+02 1.00000000E-03 1.05300000E+02 riv
  1 1046 1.06313000E+02 1.00000000E-03 1.05313000E+02 riv
  1 1048 1.06313000E+02 1.00000000E-03 1.05313000E+02 riv
  1 1053 1.06313000E+02 1.00000000E-03 1.05313000E+02 riv
  1 1053 1.06313000E+02 1.00000000E-03 1.05313000E+02 riv
  1 1148 1.06313000E+02 1.00000000E-03 1.05313000E+02 riv
  1 1148 1.06313000E+02 1.00000000E-03 1.05313000E+02 riv
  1 1150 1.06313000E+02 1.00000000E-03 1.05313000E+02 riv
  1 1151 1.06313000E+02 1.00000000E-03 1.05313000E+02 riv
  1 1154 1.06313000E+02 1.00000000E-03 1.05313000E+02 riv
  1 1154 1.06313000E+02 1.00000000E-03 1.05313000E+02 riv
  1 1156 1.06313000E+02 1.00000000E-03 1.05313000E+02 riv
  1 1159 1.06313000E+02 1.00000000E-03 1.05313000E+02 riv
  1 1159 1.06313000E+02 1.00000000E-03 1.05313000E+02 riv
  1 1163 1.06313000E+02 1.00000000E-03 1.05313000E+02 riv
  1 1165 1.06313000E+02 1.00000000E-03 1.05313000E+02 riv
  1 1166 1.06313000E+02 1.00000000E-03 1.05313000E+02 riv
  1 1166 1.06313000E+02 1.00000000E-03 1.05313000E+02 riv
  1 1169 1.06313000E+02 1.00000000E-03 1.05313000E+02 riv
  1 1169 1.06099000E+02 1.00000000E-03 1.05099000E+02 riv
  1 1179 1.06099000E+02 1.00000000E-03 1.05099000E+02 riv
  1 1181 1.06099000E+02 1.00000000E-03 1.05099000E+02 riv
  1 1273 1.06099000E+02 1.00000000E-03 1.05099000E+02 riv
  1 1273 1.06099000E+02 1.00000000E-03 1.05099000E+02 riv
  1 1274 1.06099000E+02 1.00000000E-03 1.05099000E+02 riv
  1 1276 1.06099000E+02 1.00000000E-03 1.05099000E+02 riv
  1 1276 1.06099000E+02 1.00000000E-03 1.05099000E+02 riv
  1 1279 1.06099000E+02 1.00000000E-03 1.05099000E+02 riv
  1 1282 1.06099000E+02 1.00000000E-03 1.05099000E+02 riv
  1 1282 1.06099000E+02 1.00000000E-03 1.05099000E+02 riv
  1 1284 1.06099000E+02 1.00000000E-03 1.05099000E+02 riv
  1 1291 1.06099000E+02 1.00000000E-03 1.05099000E+02 riv
  1 1291 1.06099000E+02 1.00000000E-03 1.05099000E+02 riv
  1 1292 1.06099000E+02 1.00000000E-03 1.05099000E+02 riv
  1 1294 1.06099000E+02 1.00000000E-03 1.05099000E+02 riv
  1 1294 1.06099000E+02 1.00000000E-03 1.05099000E+02 riv
  1 1297 1.06099000E+02 1.00000000E-03 1.05099000E+02 riv
  1 1302 1.06099000E+02 1.00000000E-03 1.05099000E+02 riv
  1 1302 1.05992000E+02 1.00000000E-03 1.04992000E+02 riv
  1 1304 1.05992000E+02 1.00000000E-03 1.04992000E+02 riv
  1 1305 1.05992000E+02 1.00000000E-03 1.04992000E+02 riv
  1 1403 1.05992000E+02 1.00000000E-03 1.04992000E+02 riv
  1 1403 1.05992000E+02 1.00000000E-03 1.04992000E+02 riv
  1 1406 1.05992000E+02 1.00000000E-03 1.04992000E+02 riv
  1 1408 1.05992000E+02 1.00000000E-03 1.04992000E+02 riv
  1 1408 1.05992000E+02 1.00000000E-03 1.04992000E+02 riv
  1 1411 1.05992000E+02 1.00000000E-03 1.04992000E+02 riv
  1 1412 1.05992000E+02 1.00000000E-03 1.04992000E+02 riv
  1 1412 1.05992000E+02 1.00000000E-03 1.04992000E+02 riv
  1 1422 1.05992000E+02 1.00000000E-03 1.04992000E+02 riv
  1 1424 1.05992000E+02 1.00000000E-03 1.04992000E+02 riv
  1 1425 1.05992000E+02 1.00000000E-03 1.04992000E+02 riv
  1 1425 1.06033000E+02 1.00000000E-03 1.05033000E+02 riv
  1 1428 1.06033000E+02 1.00000000E-03 1.05033000E+02 riv
  1 1428 1.06033000E+02 1.00000000E-03 1.05033000E+02 riv
  1 1429 1.06033000E+02 1.00000000E-03 1.05033000E+02 riv
  1 1436 1.06033000E+02 1.00000000E-03 1.05033000E+02 riv
  1 1441 1.06033000E+02 1.00000000E-03 1.05033000E+02 riv
  1 1441 1.06033000E+02 1.00000000E-03 1.05033000E+02 riv
  1 1442 1.06033000E+02 1.00000000E-03 1.05033000E+02 riv
  1 1442 1.06033000E+02 1.00000000E-03 1.05033000E+02 riv
  1 1445 1.06033000E+02 1.00000000E-03 1.05033000E+02 riv
  1 1447 1.06033000E+02 1.00000000E-03 1.05033000E+02 riv
  1 1448 1.06033000E+02 1.00000000E-03 1.05033000E+02 riv
  1 1448 1.06044000E+02 1.00000000E-03 1.05044000E+02 riv
  1 1458 1.06044000E+02 1.00000000E-03 1.05044000E+02 riv
  1 1458 1.06044000E+02 1.00000000E-03 1.05044000E+02 riv
  1 1459 1.06044000E+02 1.00000000E-03 1.05044000E+02 riv
  1 1462 1.06044000E+02 1.00000000E-03 1.05044000E+02 riv
  1 1465 1.06044000E+02 1.00000000E-03 1.05044000E+02 riv
  1 1465 1.06044000E+02 1.00000000E-03 1.05044000E+02 riv
  1 1466 1.06044000E+02 1.00000000E-03 1.05044000E+02 riv
  1 1466 1.06044000E+02 1.00000000E-03 1.05044000E+02 riv
  1 1471 1.06044000E+02 1.00000000E-03 1.05044000E+02 riv
  1 1472 1.06044000E+02 1.00000000E-03 1.05044000E+02 riv
  1 1472 1.06004000E+02 1.00000000E-03 1.05004000E+02 riv
  1 1475 1.06004000E+02 1.00000000E-03 1.05004000E+02 riv
  1 1477 1.06004000E+02 1.00000000E-03 1.05004000E+02 riv
  1 1477 1.06004000E+02 1.00000000E-03 1.05004000E+02 riv
  1 1478 1.06004000E+02 1.00000000E-03 1.05004000E+02 riv
  1 1579 1.06004000E+02 1.00000000E-03 1.05004000E+02 riv
  1 1579 1.06004000E+02 1.00000000E-03 1.05004000E+02 riv
  1 1581 1.06004000E+02 1.00000000E-03 1.05004000E+02 riv
  1 1584 1.06004000E+02 1.00000000E-03 1.05004000E+02 riv
  1 1584 1.05947000E+02 1.00000000E-03 1.04947000E+02 riv
  1 1594 1.05947000E+02 1.00000000E-03 1.04947000E+02 riv
  1 1596 1.05947000E+02 1.00000000E-03 1.04947000E+02 riv
  1 1596 1.05947000E+02 1.00000000E-03 1.04947000E+02 riv
  1 1600 1.05947000E+02 1.00000000E-03 1.04947000E+02 riv
  1 1602 1.05947000E+02 1.00000000E-03 1.04947000E+02 riv
  1 1602 1.05947000E+02 1.00000000E-03 1.04947000E+02 riv
  1 1605 1.05947000E+02 1.00000000E-03 1.04947000E+02 riv
  1 1605 1.05947000E+02 1.00000000E-03 1.04947000E+02 riv
  1 1607 1.05947000E+02 1.00000000E-03 1.04947000E+02 riv
  1 1708 1.05947000E+02 1.00000000E-03 1.04947000E+02 riv
  1 1708 1.05842000E+02 1.00000000E-03 1.04842000E+02 riv
  1 1710 1.05842000E+02 1.00000000E-03 1.04842000E+02 riv
  1 1713 1.05842000E+02 1.00000000E-03 1.04842000E+02 riv
  1 1713 1.05842000E+02 1.00000000E-03 1.04842000E+02 riv
  1 1715 1.05842000E+02 1.00000000E-03 1.04842000E+02 riv
  1 1715 1.05842000E+02 1.00000000E-03 1.04842000E+02 riv
  1 1719 1.05842000E+02 1.00000000E-03 1.04842000E+02 riv
  1 1721 1.05842000E+02 1.00000000E-03 1.04842000E+02 riv
  1 1702 1.05842000E+02 1.00000000E-03 1.04842000E+02 riv
  1 1705 1.05842000E+02 1.00000000E-03 1.04842000E+02 riv
  1 1721 1.05842000E+02 1.00000000E-03 1.04842000E+02 riv
  1 1705 1.05842000E+02 1.00000000E-03 1.04842000E+02 riv
  1 1706 1.05842000E+02 1.00000000E-03 1.04842000E+02 riv
  1 1707 1.05842000E+02 1.00000000E-03 1.04842000E+02 riv
  1 1816 1.05842000E+02 1.00000000E-03 1.04842000E+02 riv
  1 1816 1.05715000E+02 1.00000000E-03 1.04715000E+02 riv
  1 1818 1.05715000E+02 1.00000000E-03 1.04715000E+02 riv
  1 1818 1.05715000E+02 1.00000000E-03 1.04715000E+02 riv
  1 1821 1.05715000E+02 1.00000000E-03 1.04715000E+02 riv
  1 1823 1.05715000E+02 1.00000000E-03 1.04715000E+02 riv
  1 1824 1.05715000E+02 1.00000000E-03 1.04715000E+02 riv
  1 1823 1.05715000E+02 1.00000000E-03 1.04715000E+02 riv
  1 1838 1.05715000E+02 1.00000000E-03 1.04715000E+02 riv
  1 1839 1.05715000E+02 1.00000000E-03 1.04715000E+02 riv
  1 1832 1.05715000E+02 1.00000000E-03 1.04715000E+02 riv
  1 1838 1.05715000E+02 1.00000000E-03 1.04715000E+02 riv
  1 1840 1.05715000E+02 1.00000000E-03 1.04715000E+02 riv
  1 1832 1.05727000E+02 1.00000000E-03 1.04727000E+02 riv
  1 1834 1.05727000E+02 1.00000000E-03 1.04727000E+02 riv
  1 1835 1.05727000E+02 1.00000000E-03 1.04727000E+02 riv
  1 1834 1.05727000E+02 1.00000000E-03 1.04727000E+02 riv
  1 1836 1.05727000E+02 1.00000000E-03 1.04727000E+02 riv
  1 1946 1.05727000E+02 1.00000000E-03 1.04727000E+02 riv
  1 1943 1.05727000E+02 1.00000000E-03 1.04727000E+02 riv
  1 1945 1.05727000E+02 1.00000000E-03 1.04727000E+02 riv
  1 1946 1.05727000E+02 1.00000000E-03 1.04727000E+02 riv
  1 1945 1.05690000E+02 1.00000000E-03 1.04690000E+02 riv
  1 1951 1.05690000E+02 1.00000000E-03 1.04690000E+02 riv
  1 1953 1.05690000E+02 1.00000000E-03 1.04690000E+02 riv
  1 1953 1.05690000E+02 1.00000000E-03 1.04690000E+02 riv
  1 1959 1.05690000E+02 1.00000000E-03 1.04690000E+02 riv
  1 1960 1.05690000E+02 1.00000000E-03 1.04690000E+02 riv
  1 1960 1.05690000E+02 1.00000000E-03 1.04690000E+02 riv
  1 1962 1.05690000E+02 1.00000000E-03 1.04690000E+02 riv
  1 1965 1.05690000E+02 1.00000000E-03 1.04690000E+02 riv
  1 1965 1.05690000E+02 1.00000000E-03 1.04690000E+02 riv
  1 1968 1.05690000E+02 1.00000000E-03 1.04690000E+02 riv
  1 1970 1.05690000E+02 1.00000000E-03 1.04690000E+02 riv
  1 1970 1.05723000E+02 1.00000000E-03 1.04723000E+02 riv
  1 2065 1.05723000E+02 1.00000000E-03 1.04723000E+02 riv
  1 2067 1.05723000E+02 1.00000000E-03 1.04723000E+02 riv
  1 2067 1.05723000E+02 1.00000000E-03 1.04723000E+02 riv
  1 2068 1.05723000E+02 1.00000000E-03 1.04723000E+02 riv
  1 2071 1.05723000E+02 1.00000000E-03 1.04723000E+02 riv
  1 2071 1.05723000E+02 1.00000000E-03 1.04723000E+02 riv
  1 2073 1.05723000E+02 1.00000000E-03 1.04723000E+02 riv
  1 2078 1.05723000E+02 1.00000000E-03 1.04723000E+02 riv
  1 2085 1.05723000E+02 1.00000000E-03 1.04723000E+02 riv
  1 2085 1.05723000E+02 1.00000000E-03 1.04723000E+02 riv
  1 2086 1.05723000E+02 1.00000000E-03 1.04723000E+02 riv
  1 2088 1.05723000E+02 1.00000000E-03 1.04723000E+02 riv
  1 2088 1.05723000E+02 1.00000000E-03 1.04723000E+02 riv
  1 2091 1.05723000E+02 1.00000000E-03 1.04723000E+02 riv
  1 2094 1.05723000E+02 1.00000000E-03 1.04723000E+02 riv
  1 2094 1.05587000E+02 1.00000000E-03 1.04587000E+02 riv
  1 2096 1.05587000E+02 1.00000000E-03 1.04587000E+02 riv
  1 2097 1.05587000E+02 1.00000000E-03 1.04587000E+02 riv
  1 2189 1.05587000E+02 1.00000000E-03 1.04587000E+02 riv
  1 2189 1.05587000E+02 1.00000000E-03 1.04587000E+02 riv
  1 2191 1.05587000E+02 1.00000000E-03 1.04587000E+02 riv
  1 2198 1.05587000E+02 1.00000000E-03 1.04587000E+02 riv
  1 2198 1.05587000E+02 1.00000000E-03 1.04587000E+02 riv
  1 2201 1.05587000E+02 1.00000000E-03 1.04587000E+02 riv
  1 2202 1.05587000E+02 1.00000000E-03 1.04587000E+02 riv
  1 2202 1.05587000E+02 1.00000000E-03 1.04587000E+02 riv
  1 2204 1.05587000E+02 1.00000000E-03 1.04587000E+02 riv
  1 2207 1.05587000E+02 1.00000000E-03 1.04587000E+02 riv
  1 2207 1.05288000E+02 1.00000000E-03 1.04288000E+02 riv
  1 2214 1.05288000E+02 1.00000000E-03 1.04288000E+02 riv
  1 2215 1.05288000E+02 1.00000000E-03 1.04288000E+02 riv
  1 2217 1.05288000E+02 1.00000000E-03 1.04288000E+02 riv
  1 2217 1.05288000E+02 1.00000000E-03 1.04288000E+02 riv
  1 2220 1.05288000E+02 1.00000000E-03 1.04288000E+02 riv
  1 2220 1.05451000E+02 1.00000000E-03 1.04451000E+02 riv
  1 2222 1.05451000E+02 1.00000000E-03 1.04451000E+02 riv
  1 2317 1.05451000E+02 1.00000000E-03 1.04451000E+02 riv
  1 2317 1.05451000E+02 1.00000000E-03 1.04451000E+02 riv
  1 2319 1.05451000E+02 1.00000000E-03 1.04451000E+02 riv
  1 2319 1.05451000E+02 1.00000000E-03 1.04451000E+02 riv
  1 2322 1.05451000E+02 1.00000000E-03 1.04451000E+02 riv
  1 2324 1.05451000E+02 1.00000000E-03 1.04451000E+02 riv
  1 2324 1.05451000E+02 1.00000000E-03 1.04451000E+02 riv
  1 2331 1.05451000E+02 1.00000000E-03 1.04451000E+02 riv
  1 2331 1.05534000E+02 1.00000000E-03 1.04534000E+02 riv
  1 2333 1.05534000E+02 1.00000000E-03 1.04534000E+02 riv
  1 2335 1.05534000E+02 1.00000000E-03 1.04534000E+02 riv
  1 2336 1.05534000E+02 1.00000000E-03 1.04534000E+02 riv
  1 2335 1.05534000E+02 1.00000000E-03 1.04534000E+02 riv
  1 2337 1.05534000E+02 1.00000000E-03 1.04534000E+02 riv
  1 2432 1.05534000E+02 1.00000000E-03 1.04534000E+02 riv
  1 2432 1.05534000E+02 1.00000000E-03 1.04534000E+02 riv
  1 2434 1.05534000E+02 1.00000000E-03 1.04534000E+02 riv
  1 2434 1.05534000E+02 1.00000000E-03 1.04534000E+02 riv
  1 2437 1.05534000E+02 1.00000000E-03 1.04534000E+02 riv
  1 2438 1.05534000E+02 1.00000000E-03 1.04534000E+02 riv
  1 2440 1.05534000E+02 1.00000000E-03 1.04534000E+02 riv
  1 2440 1.05499000E+02 1.00000000E-03 1.04499000E+02 riv
  1 2447 1.05499000E+02 1.00000000E-03 1.04499000E+02 riv
  1 2447 1.05499000E+02 1.00000000E-03 1.04499000E+02 riv
  1 2449 1.05499000E+02 1.00000000E-03 1.04499000E+02 riv
  1 2452 1.05499000E+02 1.00000000E-03 1.04499000E+02 riv
  1 2452 1.05499000E+02 1.00000000E-03 1.04499000E+02 riv
  1 2454 1.05499000E+02 1.00000000E-03 1.04499000E+02 riv
  1 2549 1.05499000E+02 1.00000000E-03 1.04499000E+02 riv
  1 2549 1.05499000E+02 1.00000000E-03 1.04499000E+02 riv
  1 2551 1.05499000E+02 1.00000000E-03 1.04499000E+02 riv
  1 2551 1.05499000E+02 1.00000000E-03 1.04499000E+02 riv
  1 2554 1.05499000E+02 1.00000000E-03 1.04499000E+02 riv
  1 2555 1.05499000E+02 1.00000000E-03 1.04499000E+02 riv
  1 2556 1.05499000E+02 1.00000000E-03 1.04499000E+02 riv
  1 2555 1.05162000E+02 1.00000000E-03 1.04162000E+02 riv
  1 2562 1.05162000E+02 1.00000000E-03 1.04162000E+02 riv
  1 2562 1.05162000E+02 1.00000000E-03 1.04162000E+02 riv
  1 2564 1.05162000E+02 1.00000000E-03 1.04162000E+02 riv
  1 2567 1.05162000E+02 1.00000000E-03 1.04162000E+02 riv
  1 2567 1.05162000E+02 1.00000000E-03 1.04162000E+02 riv
  1 2569 1.05162000E+02 1.00000000E-03 1.04162000E+02 riv
  1 2569 1.05162000E+02 1.00000000E-03 1.04162000E+02 riv
  1 2664 1.05162000E+02 1.00000000E-03 1.04162000E+02 riv
  1 2665 1.05162000E+02 1.00000000E-03 1.04162000E+02 riv
  1 2667 1.05162000E+02 1.00000000E-03 1.04162000E+02 riv
  1 2667 1.05264000E+02 1.00000000E-03 1.04264000E+02 riv
  1 2670 1.05264000E+02 1.00000000E-03 1.04264000E+02 riv
  1 2670 1.05264000E+02 1.00000000E-03 1.04264000E+02 riv
  1 2672 1.05264000E+02 1.00000000E-03 1.04264000E+02 riv
  1 2677 1.05264000E+02 1.00000000E-03 1.04264000E+02 riv
  1 2684 1.05264000E+02 1.00000000E-03 1.04264000E+02 riv
  1 2684 1.05264000E+02 1.00000000E-03 1.04264000E+02 riv
  1 2685 1.05264000E+02 1.00000000E-03 1.04264000E+02 riv
  1 2688 1.05264000E+02 1.00000000E-03 1.04264000E+02 riv
  1 2690 1.05264000E+02 1.00000000E-03 1.04264000E+02 riv
  1 2690 1.05264000E+02 1.00000000E-03 1.04264000E+02 riv
  1 2691 1.05264000E+02 1.00000000E-03 1.04264000E+02 riv
  1 2694 1.05264000E+02 1.00000000E-03 1.04264000E+02 riv
  1 2694 1.04966000E+02 1.00000000E-03 1.03966000E+02 riv
  1 2701 1.04966000E+02 1.00000000E-03 1.03966000E+02 riv
  1 2701 1.04966000E+02 1.00000000E-03 1.03966000E+02 riv
  1 2703 1.04966000E+02 1.00000000E-03 1.03966000E+02 riv
  1 2704 1.04966000E+02 1.00000000E-03 1.03966000E+02 riv
  1 2707 1.04966000E+02 1.00000000E-03 1.03966000E+02 riv
  1 2707 1.04966000E+02 1.00000000E-03 1.03966000E+02 riv
  1 2805 1.04966000E+02 1.00000000E-03 1.03966000E+02 riv
  1 2806 1.04966000E+02 1.00000000E-03 1.03966000E+02 riv
  1 2806 1.04966000E+02 1.00000000E-03 1.03966000E+02 riv
  1 2808 1.04966000E+02 1.00000000E-03 1.03966000E+02 riv
  1 2813 1.04966000E+02 1.00000000E-03 1.03966000E+02 riv
  1 2816 1.04966000E+02 1.00000000E-03 1.03966000E+02 riv
  1 2816 1.04966000E+02 1.00000000E-03 1.03966000E+02 riv
  1 2818 1.04966000E+02 1.00000000E-03 1.03966000E+02 riv
  1 2819 1.04966000E+02 1.00000000E-03 1.03966000E+02 riv
  1 2819 1.05100000E+02 1.00000000E-03 1.04100000E+02 riv
  1 2826 1.05100000E+02 1.00000000E-03 1.04100000E+02 riv
  1 2829 1.05100000E+02 1.00000000E-03 1.04100000E+02 riv
  1 2829 1.05100000E+02 1.00000000E-03 1.04100000E+02 riv
  1 2831 1.05100000E+02 1.00000000E-03 1.04100000E+02 riv
  1 2832 1.05100000E+02 1.00000000E-03 1.04100000E+02 riv
  1 2832 1.05100000E+02 1.00000000E-03 1.04100000E+02 riv
  1 2835 1.05100000E+02 1.00000000E-03 1.04100000E+02 riv
  1 2837 1.05100000E+02 1.00000000E-03 1.04100000E+02 riv
  1 2844 1.05100000E+02 1.00000000E-03 1.04100000E+02 riv
  1 2844 1.05100000E+02 1.00000000E-03 1.04100000E+02 riv
  1 2936 1.05100000E+02 1.00000000E-03 1.04100000E+02 riv
  1 2936 1.05113000E+02 1.00000000E-03 1.04113000E+02 riv
  1 2938 1.05113000E+02 1.00000000E-03 1.04113000E+02 riv
  1 2939 1.05113000E+02 1.00000000E-03 1.04113000E+02 riv
  1 2942 1.05113000E+02 1.00000000E-03 1.04113000E+02 riv
  1 2942 1.05113000E+02 1.00000000E-03 1.04113000E+02 riv
  1 2944 1.05113000E+02 1.00000000E-03 1.04113000E+02 riv
  1 2947 1.05113000E+02 1.00000000E-03 1.04113000E+02 riv
  1 2947 1.05113000E+02 1.00000000E-03 1.04113000E+02 riv
  1 2954 1.05113000E+02 1.00000000E-03 1.04113000E+02 riv
  1 2956 1.05113000E+02 1.00000000E-03 1.04113000E+02 riv
  1 2956 1.05113000E+02 1.00000000E-03 1.04113000E+02 riv
  1 2959 1.05113000E+02 1.00000000E-03 1.04113000E+02 riv
  1 2960 1.05113000E+02 1.00000000E-03 1.04113000E+02 riv
  1 2960 1.05085000E+02 1.00000000E-03 1.04085000E+02 riv
  1 2962 1.05085000E+02 1.00000000E-03 1.04085000E+02 riv
  1 3057 1.05085000E+02 1.00000000E-03 1.04085000E+02 riv
  1 3057 1.05085000E+02 1.00000000E-03 1.04085000E+02 riv
  1 3059 1.05085000E+02 1.00000000E-03 1.04085000E+02 riv
  1 3059 1.05085000E+02 1.00000000E-03 1.04085000E+02 riv
  1 3062 1.05085000E+02 1.00000000E-03 1.04085000E+02 riv
  1 3064 1.05085000E+02 1.00000000E-03 1.04085000E+02 riv
  1 3064 1.05085000E+02 1.00000000E-03 1.04085000E+02 riv
  1 3071 1.05085000E+02 1.00000000E-03 1.04085000E+02 riv
  1 3071 1.05059000E+02 1.00000000E-03 1.04059000E+02 riv
  1 3072 1.05059000E+02 1.00000000E-03 1.04059000E+02 riv
  1 3073 1.05059000E+02 1.00000000E-03 1.04059000E+02 riv
  1 3075 1.05059000E+02 1.00000000E-03 1.04059000E+02 riv
  1 3075 1.05059000E+02 1.00000000E-03 1.04059000E+02 riv
  1 3077 1.05059000E+02 1.00000000E-03 1.04059000E+02 riv
  1 3077 1.05059000E+02 1.00000000E-03 1.04059000E+02 riv
  1 3241 1.05059000E+02 1.00000000E-03 1.04059000E+02 riv
  1 3243 1.05059000E+02 1.00000000E-03 1.04059000E+02 riv
  1 3244 1.05059000E+02 1.00000000E-03 1.04059000E+02 riv
  1 3243 1.05059000E+02 1.00000000E-03 1.04059000E+02 riv
  1 3248 1.05059000E+02 1.00000000E-03 1.04059000E+02 riv
  1 3249 1.05059000E+02 1.00000000E-03 1.04059000E+02 riv
  1 3219 1.05162000E+02 1.00000000E-03 1.04162000E+02 riv
  1 3229 1.05162000E+02 1.00000000E-03 1.04162000E+02 riv
  1 3248 1.05162000E+02 1.00000000E-03 1.04162000E+02 riv
  1 3250 1.05162000E+02 1.00000000E-03 1.04162000E+02 riv
  1 3229 1.05162000E+02 1.00000000E-03 1.04162000E+02 riv
  1 3231 1.05162000E+02 1.00000000E-03 1.04162000E+02 riv
  1 3230 1.05162000E+02 1.00000000E-03 1.04162000E+02 riv
  1 3231 1.05162000E+02 1.00000000E-03 1.04162000E+02 riv
  1 3233 1.05162000E+02 1.00000000E-03 1.04162000E+02 riv
  1 3236 1.05162000E+02 1.00000000E-03 1.04162000E+02 riv
  1 3232 1.05162000E+02 1.00000000E-03 1.04162000E+02 riv
  1 3233 1.05162000E+02 1.00000000E-03 1.04162000E+02 riv
  1 3234 1.05162000E+02 1.00000000E-03 1.04162000E+02 riv
  1 3226 1.04964000E+02 1.00000000E-03 1.03964000E+02 riv
  1 3234 1.04964000E+02 1.00000000E-03 1.03964000E+02 riv
  1 3423 1.04964000E+02 1.00000000E-03 1.03964000E+02 riv
  1 3419 1.04964000E+02 1.00000000E-03 1.03964000E+02 riv
  1 3422 1.04964000E+02 1.00000000E-03 1.03964000E+02 riv
  1 3423 1.04964000E+02 1.00000000E-03 1.03964000E+02 riv
  1 3419 1.04964000E+02 1.00000000E-03 1.03964000E+02 riv
  1 3421 1.04964000E+02 1.00000000E-03 1.03964000E+02 riv
  1 3426 1.04964000E+02 1.00000000E-03 1.03964000E+02 riv
  1 3427 1.04964000E+02 1.00000000E-03 1.03964000E+02 riv
  1 3426 1.04876000E+02 1.00000000E-03 1.03876000E+02 riv
  1 3428 1.04876000E+02 1.00000000E-03 1.03876000E+02 riv
  1 3410 1.04876000E+02 1.00000000E-03 1.03876000E+02 riv
  1 3412 1.04876000E+02 1.00000000E-03 1.03876000E+02 riv
  1 3428 1.04876000E+02 1.00000000E-03 1.03876000E+02 riv
  1 3435 1.04876000E+02 1.00000000E-03 1.03876000E+02 riv
  1 3412 1.04817000E+02 1.00000000E-03 1.03817000E+02 riv
  1 3415 1.04817000E+02 1.00000000E-03 1.03817000E+02 riv
  1 3415 1.04817000E+02 1.00000000E-03 1.03817000E+02 riv
  1 3417 1.04817000E+02 1.00000000E-03 1.03817000E+02 riv
  1 3442 1.04817000E+02 1.00000000E-03 1.03817000E+02 riv
  1 3442 1.05108000E+02 1.00000000E-03 1.04108000E+02 riv
  1 3675 1.05108000E+02 1.00000000E-03 1.04108000E+02 riv
  1 3676 1.05108000E+02 1.00000000E-03 1.04108000E+02 riv
  1 3679 1.05108000E+02 1.00000000E-03 1.04108000E+02 riv
  1 3679 1.05108000E+02 1.00000000E-03 1.04108000E+02 riv
  1 3680 1.05108000E+02 1.00000000E-03 1.04108000E+02 riv
  1 3682 1.05108000E+02 1.00000000E-03 1.04108000E+02 riv
  1 3682 1.05108000E+02 1.00000000E-03 1.04108000E+02 riv
  1 3687 1.05108000E+02 1.00000000E-03 1.04108000E+02 riv
  1 3688 1.05108000E+02 1.00000000E-03 1.04108000E+02 riv
  1 3688 1.05028000E+02 1.00000000E-03 1.04028000E+02 riv
  1 3691 1.05028000E+02 1.00000000E-03 1.04028000E+02 riv
  1 3691 1.05028000E+02 1.00000000E-03 1.04028000E+02 riv
  1 3692 1.05028000E+02 1.00000000E-03 1.04028000E+02 riv
  1 3699 1.05028000E+02 1.00000000E-03 1.04028000E+02 riv
  1 3699 1.05028000E+02 1.00000000E-03 1.04028000E+02 riv
  1 3700 1.05028000E+02 1.00000000E-03 1.04028000E+02 riv
  1 3705 1.05028000E+02 1.00000000E-03 1.04028000E+02 riv
  1 3706 1.05028000E+02 1.00000000E-03 1.04028000E+02 riv
  1 3700 1.05028000E+02 1.00000000E-03 1.04028000E+02 riv
  1 3703 1.05028000E+02 1.00000000E-03 1.04028000E+02 riv
  1 3704 1.05028000E+02 1.00000000E-03 1.04028000E+02 riv
  1 3704 1.04869000E+02 1.00000000E-03 1.03869000E+02 riv
  1 3712 1.04869000E+02 1.00000000E-03 1.03869000E+02 riv
  1 3713 1.04869000E+02 1.00000000E-03 1.03869000E+02 riv
  1 3713 1.04869000E+02 1.00000000E-03 1.03869000E+02 riv
  1 3716 1.04869000E+02 1.00000000E-03 1.03869000E+02 riv
  1 3716 1.04869000E+02 1.00000000E-03 1.03869000E+02 riv
  1 3717 1.04869000E+02 1.00000000E-03 1.03869000E+02 riv
  1 3720 1.04869000E+02 1.00000000E-03 1.03869000E+02 riv
  1 3736 1.04869000E+02 1.00000000E-03 1.03869000E+02 riv
  1 3736 1.04829000E+02 1.00000000E-03 1.03829000E+02 riv
  1 3737 1.04829000E+02 1.00000000E-03 1.03829000E+02 riv
  1 3737 1.04829000E+02 1.00000000E-03 1.03829000E+02 riv
  1 3740 1.04829000E+02 1.00000000E-03 1.03829000E+02 riv
  1 3741 1.04829000E+02 1.00000000E-03 1.03829000E+02 riv
  1 3735 1.04829000E+02 1.00000000E-03 1.03829000E+02 riv
  1 3741 1.04829000E+02 1.00000000E-03 1.03829000E+02 riv
  1 3746 1.04829000E+02 1.00000000E-03 1.03829000E+02 riv
  1 3747 1.04829000E+02 1.00000000E-03 1.03829000E+02 riv
  1 3747 1.04938000E+02 1.00000000E-03 1.03938000E+02 riv
  1 3750 1.04938000E+02 1.00000000E-03 1.03938000E+02 riv
  1 3750 1.04938000E+02 1.00000000E-03 1.03938000E+02 riv
  1 3751 1.04938000E+02 1.00000000E-03 1.03938000E+02 riv
  1 3761 1.04938000E+02 1.00000000E-03 1.03938000E+02 riv
  1 3759 1.04938000E+02 1.00000000E-03 1.03938000E+02 riv
  1 3760 1.04938000E+02 1.00000000E-03 1.03938000E+02 riv
  1 3761 1.04938000E+02 1.00000000E-03 1.03938000E+02 riv
  1 3476 1.04917000E+02 1.00000000E-03 1.03917000E+02 riv
  1 3477 1.04917000E+02 1.00000000E-03 1.03917000E+02 riv
  1 3760 1.04917000E+02 1.00000000E-03 1.03917000E+02 riv
  1 3763 1.04917000E+02 1.00000000E-03 1.03917000E+02 riv
  1 3477 1.04917000E+02 1.00000000E-03 1.03917000E+02 riv
  1 3482 1.04917000E+02 1.00000000E-03 1.03917000E+02 riv
  1 3482 1.04917000E+02 1.00000000E-03 1.03917000E+02 riv
  1 3483 1.04917000E+02 1.00000000E-03 1.03917000E+02 riv
  1 3486 1.04917000E+02 1.00000000E-03 1.03917000E+02 riv
  1 3486 1.04917000E+02 1.00000000E-03 1.03917000E+02 riv
  1 3487 1.04917000E+02 1.00000000E-03 1.03917000E+02 riv
  1 3487 1.04906000E+02 1.00000000E-03 1.03906000E+02 riv
  1 3492 1.04906000E+02 1.00000000E-03 1.03906000E+02 riv
  1 3493 1.04906000E+02 1.00000000E-03 1.03906000E+02 riv
  1 3494 1.04906000E+02 1.00000000E-03 1.03906000E+02 riv
  1 3493 1.04906000E+02 1.00000000E-03 1.03906000E+02 riv
  1 3496 1.04906000E+02 1.00000000E-03 1.03906000E+02 riv
  1 3497 1.04906000E+02 1.00000000E-03 1.03906000E+02 riv
  1 3497 1.04906000E+02 1.00000000E-03 1.03906000E+02 riv
  1 3502 1.04906000E+02 1.00000000E-03 1.03906000E+02 riv
  1 3502 1.04906000E+02 1.00000000E-03 1.03906000E+02 riv
  1 3503 1.04906000E+02 1.00000000E-03 1.03906000E+02 riv
  1 3506 1.04906000E+02 1.00000000E-03 1.03906000E+02 riv
  1 3506 1.04877000E+02 1.00000000E-03 1.03877000E+02 riv
  1 3508 1.04877000E+02 1.00000000E-03 1.03877000E+02 riv
  1 3509 1.04877000E+02 1.00000000E-03 1.03877000E+02 riv
  1 3509 1.04877000E+02 1.00000000E-03 1.03877000E+02 riv
  1 3516 1.04877000E+02 1.00000000E-03 1.03877000E+02 riv
  1 3517 1.04877000E+02 1.00000000E-03 1.03877000E+02 riv
  1 3517 1.04877000E+02 1.00000000E-03 1.03877000E+02 riv
  1 3520 1.04877000E+02 1.00000000E-03 1.03877000E+02 riv
  1 3786 1.04877000E+02 1.00000000E-03 1.03877000E+02 riv
  1 3786 1.04877000E+02 1.00000000E-03 1.03877000E+02 riv
  1 3787 1.04877000E+02 1.00000000E-03 1.03877000E+02 riv
  1 3792 1.04877000E+02 1.00000000E-03 1.03877000E+02 riv
  1 3792 1.04877000E+02 1.00000000E-03 1.03877000E+02 riv
  1 3794 1.04877000E+02 1.00000000E-03 1.03877000E+02 riv
  1 3795 1.04877000E+02 1.00000000E-03 1.03877000E+02 riv
  1 3795 1.04819000E+02 1.00000000E-03 1.03819000E+02 riv
  1 3798 1.04819000E+02 1.00000000E-03 1.03819000E+02 riv
  1 3801 1.04819000E+02 1.00000000E-03 1.03819000E+02 riv
  1 3802 1.04819000E+02 1.00000000E-03 1.03819000E+02 riv
  1 3802 1.04819000E+02 1.00000000E-03 1.03819000E+02 riv
  1 3812 1.04819000E+02 1.00000000E-03 1.03819000E+02 riv
  1 3812 1.04819000E+02 1.00000000E-03 1.03819000E+02 riv
  1 3814 1.04819000E+02 1.00000000E-03 1.03819000E+02 riv
  1 3815 1.04819000E+02 1.00000000E-03 1.03819000E+02 riv
  1 3815 1.04819000E+02 1.00000000E-03 1.03819000E+02 riv
  1 3822 1.04819000E+02 1.00000000E-03 1.03819000E+02 riv
  1 3825 1.04819000E+02 1.00000000E-03 1.03819000E+02 riv
  1 3826 1.04819000E+02 1.00000000E-03 1.03819000E+02 riv
  1 3826 1.04731000E+02 1.00000000E-03 1.03731000E+02 riv
  1 3828 1.04731000E+02 1.00000000E-03 1.03731000E+02 riv
  1 3833 1.04731000E+02 1.00000000E-03 1.03731000E+02 riv
  1 3833 1.04731000E+02 1.00000000E-03 1.03731000E+02 riv
  1 3836 1.04731000E+02 1.00000000E-03 1.03731000E+02 riv
  1 3837 1.04731000E+02 1.00000000E-03 1.03731000E+02 riv
  1 3837 1.04731000E+02 1.00000000E-03 1.03731000E+02 riv
  1 3840 1.04731000E+02 1.00000000E-03 1.03731000E+02 riv
  1 3842 1.04731000E+02 1.00000000E-03 1.03731000E+02 riv
  1 3842 1.04731000E+02 1.00000000E-03 1.03731000E+02 riv
  1 3843 1.04731000E+02 1.00000000E-03 1.03731000E+02 riv
  1 4016 1.04731000E+02 1.00000000E-03 1.03731000E+02 riv
  1 4023 1.04731000E+02 1.00000000E-03 1.03731000E+02 riv
  1 4023 1.04731000E+02 1.00000000E-03 1.03731000E+02 riv
  1 4025 1.04731000E+02 1.00000000E-03 1.03731000E+02 riv
  1 4026 1.04731000E+02 1.00000000E-03 1.03731000E+02 riv
  1 4026 1.04731000E+02 1.00000000E-03 1.03731000E+02 riv
  1 4029 1.04731000E+02 1.00000000E-03 1.03731000E+02 riv
  1 4032 1.04731000E+02 1.00000000E-03 1.03731000E+02 riv
  1 4032 1.04731000E+02 1.00000000E-03 1.03731000E+02 riv
  1 4033 1.04731000E+02 1.00000000E-03 1.03731000E+02 riv
  1 4035 1.04731000E+02 1.00000000E-03 1.03731000E+02 riv
  1 4040 1.04731000E+02 1.00000000E-03 1.03731000E+02 riv
  1 4040 1.04975000E+02 1.00000000E-03 1.03975000E+02 riv
  1 4047 1.04975000E+02 1.00000000E-03 1.03975000E+02 riv
  1 4048 1.04975000E+02 1.00000000E-03 1.03975000E+02 riv
  1 4048 1.04975000E+02 1.00000000E-03 1.03975000E+02 riv
  1 4051 1.04975000E+02 1.00000000E-03 1.03975000E+02 riv
  1 4053 1.04975000E+02 1.00000000E-03 1.03975000E+02 riv
  1 4053 1.04975000E+02 1.00000000E-03 1.03975000E+02 riv
  1 4054 1.04975000E+02 1.00000000E-03 1.03975000E+02 riv
  1 4057 1.04975000E+02 1.00000000E-03 1.03975000E+02 riv
  1 4064 1.04975000E+02 1.00000000E-03 1.03975000E+02 riv
  1 4064 1.04975000E+02 1.00000000E-03 1.03975000E+02 riv
  1 4065 1.04975000E+02 1.00000000E-03 1.03975000E+02 riv
  1 4067 1.04975000E+02 1.00000000E-03 1.03975000E+02 riv
  1 4067 1.04975000E+02 1.00000000E-03 1.03975000E+02 riv
  1 4070 1.04975000E+02 1.00000000E-03 1.03975000E+02 riv
  1 4252 1.04975000E+02 1.00000000E-03 1.03975000E+02 riv
  1 4252 1.04975000E+02 1.00000000E-03 1.03975000E+02 riv
  1 4253 1.04975000E+02 1.00000000E-03 1.03975000E+02 riv
  1 4255 1.04975000E+02 1.00000000E-03 1.03975000E+02 riv
  1 4255 1.04975000E+02 1.00000000E-03 1.03975000E+02 riv
  1 4260 1.04975000E+02 1.00000000E-03 1.03975000E+02 riv
  1 4263 1.04975000E+02 1.00000000E-03 1.03975000E+02 riv
  1 4263 1.04909000E+02 1.00000000E-03 1.03909000E+02 riv
  1 4264 1.04909000E+02 1.00000000E-03 1.03909000E+02 riv
  1 4266 1.04909000E+02 1.00000000E-03 1.03909000E+02 riv
  1 4266 1.04909000E+02 1.00000000E-03 1.03909000E+02 riv
  1 4269 1.04909000E+02 1.00000000E-03 1.03909000E+02 riv
  1 4273 1.04909000E+02 1.00000000E-03 1.03909000E+02 riv
  1 4274 1.04909000E+02 1.00000000E-03 1.03909000E+02 riv
  1 4274 1.04909000E+02 1.00000000E-03 1.03909000E+02 riv
  1 4276 1.04909000E+02 1.00000000E-03 1.03909000E+02 riv
  1 4286 1.04909000E+02 1.00000000E-03 1.03909000E+02 riv
  1 4286 1.04909000E+02 1.00000000E-03 1.03909000E+02 riv
  1 4289 1.04909000E+02 1.00000000E-03 1.03909000E+02 riv
  1 4290 1.04909000E+02 1.00000000E-03 1.03909000E+02 riv
  1 4290 1.04909000E+02 1.00000000E-03 1.03909000E+02 riv
  1 4292 1.04909000E+02 1.00000000E-03 1.03909000E+02 riv
  1 4295 1.04909000E+02 1.00000000E-03 1.03909000E+02 riv
  1 4480 1.04909000E+02 1.00000000E-03 1.03909000E+02 riv
  1 4480 1.04909000E+02 1.00000000E-03 1.03909000E+02 riv
  1 4482 1.04909000E+02 1.00000000E-03 1.03909000E+02 riv
  1 4483 1.04909000E+02 1.00000000E-03 1.03909000E+02 riv
  1 4483 1.04992000E+02 1.00000000E-03 1.03992000E+02 riv
  1 4486 1.04992000E+02 1.00000000E-03 1.03992000E+02 riv
  1 4491 1.04992000E+02 1.00000000E-03 1.03992000E+02 riv
  1 4491 1.04992000E+02 1.00000000E-03 1.03992000E+02 riv
  1 4493 1.04992000E+02 1.00000000E-03 1.03992000E+02 riv
  1 4494 1.04992000E+02 1.00000000E-03 1.03992000E+02 riv
  1 4501 1.04992000E+02 1.00000000E-03 1.03992000E+02 riv
  1 4501 1.04992000E+02 1.00000000E-03 1.03992000E+02 riv
  1 4503 1.04992000E+02 1.00000000E-03 1.03992000E+02 riv
  1 4503 1.04992000E+02 1.00000000E-03 1.03992000E+02 riv
  1 4506 1.04992000E+02 1.00000000E-03 1.03992000E+02 riv
  1 4509 1.04992000E+02 1.00000000E-03 1.03992000E+02 riv
  1 4511 1.04992000E+02 1.00000000E-03 1.03992000E+02 riv
  1 4511 1.05095000E+02 1.00000000E-03 1.04095000E+02 riv
  1 4702 1.05095000E+02 1.00000000E-03 1.04095000E+02 riv
  1 4703 1.05095000E+02 1.00000000E-03 1.04095000E+02 riv
  1 4703 1.05095000E+02 1.00000000E-03 1.04095000E+02 riv
  1 4705 1.05095000E+02 1.00000000E-03 1.04095000E+02 riv
  1 4705 1.05095000E+02 1.00000000E-03 1.04095000E+02 riv
  1 4708 1.05095000E+02 1.00000000E-03 1.04095000E+02 riv
  1 4718 1.05095000E+02 1.00000000E-03 1.04095000E+02 riv
  1 4720 1.05095000E+02 1.00000000E-03 1.04095000E+02 riv
  1 4720 1.05095000E+02 1.00000000E-03 1.04095000E+02 riv
  1 4724 1.05095000E+02 1.00000000E-03 1.04095000E+02 riv
  1 4726 1.05095000E+02 1.00000000E-03 1.04095000E+02 riv
  1 4726 1.05095000E+02 1.00000000E-03 1.04095000E+02 riv
  1 4729 1.05095000E+02 1.00000000E-03 1.04095000E+02 riv
  1 4729 1.04849000E+02 1.00000000E-03 1.03849000E+02 riv
  1 4730 1.04849000E+02 1.00000000E-03 1.03849000E+02 riv
  1 4732 1.04849000E+02 1.00000000E-03 1.03849000E+02 riv
  1 4932 1.04849000E+02 1.00000000E-03 1.03849000E+02 riv
  1 4932 1.04849000E+02 1.00000000E-03 1.03849000E+02 riv
  1 4934 1.04849000E+02 1.00000000E-03 1.03849000E+02 riv
  1 4934 1.04849000E+02 1.00000000E-03 1.03849000E+02 riv
  1 4937 1.04849000E+02 1.00000000E-03 1.03849000E+02 riv
  1 4939 1.04849000E+02 1.00000000E-03 1.03849000E+02 riv
  1 4939 1.04849000E+02 1.00000000E-03 1.03849000E+02 riv
  1 4943 1.04849000E+02 1.00000000E-03 1.03849000E+02 riv
  1 4943 1.04849000E+02 1.00000000E-03 1.03849000E+02 riv
  1 4944 1.04849000E+02 1.00000000E-03 1.03849000E+02 riv
  1 4945 1.04849000E+02 1.00000000E-03 1.03849000E+02 riv
  1 4947 1.04849000E+02 1.00000000E-03 1.03849000E+02 riv
  1 4947 1.04893000E+02 1.00000000E-03 1.03893000E+02 riv
  1 4949 1.04893000E+02 1.00000000E-03 1.03893000E+02 riv
  1 4949 1.04893000E+02 1.00000000E-03 1.03893000E+02 riv
  1 5210 1.04893000E+02 1.00000000E-03 1.03893000E+02 riv
  1 5233 1.04893000E+02 1.00000000E-03 1.03893000E+02 riv
  1 5235 1.04893000E+02 1.00000000E-03 1.03893000E+02 riv
  1 5210 1.04893000E+02 1.00000000E-03 1.03893000E+02 riv
  1 5213 1.04893000E+02 1.00000000E-03 1.03893000E+02 riv
  1 5213 1.04893000E+02 1.00000000E-03 1.03893000E+02 riv
  1 5214 1.04893000E+02 1.00000000E-03 1.03893000E+02 riv
  1 5215 1.04893000E+02 1.00000000E-03 1.03893000E+02 riv
  1 5224 1.04893000E+02 1.00000000E-03 1.03893000E+02 riv
  1 5223 1.04893000E+02 1.00000000E-03 1.03893000E+02 riv
  1 5224 1.04893000E+02 1.00000000E-03 1.03893000E+02 riv
  1 5226 1.04893000E+02 1.00000000E-03 1.03893000E+02 riv
  1 5223 1.04717000E+02 1.00000000E-03 1.03717000E+02 riv
  1 5229 1.04717000E+02 1.00000000E-03 1.03717000E+02 riv
  1 5231 1.04717000E+02 1.00000000E-03 1.03717000E+02 riv
  1 5230 1.04717000E+02 1.00000000E-03 1.03717000E+02 riv
  1 5231 1.04717000E+02 1.00000000E-03 1.03717000E+02 riv
  1 5574 1.04717000E+02 1.00000000E-03 1.03717000E+02 riv
  1 5568 1.04717000E+02 1.00000000E-03 1.03717000E+02 riv
  1 5571 1.04717000E+02 1.00000000E-03 1.03717000E+02 riv
  1 5574 1.04717000E+02 1.00000000E-03 1.03717000E+02 riv
  1 5576 1.04717000E+02 1.00000000E-03 1.03717000E+02 riv
  1 5570 1.04717000E+02 1.00000000E-03 1.03717000E+02 riv
  1 5571 1.04717000E+02 1.00000000E-03 1.03717000E+02 riv
  1 5572 1.04717000E+02 1.00000000E-03 1.03717000E+02 riv
  1 5572 1.04717000E+02 1.00000000E-03 1.03717000E+02 riv
  1 5582 1.04717000E+02 1.00000000E-03 1.03717000E+02 riv
  1 5585 1.04717000E+02 1.00000000E-03 1.03717000E+02 riv
  1 5582 1.02851000E+02 1.00000000E-03 1.01851000E+02 riv
  1 5583 1.02851000E+02 1.00000000E-03 1.01851000E+02 riv
  1 5584 1.02851000E+02 1.00000000E-03 1.01851000E+02 riv
  1 5563 1.02851000E+02 1.00000000E-03 1.01851000E+02 riv
  1 5583 1.02851000E+02 1.00000000E-03 1.01851000E+02 riv
  1 5589 1.02851000E+02 1.00000000E-03 1.01851000E+02 riv
  1 5591 1.02851000E+02 1.00000000E-03 1.01851000E+02 riv
  1 5563 1.02851000E+02 1.00000000E-03 1.01851000E+02 riv
  1 5951 1.02851000E+02 1.00000000E-03 1.01851000E+02 riv
  1 5952 1.02851000E+02 1.00000000E-03 1.01851000E+02 riv
  1 5950 1.02851000E+02 1.00000000E-03 1.01851000E+02 riv
  1 5951 1.02851000E+02 1.00000000E-03 1.01851000E+02 riv
  1 5953 1.02851000E+02 1.00000000E-03 1.01851000E+02 riv
  1 5950 1.02851000E+02 1.00000000E-03 1.01851000E+02 riv
  1 5955 1.02851000E+02 1.00000000E-03 1.01851000E+02 riv
  1 5956 1.02851000E+02 1.00000000E-03 1.01851000E+02 riv
  1 5946 1.02851000E+02 1.00000000E-03 1.01851000E+02 riv
  1 5955 1.02851000E+02 1.00000000E-03 1.01851000E+02 riv
  1 5957 1.02851000E+02 1.00000000E-03 1.01851000E+02 riv
  1 5946 1.02854000E+02 1.00000000E-03 1.01854000E+02 riv
  1 5964 1.02854000E+02 1.00000000E-03 1.01854000E+02 riv
  1 5965 1.02854000E+02 1.00000000E-03 1.01854000E+02 riv
  1 5966 1.02854000E+02 1.00000000E-03 1.01854000E+02 riv
  1 5963 1.02854000E+02 1.00000000E-03 1.01854000E+02 riv
  1 5966 1.02854000E+02 1.00000000E-03 1.01854000E+02 riv
  1 5969 1.02854000E+02 1.00000000E-03 1.01854000E+02 riv
  1 5968 1.02854000E+02 1.00000000E-03 1.01854000E+02 riv
  1 5969 1.02854000E+02 1.00000000E-03 1.01854000E+02 riv
  1 5970 1.02854000E+02 1.00000000E-03 1.01854000E+02 riv
  1 5970 1.02854000E+02 1.00000000E-03 1.01854000E+02 riv
  1 6349 1.02854000E+02 1.00000000E-03 1.01854000E+02 riv
  1 6374 1.02854000E+02 1.00000000E-03 1.01854000E+02 riv
  1 6349 1.02737000E+02 1.00000000E-03 1.01737000E+02 riv
  1 6351 1.02737000E+02 1.00000000E-03 1.01737000E+02 riv
  1 6353 1.02737000E+02 1.00000000E-03 1.01737000E+02 riv
  1 6354 1.02737000E+02 1.00000000E-03 1.01737000E+02 riv
  1 6353 1.02737000E+02 1.00000000E-03 1.01737000E+02 riv
  1 6355 1.02737000E+02 1.00000000E-03 1.01737000E+02 riv
  1 6355 1.02737000E+02 1.00000000E-03 1.01737000E+02 riv
  1 6362 1.02737000E+02 1.00000000E-03 1.01737000E+02 riv
  1 6364 1.02737000E+02 1.00000000E-03 1.01737000E+02 riv
  1 6365 1.02737000E+02 1.00000000E-03 1.01737000E+02 riv
  1 6364 1.02737000E+02 1.00000000E-03 1.01737000E+02 riv
  1 6369 1.02737000E+02 1.00000000E-03 1.01737000E+02 riv
  1 6370 1.02737000E+02 1.00000000E-03 1.01737000E+02 riv
  1 6369 1.02737000E+02 1.00000000E-03 1.01737000E+02 riv
  1 6371 1.02737000E+02 1.00000000E-03 1.01737000E+02 riv
  1 6796 1.02737000E+02 1.00000000E-03 1.01737000E+02 riv
  1 6796 1.02737000E+02 1.00000000E-03 1.01737000E+02 riv
  1 6798 1.02737000E+02 1.00000000E-03 1.01737000E+02 riv
  1 6790 1.02663000E+02 1.00000000E-03 1.01663000E+02 riv
  1 6793 1.02663000E+02 1.00000000E-03 1.01663000E+02 riv
  1 6795 1.02663000E+02 1.00000000E-03 1.01663000E+02 riv
  1 6798 1.02663000E+02 1.00000000E-03 1.01663000E+02 riv
  1 6795 1.02663000E+02 1.00000000E-03 1.01663000E+02 riv
  1 6805 1.02663000E+02 1.00000000E-03 1.01663000E+02 riv
  1 6804 1.02663000E+02 1.00000000E-03 1.01663000E+02 riv
  1 6805 1.02663000E+02 1.00000000E-03 1.01663000E+02 riv
  1 6806 1.02663000E+02 1.00000000E-03 1.01663000E+02 riv
  1 6809 1.02663000E+02 1.00000000E-03 1.01663000E+02 riv
  1 6809 1.02663000E+02 1.00000000E-03 1.01663000E+02 riv
  1 6811 1.02663000E+02 1.00000000E-03 1.01663000E+02 riv
  1 6811 1.02663000E+02 1.00000000E-03 1.01663000E+02 riv
  1 7242 1.02663000E+02 1.00000000E-03 1.01663000E+02 riv
  1 7244 1.02663000E+02 1.00000000E-03 1.01663000E+02 riv
  1 7245 1.02663000E+02 1.00000000E-03 1.01663000E+02 riv
  1 7244 1.02663000E+02 1.00000000E-03 1.01663000E+02 riv
  1 7250 1.02663000E+02 1.00000000E-03 1.01663000E+02 riv
  1 7250 1.02598000E+02 1.00000000E-03 1.01598000E+02 riv
  1 7252 1.02598000E+02 1.00000000E-03 1.01598000E+02 riv
  1 7259 1.02598000E+02 1.00000000E-03 1.01598000E+02 riv
  1 7258 1.02598000E+02 1.00000000E-03 1.01598000E+02 riv
  1 7259 1.02598000E+02 1.00000000E-03 1.01598000E+02 riv
  1 7260 1.02598000E+02 1.00000000E-03 1.01598000E+02 riv
  1 7263 1.02598000E+02 1.00000000E-03 1.01598000E+02 riv
  1 7263 1.02598000E+02 1.00000000E-03 1.01598000E+02 riv
  1 7265 1.02598000E+02 1.00000000E-03 1.01598000E+02 riv
  1 7265 1.02598000E+02 1.00000000E-03 1.01598000E+02 riv
  1 7702 1.02598000E+02 1.00000000E-03 1.01598000E+02 riv
  1 7704 1.02598000E+02 1.00000000E-03 1.01598000E+02 riv
  1 7704 1.02598000E+02 1.00000000E-03 1.01598000E+02 riv
  1 7707 1.02598000E+02 1.00000000E-03 1.01598000E+02 riv
  1 7707 1.02501000E+02 1.00000000E-03 1.01501000E+02 riv
  1 7709 1.02501000E+02 1.00000000E-03 1.01501000E+02 riv
  1 7713 1.02501000E+02 1.00000000E-03 1.01501000E+02 riv
  1 7713 1.02501000E+02 1.00000000E-03 1.01501000E+02 riv
  1 7715 1.02501000E+02 1.00000000E-03 1.01501000E+02 riv
  1 7716 1.02501000E+02 1.00000000E-03 1.01501000E+02 riv
  1 7716 1.02501000E+02 1.00000000E-03 1.01501000E+02 riv
  1 7719 1.02501000E+02 1.00000000E-03 1.01501000E+02 riv
  1 7721 1.02501000E+02 1.00000000E-03 1.01501000E+02 riv
  1 7721 1.02501000E+02 1.00000000E-03 1.01501000E+02 riv
  1 8191 1.02501000E+02 1.00000000E-03 1.01501000E+02 riv
  1 8193 1.02501000E+02 1.00000000E-03 1.01501000E+02 riv
  1 8193 1.02583000E+02 1.00000000E-03 1.01583000E+02 riv
  1 8196 1.02583000E+02 1.00000000E-03 1.01583000E+02 riv
  1 8196 1.02583000E+02 1.00000000E-03 1.01583000E+02 riv
  1 8198 1.02583000E+02 1.00000000E-03 1.01583000E+02 riv
  1 8202 1.02583000E+02 1.00000000E-03 1.01583000E+02 riv
  1 8202 1.02583000E+02 1.00000000E-03 1.01583000E+02 riv
  1 8204 1.02583000E+02 1.00000000E-03 1.01583000E+02 riv
  1 8204 1.02507000E+02 1.00000000E-03 1.01507000E+02 riv
  1 8206 1.02507000E+02 1.00000000E-03 1.01507000E+02 riv
  1 8207 1.02507000E+02 1.00000000E-03 1.01507000E+02 riv
  1 8208 1.02507000E+02 1.00000000E-03 1.01507000E+02 riv
  1 8208 1.02507000E+02 1.00000000E-03 1.01507000E+02 riv
  1 8732 1.02507000E+02 1.00000000E-03 1.01507000E+02 riv
  1 8734 1.02507000E+02 1.00000000E-03 1.01507000E+02 riv
  1 8734 1.02507000E+02 1.00000000E-03 1.01507000E+02 riv
  1 8737 1.02507000E+02 1.00000000E-03 1.01507000E+02 riv
  1 8712 1.02507000E+02 1.00000000E-03 1.01507000E+02 riv
  1 8714 1.02507000E+02 1.00000000E-03 1.01507000E+02 riv
  1 8721 1.02507000E+02 1.00000000E-03 1.01507000E+02 riv
  1 8737 1.02507000E+02 1.00000000E-03 1.01507000E+02 riv
  1 8720 1.02507000E+02 1.00000000E-03 1.01507000E+02 riv
  1 8721 1.02507000E+02 1.00000000E-03 1.01507000E+02 riv
  1 8722 1.02507000E+02 1.00000000E-03 1.01507000E+02 riv
  1 8722 1.02380000E+02 1.00000000E-03 1.01380000E+02 riv
  1 8725 1.02380000E+02 1.00000000E-03 1.01380000E+02 riv
  1 8728 1.02380000E+02 1.00000000E-03 1.01380000E+02 riv
  1 8725 1.02380000E+02 1.00000000E-03 1.01380000E+02 riv
  1 8727 1.02380000E+02 1.00000000E-03 1.01380000E+02 riv
  1 9269 1.02380000E+02 1.00000000E-03 1.01380000E+02 riv
  1 9268 1.02380000E+02 1.00000000E-03 1.01380000E+02 riv
  1 9269 1.02380000E+02 1.00000000E-03 1.01380000E+02 riv
  1 9270 1.02380000E+02 1.00000000E-03 1.01380000E+02 riv
  1 9270 1.02380000E+02 1.00000000E-03 1.01380000E+02 riv
  1 9273 1.02380000E+02 1.00000000E-03 1.01380000E+02 riv
  1 9275 1.02380000E+02 1.00000000E-03 1.01380000E+02 riv
  1 9267 1.02380000E+02 1.00000000E-03 1.01380000E+02 riv
  1 9275 1.02380000E+02 1.00000000E-03 1.01380000E+02 riv
  1 9280 1.02380000E+02 1.00000000E-03 1.01380000E+02 riv
  1 9280 1.02380000E+02 1.00000000E-03 1.01380000E+02 riv
  1 9282 1.02380000E+02 1.00000000E-03 1.01380000E+02 riv
  1 9284 1.02380000E+02 1.00000000E-03 1.01380000E+02 riv
  1 9285 1.02380000E+02 1.00000000E-03 1.01380000E+02 riv
  1 9284 1.02566000E+02 1.00000000E-03 1.01566000E+02 riv
  1 9286 1.02566000E+02 1.00000000E-03 1.01566000E+02 riv
  1 9286 1.02566000E+02 1.00000000E-03 1.01566000E+02 riv
  1 9836 1.02566000E+02 1.00000000E-03 1.01566000E+02 riv
  1 9837 1.02566000E+02 1.00000000E-03 1.01566000E+02 riv
  1 9839 1.02566000E+02 1.00000000E-03 1.01566000E+02 riv
  1 9836 1.02566000E+02 1.00000000E-03 1.01566000E+02 riv
  1 9842 1.02566000E+02 1.00000000E-03 1.01566000E+02 riv
  1 9842 1.02566000E+02 1.00000000E-03 1.01566000E+02 riv
  1 9843 1.02566000E+02 1.00000000E-03 1.01566000E+02 riv
  1 9844 1.02566000E+02 1.00000000E-03 1.01566000E+02 riv
  1 9850 1.02566000E+02 1.00000000E-03 1.01566000E+02 riv
  1 9850 1.02566000E+02 1.00000000E-03 1.01566000E+02 riv
  1 9852 1.02566000E+02 1.00000000E-03 1.01566000E+02 riv
  1 9830 1.02566000E+02 1.00000000E-03 1.01566000E+02 riv
  1 9832 1.02566000E+02 1.00000000E-03 1.01566000E+02 riv
  1 9852 1.02566000E+02 1.00000000E-03 1.01566000E+02 riv
  1 9855 1.02566000E+02 1.00000000E-03 1.01566000E+02 riv
  1 9832 1.02566000E+02 1.00000000E-03 1.01566000E+02 riv
  1 10395 1.02566000E+02 1.00000000E-03 1.01566000E+02 riv
  1 10395 1.02423000E+02 1.00000000E-03 1.01423000E+02 riv
  1 10396 1.02423000E+02 1.00000000E-03 1.01423000E+02 riv
  1 10397 1.02423000E+02 1.00000000E-03 1.01423000E+02 riv
  1 10399 1.02423000E+02 1.00000000E-03 1.01423000E+02 riv
  1 10399 1.02423000E+02 1.00000000E-03 1.01423000E+02 riv
  1 10401 1.02423000E+02 1.00000000E-03 1.01423000E+02 riv
  1 10401 1.02423000E+02 1.00000000E-03 1.01423000E+02 riv
  1 10408 1.02423000E+02 1.00000000E-03 1.01423000E+02 riv
  1 10410 1.02423000E+02 1.00000000E-03 1.01423000E+02 riv
  1 10411 1.02423000E+02 1.00000000E-03 1.01423000E+02 riv
  1 10410 1.02423000E+02 1.00000000E-03 1.01423000E+02 riv
  1 10416 1.02423000E+02 1.00000000E-03 1.01423000E+02 riv
  1 10416 1.02423000E+02 1.00000000E-03 1.01423000E+02 riv
  1 10417 1.02423000E+02 1.00000000E-03 1.01423000E+02 riv
  1 10418 1.02423000E+02 1.00000000E-03 1.01423000E+02 riv
  1 10974 1.02423000E+02 1.00000000E-03 1.01423000E+02 riv
  1 10968 1.02423000E+02 1.00000000E-03 1.01423000E+02 riv
  1 10974 1.02423000E+02 1.00000000E-03 1.01423000E+02 riv
  1 10976 1.02423000E+02 1.00000000E-03 1.01423000E+02 riv
  1 10968 1.02423000E+02 1.00000000E-03 1.01423000E+02 riv
  1 10971 1.02423000E+02 1.00000000E-03 1.01423000E+02 riv
  1 10973 1.02423000E+02 1.00000000E-03 1.01423000E+02 riv
  1 10972 1.02427000E+02 1.00000000E-03 1.01427000E+02 riv
  1 10973 1.02427000E+02 1.00000000E-03 1.01427000E+02 riv
  1 10985 1.02427000E+02 1.00000000E-03 1.01427000E+02 riv
  1 10984 1.02427000E+02 1.00000000E-03 1.01427000E+02 riv
  1 10985 1.02427000E+02 1.00000000E-03 1.01427000E+02 riv
  1 10987 1.02427000E+02 1.00000000E-03 1.01427000E+02 riv
  1 10990 1.02427000E+02 1.00000000E-03 1.01427000E+02 riv
  1 10990 1.02427000E+02 1.00000000E-03 1.01427000E+02 riv
  1 10992 1.02427000E+02 1.00000000E-03 1.01427000E+02 riv
  1 10992 1.02427000E+02 1.00000000E-03 1.01427000E+02 riv
  1 11533 1.02427000E+02 1.00000000E-03 1.01427000E+02 riv
  1 11534 1.02427000E+02 1.00000000E-03 1.01427000E+02 riv
  1 11535 1.02427000E+02 1.00000000E-03 1.01427000E+02 riv
  1 11535 1.02427000E+02 1.00000000E-03 1.01427000E+02 riv
  1 11538 1.02427000E+02 1.00000000E-03 1.01427000E+02 riv
  1 11538 1.02427000E+02 1.00000000E-03 1.01427000E+02 riv
  1 11540 1.02427000E+02 1.00000000E-03 1.01427000E+02 riv
  1 11544 1.02427000E+02 1.00000000E-03 1.01427000E+02 riv
  1 11544 1.02691000E+02 1.00000000E-03 1.01691000E+02 riv
  1 11546 1.02691000E+02 1.00000000E-03 1.01691000E+02 riv
  1 11546 1.02691000E+02 1.00000000E-03 1.01691000E+02 riv
  1 11549 1.02691000E+02 1.00000000E-03 1.01691000E+02 riv
  1 11551 1.02691000E+02 1.00000000E-03 1.01691000E+02 riv
  1 11551 1.02691000E+02 1.00000000E-03 1.01691000E+02 riv
  1 12080 1.02691000E+02 1.00000000E-03 1.01691000E+02 riv
  1 12082 1.02691000E+02 1.00000000E-03 1.01691000E+02 riv
  1 12105 1.02691000E+02 1.00000000E-03 1.01691000E+02 riv
  1 12082 1.02691000E+02 1.00000000E-03 1.01691000E+02 riv
  1 12085 1.02691000E+02 1.00000000E-03 1.01691000E+02 riv
  1 12085 1.02354000E+02 1.00000000E-03 1.01354000E+02 riv
  1 12086 1.02354000E+02 1.00000000E-03 1.01354000E+02 riv
  1 12087 1.02354000E+02 1.00000000E-03 1.01354000E+02 riv
  1 12093 1.02354000E+02 1.00000000E-03 1.01354000E+02 riv
  1 12093 1.02354000E+02 1.00000000E-03 1.01354000E+02 riv
  1 12095 1.02354000E+02 1.00000000E-03 1.01354000E+02 riv
  1 12095 1.02354000E+02 1.00000000E-03 1.01354000E+02 riv
  1 12098 1.02354000E+02 1.00000000E-03 1.01354000E+02 riv
  1 12100 1.02354000E+02 1.00000000E-03 1.01354000E+02 riv
  1 12101 1.02354000E+02 1.00000000E-03 1.01354000E+02 riv
  1 12100 1.02517000E+02 1.00000000E-03 1.01517000E+02 riv
  1 12638 1.02517000E+02 1.00000000E-03 1.01517000E+02 riv
  1 12639 1.02517000E+02 1.00000000E-03 1.01517000E+02 riv
  1 12638 1.02517000E+02 1.00000000E-03 1.01517000E+02 riv
  1 12640 1.02517000E+02 1.00000000E-03 1.01517000E+02 riv
  1 12643 1.02517000E+02 1.00000000E-03 1.01517000E+02 riv
  1 12635 1.02517000E+02 1.00000000E-03 1.01517000E+02 riv
  1 12637 1.02517000E+02 1.00000000E-03 1.01517000E+02 riv
  1 12643 1.02517000E+02 1.00000000E-03 1.01517000E+02 riv
  1 12637 1.02517000E+02 1.00000000E-03 1.01517000E+02 riv
  1 12650 1.02517000E+02 1.00000000E-03 1.01517000E+02 riv
  1 12650 1.02430000E+02 1.00000000E-03 1.01430000E+02 riv
  1 12651 1.02430000E+02 1.00000000E-03 1.01430000E+02 riv
  1 12652 1.02430000E+02 1.00000000E-03 1.01430000E+02 riv
  1 12657 1.02430000E+02 1.00000000E-03 1.01430000E+02 riv
  1 12656 1.02430000E+02 1.00000000E-03 1.01430000E+02 riv
  1 12657 1.02430000E+02 1.00000000E-03 1.01430000E+02 riv
  1 12659 1.02430000E+02 1.00000000E-03 1.01430000E+02 riv
  1 12656 1.02430000E+02 1.00000000E-03 1.01430000E+02 riv
  1 13180 1.02430000E+02 1.00000000E-03 1.01430000E+02 riv
  1 13182 1.02430000E+02 1.00000000E-03 1.01430000E+02 riv
  1 13182 1.02430000E+02 1.00000000E-03 1.01430000E+02 riv
  1 13185 1.02430000E+02 1.00000000E-03 1.01430000E+02 riv
  1 13187 1.02430000E+02 1.00000000E-03 1.01430000E+02 riv
  1 13186 1.02430000E+02 1.00000000E-03 1.01430000E+02 riv
  1 13187 1.02430000E+02 1.00000000E-03 1.01430000E+02 riv
  1 13190 1.02430000E+02 1.00000000E-03 1.01430000E+02 riv
  1 13190 1.02345000E+02 1.00000000E-03 1.01345000E+02 riv
  1 13192 1.02345000E+02 1.00000000E-03 1.01345000E+02 riv
  1 13195 1.02345000E+02 1.00000000E-03 1.01345000E+02 riv
  1 13195 1.02345000E+02 1.00000000E-03 1.01345000E+02 riv
  1 13197 1.02345000E+02 1.00000000E-03 1.01345000E+02 riv
  1 13197 1.02345000E+02 1.00000000E-03 1.01345000E+02 riv
  1 13712 1.02345000E+02 1.00000000E-03 1.01345000E+02 riv
  1 13714 1.02345000E+02 1.00000000E-03 1.01345000E+02 riv
  1 13714 1.02345000E+02 1.00000000E-03 1.01345000E+02 riv
  1 13717 1.02345000E+02 1.00000000E-03 1.01345000E+02 riv
  1 13700 1.02345000E+02 1.00000000E-03 1.01345000E+02 riv
  1 13704 1.02345000E+02 1.00000000E-03 1.01345000E+02 riv
  1 13717 1.02345000E+02 1.00000000E-03 1.01345000E+02 riv
  1 13719 1.02345000E+02 1.00000000E-03 1.01345000E+02 riv
  1 13704 1.02408000E+02 1.00000000E-03 1.01408000E+02 riv
  1 13706 1.02408000E+02 1.00000000E-03 1.01408000E+02 riv
  1 13709 1.02408000E+02 1.00000000E-03 1.01408000E+02 riv
  1 13709 1.02408000E+02 1.00000000E-03 1.01408000E+02 riv
  1 13711 1.02408000E+02 1.00000000E-03 1.01408000E+02 riv
  1 13711 1.02408000E+02 1.00000000E-03 1.01408000E+02 riv
  1 14208 1.02408000E+02 1.00000000E-03 1.01408000E+02 riv
  1 14210 1.02408000E+02 1.00000000E-03 1.01408000E+02 riv
  1 14210 1.02408000E+02 1.00000000E-03 1.01408000E+02 riv
  1 14213 1.02408000E+02 1.00000000E-03 1.01408000E+02 riv
  1 14213 1.02408000E+02 1.00000000E-03 1.01408000E+02 riv
  1 14215 1.02408000E+02 1.00000000E-03 1.01408000E+02 riv
  1 14219 1.02408000E+02 1.00000000E-03 1.01408000E+02 riv
  1 14219 1.02283000E+02 1.00000000E-03 1.01283000E+02 riv
  1 14221 1.02283000E+02 1.00000000E-03 1.01283000E+02 riv
  1 14224 1.02283000E+02 1.00000000E-03 1.01283000E+02 riv
  1 14224 1.02283000E+02 1.00000000E-03 1.01283000E+02 riv
  1 14226 1.02283000E+02 1.00000000E-03 1.01283000E+02 riv
  1 14226 1.02283000E+02 1.00000000E-03 1.01283000E+02 riv
  1 14699 1.02283000E+02 1.00000000E-03 1.01283000E+02 riv
  1 14701 1.02283000E+02 1.00000000E-03 1.01283000E+02 riv
  1 14701 1.02283000E+02 1.00000000E-03 1.01283000E+02 riv
  1 14704 1.02283000E+02 1.00000000E-03 1.01283000E+02 riv
  1 14704 1.02283000E+02 1.00000000E-03 1.01283000E+02 riv
  1 14706 1.02283000E+02 1.00000000E-03 1.01283000E+02 riv
  1 14716 1.02283000E+02 1.00000000E-03 1.01283000E+02 riv
  1 14720 1.02283000E+02 1.00000000E-03 1.01283000E+02 riv
  1 14720 1.02157000E+02 1.00000000E-03 1.01157000E+02 riv
  1 14722 1.02157000E+02 1.00000000E-03 1.01157000E+02 riv
  1 14722 1.02157000E+02 1.00000000E-03 1.01157000E+02 riv
  1 14725 1.02157000E+02 1.00000000E-03 1.01157000E+02 riv
  1 14726 1.02157000E+02 1.00000000E-03 1.01157000E+02 riv
  1 14728 1.02157000E+02 1.00000000E-03 1.01157000E+02 riv
  1 14728 1.02157000E+02 1.00000000E-03 1.01157000E+02 riv
  1 15186 1.02157000E+02 1.00000000E-03 1.01157000E+02 riv
  1 15186 1.02157000E+02 1.00000000E-03 1.01157000E+02 riv
  1 15188 1.02157000E+02 1.00000000E-03 1.01157000E+02 riv
  1 15191 1.02157000E+02 1.00000000E-03 1.01157000E+02 riv
  1 15191 1.02210000E+02 1.00000000E-03 1.01210000E+02 riv
  1 15193 1.02210000E+02 1.00000000E-03 1.01210000E+02 riv
  1 15197 1.02210000E+02 1.00000000E-03 1.01210000E+02 riv
  1 15197 1.02210000E+02 1.00000000E-03 1.01210000E+02 riv
  1 15199 1.02210000E+02 1.00000000E-03 1.01210000E+02 riv
  1 15199 1.02210000E+02 1.00000000E-03 1.01210000E+02 riv
  1 15202 1.02210000E+02 1.00000000E-03 1.01210000E+02 riv
  1 15204 1.02210000E+02 1.00000000E-03 1.01210000E+02 riv
  1 15204 1.02210000E+02 1.00000000E-03 1.01210000E+02 riv
  1 15650 1.02210000E+02 1.00000000E-03 1.01210000E+02 riv
  1 15650 1.02263000E+02 1.00000000E-03 1.01263000E+02 riv
  1 15652 1.02263000E+02 1.00000000E-03 1.01263000E+02 riv
  1 15655 1.02263000E+02 1.00000000E-03 1.01263000E+02 riv
  1 15655 1.02263000E+02 1.00000000E-03 1.01263000E+02 riv
  1 15657 1.02263000E+02 1.00000000E-03 1.01263000E+02 riv
  1 15661 1.02263000E+02 1.00000000E-03 1.01263000E+02 riv
  1 15661 1.02263000E+02 1.00000000E-03 1.01263000E+02 riv
  1 15662 1.02263000E+02 1.00000000E-03 1.01263000E+02 riv
  1 15663 1.02263000E+02 1.00000000E-03 1.01263000E+02 riv
  1 15662 1.02325000E+02 1.00000000E-03 1.01325000E+02 riv
  1 15665 1.02325000E+02 1.00000000E-03 1.01325000E+02 riv
  1 15667 1.02325000E+02 1.00000000E-03 1.01325000E+02 riv
  1 15647 1.02325000E+02 1.00000000E-03 1.01325000E+02 riv
  1 15648 1.02325000E+02 1.00000000E-03 1.01325000E+02 riv
  1 15667 1.02325000E+02 1.00000000E-03 1.01325000E+02 riv
  1 15647 1.02416000E+02 1.00000000E-03 1.01416000E+02 riv
  1 16093 1.02416000E+02 1.00000000E-03 1.01416000E+02 riv
  1 16096 1.02416000E+02 1.00000000E-03 1.01416000E+02 riv
  1 16092 1.02416000E+02 1.00000000E-03 1.01416000E+02 riv
  1 16093 1.02416000E+02 1.00000000E-03 1.01416000E+02 riv
  1 16094 1.02416000E+02 1.00000000E-03 1.01416000E+02 riv
  1 16089 1.02318000E+02 1.00000000E-03 1.01318000E+02 riv
  1 16091 1.02318000E+02 1.00000000E-03 1.01318000E+02 riv
  1 16094 1.02318000E+02 1.00000000E-03 1.01318000E+02 riv
  1 16100 1.02318000E+02 1.00000000E-03 1.01318000E+02 riv
  1 16091 1.02318000E+02 1.00000000E-03 1.01318000E+02 riv
  1 16107 1.02318000E+02 1.00000000E-03 1.01318000E+02 riv
  1 16107 1.02318000E+02 1.00000000E-03 1.01318000E+02 riv
  1 16109 1.02318000E+02 1.00000000E-03 1.01318000E+02 riv
  1 16111 1.02318000E+02 1.00000000E-03 1.01318000E+02 riv
  1 16112 1.02318000E+02 1.00000000E-03 1.01318000E+02 riv
  1 16111 1.02191000E+02 1.00000000E-03 1.01191000E+02 riv
  1 16113 1.02191000E+02 1.00000000E-03 1.01191000E+02 riv
  1 16113 1.02191000E+02 1.00000000E-03 1.01191000E+02 riv
  1 16523 1.02191000E+02 1.00000000E-03 1.01191000E+02 riv
  1 16525 1.02191000E+02 1.00000000E-03 1.01191000E+02 riv
  1 16525 1.02191000E+02 1.00000000E-03 1.01191000E+02 riv
  1 16528 1.02191000E+02 1.00000000E-03 1.01191000E+02 riv
  1 16530 1.02191000E+02 1.00000000E-03 1.01191000E+02 riv
  1 16530 1.02191000E+02 1.00000000E-03 1.01191000E+02 riv
  1 16537 1.02191000E+02 1.00000000E-03 1.01191000E+02 riv
  1 16540 1.02191000E+02 1.00000000E-03 1.01191000E+02 riv
  1 16537 1.02191000E+02 1.00000000E-03 1.01191000E+02 riv
  1 16539 1.02191000E+02 1.00000000E-03 1.01191000E+02 riv
  1 16545 1.02191000E+02 1.00000000E-03 1.01191000E+02 riv
  1 16545 1.02255000E+02 1.00000000E-03 1.01255000E+02 riv
  1 16547 1.02255000E+02 1.00000000E-03 1.01255000E+02 riv
  1 16547 1.02255000E+02 1.00000000E-03 1.01255000E+02 riv
  1 16938 1.02255000E+02 1.00000000E-03 1.01255000E+02 riv
  1 16939 1.02255000E+02 1.00000000E-03 1.01255000E+02 riv
  1 16940 1.02255000E+02 1.00000000E-03 1.01255000E+02 riv
  1 16940 1.02255000E+02 1.00000000E-03 1.01255000E+02 riv
  1 16943 1.02255000E+02 1.00000000E-03 1.01255000E+02 riv
  1 16943 1.02255000E+02 1.00000000E-03 1.01255000E+02 riv
  1 16945 1.02255000E+02 1.00000000E-03 1.01255000E+02 riv
  1 16949 1.02255000E+02 1.00000000E-03 1.01255000E+02 riv
  1 16935 1.02255000E+02 1.00000000E-03 1.01255000E+02 riv
  1 16949 1.02255000E+02 1.00000000E-03 1.01255000E+02 riv
  1 16951 1.02255000E+02 1.00000000E-03 1.01255000E+02 riv
  1 16954 1.02255000E+02 1.00000000E-03 1.01255000E+02 riv
  1 16935 1.02219000E+02 1.00000000E-03 1.01219000E+02 riv
  1 16937 1.02219000E+02 1.00000000E-03 1.01219000E+02 riv
  1 16937 1.02219000E+02 1.00000000E-03 1.01219000E+02 riv
  1 17296 1.02219000E+02 1.00000000E-03 1.01219000E+02 riv
  1 17298 1.02219000E+02 1.00000000E-03 1.01219000E+02 riv
  1 17298 1.02219000E+02 1.00000000E-03 1.01219000E+02 riv
  1 17301 1.02219000E+02 1.00000000E-03 1.01219000E+02 riv
  1 17301 1.00721000E+02 1.00000000E-03 9.97210000E+01 riv
  1 17303 1.00721000E+02 1.00000000E-03 9.97210000E+01 riv
  1 17316 1.00721000E+02 1.00000000E-03 9.97210000E+01 riv
  1 17320 1.00721000E+02 1.00000000E-03 9.97210000E+01 riv
  1 17320 1.00721000E+02 1.00000000E-03 9.97210000E+01 riv
  1 17322 1.00721000E+02 1.00000000E-03 9.97210000E+01 riv
  1 17309 1.00583000E+02 1.00000000E-03 9.95830000E+01 riv
  1 17311 1.00583000E+02 1.00000000E-03 9.95830000E+01 riv
  1 17322 1.00583000E+02 1.00000000E-03 9.95830000E+01 riv
  1 17325 1.00583000E+02 1.00000000E-03 9.95830000E+01 riv
  1 17311 1.00583000E+02 1.00000000E-03 9.95830000E+01 riv
  1 17607 1.00583000E+02 1.00000000E-03 9.95830000E+01 riv
  1 17609 1.00583000E+02 1.00000000E-03 9.95830000E+01 riv
  1 17609 1.00583000E+02 1.00000000E-03 9.95830000E+01 riv
  1 17619 1.00583000E+02 1.00000000E-03 9.95830000E+01 riv
  1 17622 1.00583000E+02 1.00000000E-03 9.95830000E+01 riv
  1 17622 1.00583000E+02 1.00000000E-03 9.95830000E+01 riv
  1 17624 1.00583000E+02 1.00000000E-03 9.95830000E+01 riv
  1 17628 1.00583000E+02 1.00000000E-03 9.95830000E+01 riv
  1 17628 1.00467000E+02 1.00000000E-03 9.94670000E+01 riv
  1 17630 1.00467000E+02 1.00000000E-03 9.94670000E+01 riv
  1 17630 1.00467000E+02 1.00000000E-03 9.94670000E+01 riv
  1 17633 1.00467000E+02 1.00000000E-03 9.94670000E+01 riv
  1 17635 1.00467000E+02 1.00000000E-03 9.94670000E+01 riv
  1 17635 1.00467000E+02 1.00000000E-03 9.94670000E+01 riv
  1 17636 1.00467000E+02 1.00000000E-03 9.94670000E+01 riv
  1 17854 1.00467000E+02 1.00000000E-03 9.94670000E+01 riv
  1 17854 1.00467000E+02 1.00000000E-03 9.94670000E+01 riv
  1 17856 1.00467000E+02 1.00000000E-03 9.94670000E+01 riv
  1 17859 1.00467000E+02 1.00000000E-03 9.94670000E+01 riv
  1 17859 1.00389000E+02 1.00000000E-03 9.93890000E+01 riv
  1 17861 1.00389000E+02 1.00000000E-03 9.93890000E+01 riv
  1 17865 1.00389000E+02 1.00000000E-03 9.93890000E+01 riv
  1 17868 1.00389000E+02 1.00000000E-03 9.93890000E+01 riv
  1 17865 1.00389000E+02 1.00000000E-03 9.93890000E+01 riv
  1 17867 1.00389000E+02 1.00000000E-03 9.93890000E+01 riv
  1 17868 1.00389000E+02 1.00000000E-03 9.93890000E+01 riv
  1 17867 1.00389000E+02 1.00000000E-03 9.93890000E+01 riv
  1 17873 1.00389000E+02 1.00000000E-03 9.93890000E+01 riv
  1 17875 1.00389000E+02 1.00000000E-03 9.93890000E+01 riv
  1 17875 1.00372000E+02 1.00000000E-03 9.93720000E+01 riv
  1 18066 1.00372000E+02 1.00000000E-03 9.93720000E+01 riv
  1 18066 1.00372000E+02 1.00000000E-03 9.93720000E+01 riv
  1 18068 1.00372000E+02 1.00000000E-03 9.93720000E+01 riv
  1 18071 1.00372000E+02 1.00000000E-03 9.93720000E+01 riv
  1 18074 1.00372000E+02 1.00000000E-03 9.93720000E+01 riv
  1 18074 1.00372000E+02 1.00000000E-03 9.93720000E+01 riv
  1 18076 1.00372000E+02 1.00000000E-03 9.93720000E+01 riv
  1 18083 1.00372000E+02 1.00000000E-03 9.93720000E+01 riv
  1 18083 1.00372000E+02 1.00000000E-03 9.93720000E+01 riv
  1 18085 1.00372000E+02 1.00000000E-03 9.93720000E+01 riv
  1 18085 1.00326000E+02 1.00000000E-03 9.93260000E+01 riv
  1 18088 1.00326000E+02 1.00000000E-03 9.93260000E+01 riv
  1 18090 1.00326000E+02 1.00000000E-03 9.93260000E+01 riv
  1 18090 1.00326000E+02 1.00000000E-03 9.93260000E+01 riv
  1 18269 1.00326000E+02 1.00000000E-03 9.93260000E+01 riv
  1 18270 1.00326000E+02 1.00000000E-03 9.93260000E+01 riv
  1 18270 1.00326000E+02 1.00000000E-03 9.93260000E+01 riv
  1 18272 1.00326000E+02 1.00000000E-03 9.93260000E+01 riv
  1 18275 1.00326000E+02 1.00000000E-03 9.93260000E+01 riv
  1 18275 1.00326000E+02 1.00000000E-03 9.93260000E+01 riv
  1 18277 1.00326000E+02 1.00000000E-03 9.93260000E+01 riv
  1 18282 1.00326000E+02 1.00000000E-03 9.93260000E+01 riv
  1 18282 1.00289000E+02 1.00000000E-03 9.92890000E+01 riv
  1 18289 1.00289000E+02 1.00000000E-03 9.92890000E+01 riv
  1 18290 1.00289000E+02 1.00000000E-03 9.92890000E+01 riv
  1 18292 1.00289000E+02 1.00000000E-03 9.92890000E+01 riv
  1 18292 1.00289000E+02 1.00000000E-03 9.92890000E+01 riv
  1 18295 1.00289000E+02 1.00000000E-03 9.92890000E+01 riv
  1 18295 1.00289000E+02 1.00000000E-03 9.92890000E+01 riv
  1 18298 1.00289000E+02 1.00000000E-03 9.92890000E+01 riv
  1 18300 1.00289000E+02 1.00000000E-03 9.92890000E+01 riv
  1 18300 1.00289000E+02 1.00000000E-03 9.92890000E+01 riv
  1 18301 1.00289000E+02 1.00000000E-03 9.92890000E+01 riv
  1 18462 1.00289000E+02 1.00000000E-03 9.92890000E+01 riv
  1 18469 1.00289000E+02 1.00000000E-03 9.92890000E+01 riv
  1 18469 1.00322000E+02 1.00000000E-03 9.93220000E+01 riv
  1 18471 1.00322000E+02 1.00000000E-03 9.93220000E+01 riv
  1 18474 1.00322000E+02 1.00000000E-03 9.93220000E+01 riv
  1 18475 1.00322000E+02 1.00000000E-03 9.93220000E+01 riv
  1 18475 1.00322000E+02 1.00000000E-03 9.93220000E+01 riv
  1 18477 1.00322000E+02 1.00000000E-03 9.93220000E+01 riv
  1 18480 1.00322000E+02 1.00000000E-03 9.93220000E+01 riv
  1 18480 1.00322000E+02 1.00000000E-03 9.93220000E+01 riv
  1 18487 1.00322000E+02 1.00000000E-03 9.93220000E+01 riv
  1 18487 1.00322000E+02 1.00000000E-03 9.93220000E+01 riv
  1 18488 1.00322000E+02 1.00000000E-03 9.93220000E+01 riv
  1 18490 1.00322000E+02 1.00000000E-03 9.93220000E+01 riv
  1 18493 1.00322000E+02 1.00000000E-03 9.93220000E+01 riv
  1 18493 1.00244000E+02 1.00000000E-03 9.92440000E+01 riv
  1 18498 1.00244000E+02 1.00000000E-03 9.92440000E+01 riv
  1 18500 1.00244000E+02 1.00000000E-03 9.92440000E+01 riv
  1 18500 1.00244000E+02 1.00000000E-03 9.92440000E+01 riv
  1 18658 1.00244000E+02 1.00000000E-03 9.92440000E+01 riv
  1 18659 1.00244000E+02 1.00000000E-03 9.92440000E+01 riv
  1 18659 1.00244000E+02 1.00000000E-03 9.92440000E+01 riv
  1 18661 1.00244000E+02 1.00000000E-03 9.92440000E+01 riv
  1 18664 1.00244000E+02 1.00000000E-03 9.92440000E+01 riv
  1 18664 1.00197000E+02 1.00000000E-03 9.91970000E+01 riv
  1 18666 1.00197000E+02 1.00000000E-03 9.91970000E+01 riv
  1 18673 1.00197000E+02 1.00000000E-03 9.91970000E+01 riv
  1 18673 1.00197000E+02 1.00000000E-03 9.91970000E+01 riv
  1 18675 1.00197000E+02 1.00000000E-03 9.91970000E+01 riv
  1 18678 1.00197000E+02 1.00000000E-03 9.91970000E+01 riv
  1 18678 1.00197000E+02 1.00000000E-03 9.91970000E+01 riv
  1 18681 1.00197000E+02 1.00000000E-03 9.91970000E+01 riv
  1 18683 1.00197000E+02 1.00000000E-03 9.91970000E+01 riv
  1 18683 1.00197000E+02 1.00000000E-03 9.91970000E+01 riv
  1 18829 1.00197000E+02 1.00000000E-03 9.91970000E+01 riv
  1 18829 1.00197000E+02 1.00000000E-03 9.91970000E+01 riv
  1 18831 1.00197000E+02 1.00000000E-03 9.91970000E+01 riv
  1 18832 1.00197000E+02 1.00000000E-03 9.91970000E+01 riv
  1 18835 1.00197000E+02 1.00000000E-03 9.91970000E+01 riv
  1 18835 1.00197000E+02 1.00000000E-03 9.91970000E+01 riv
  1 18837 1.00197000E+02 1.00000000E-03 9.91970000E+01 riv
  1 18837 1.00084000E+02 1.00000000E-03 9.90840000E+01 riv
  1 18841 1.00084000E+02 1.00000000E-03 9.90840000E+01 riv
  1 18843 1.00084000E+02 1.00000000E-03 9.90840000E+01 riv
  1 18843 1.00084000E+02 1.00000000E-03 9.90840000E+01 riv
  1 18846 1.00084000E+02 1.00000000E-03 9.90840000E+01 riv
  1 18856 1.00084000E+02 1.00000000E-03 9.90840000E+01 riv
  1 18856 1.00084000E+02 1.00000000E-03 9.90840000E+01 riv
  1 18858 1.00084000E+02 1.00000000E-03 9.90840000E+01 riv
  1 19001 1.00084000E+02 1.00000000E-03 9.90840000E+01 riv
  1 19001 1.00084000E+02 1.00000000E-03 9.90840000E+01 riv
  1 19003 1.00084000E+02 1.00000000E-03 9.90840000E+01 riv
  1 19006 1.00084000E+02 1.00000000E-03 9.90840000E+01 riv
  1 19006 1.00084000E+02 1.00000000E-03 9.90840000E+01 riv
  1 19007 1.00084000E+02 1.00000000E-03 9.90840000E+01 riv
  1 19009 1.00084000E+02 1.00000000E-03 9.90840000E+01 riv
  1 19009 1.00084000E+02 1.00000000E-03 9.90840000E+01 riv
  1 19013 1.00084000E+02 1.00000000E-03 9.90840000E+01 riv
  1 19015 1.00084000E+02 1.00000000E-03 9.90840000E+01 riv
  1 19015 1.00084000E+02 1.00000000E-03 9.90840000E+01 riv
  1 19018 1.00084000E+02 1.00000000E-03 9.90840000E+01 riv
  1 19021 1.00084000E+02 1.00000000E-03 9.90840000E+01 riv
  1 19021 1.00084000E+02 1.00000000E-03 9.90840000E+01 riv
  1 19023 1.00084000E+02 1.00000000E-03 9.90840000E+01 riv
  1 19154 1.00084000E+02 1.00000000E-03 9.90840000E+01 riv
  1 19154 1.00120000E+02 1.00000000E-03 9.91200000E+01 riv
  1 19155 1.00120000E+02 1.00000000E-03 9.91200000E+01 riv
  1 19157 1.00120000E+02 1.00000000E-03 9.91200000E+01 riv
  1 19157 1.00120000E+02 1.00000000E-03 9.91200000E+01 riv
  1 19160 1.00120000E+02 1.00000000E-03 9.91200000E+01 riv
  1 19162 1.00120000E+02 1.00000000E-03 9.91200000E+01 riv
  1 19162 1.00120000E+02 1.00000000E-03 9.91200000E+01 riv
  1 19167 1.00120000E+02 1.00000000E-03 9.91200000E+01 riv
  1 19174 1.00120000E+02 1.00000000E-03 9.91200000E+01 riv
  1 19174 1.00120000E+02 1.00000000E-03 9.91200000E+01 riv
  1 19176 1.00120000E+02 1.00000000E-03 9.91200000E+01 riv
  1 19179 1.00120000E+02 1.00000000E-03 9.91200000E+01 riv
  1 19179 1.00120000E+02 1.00000000E-03 9.91200000E+01 riv
  1 19181 1.00120000E+02 1.00000000E-03 9.91200000E+01 riv
  1 19182 1.00120000E+02 1.00000000E-03 9.91200000E+01 riv
  1 19182 1.00120000E+02 1.00000000E-03 9.91200000E+01 riv
  1 19292 1.00120000E+02 1.00000000E-03 9.91200000E+01 riv
  1 19294 1.00120000E+02 1.00000000E-03 9.91200000E+01 riv
  1 19294 1.00120000E+02 1.00000000E-03 9.91200000E+01 riv
  1 19297 1.00120000E+02 1.00000000E-03 9.91200000E+01 riv
  1 19297 1.00027000E+02 1.00000000E-03 9.90270000E+01 riv
  1 19299 1.00027000E+02 1.00000000E-03 9.90270000E+01 riv
  1 19302 1.00027000E+02 1.00000000E-03 9.90270000E+01 riv
  1 19306 1.00027000E+02 1.00000000E-03 9.90270000E+01 riv
  1 19306 1.00027000E+02 1.00000000E-03 9.90270000E+01 riv
  1 19308 1.00027000E+02 1.00000000E-03 9.90270000E+01 riv
  1 19311 1.00027000E+02 1.00000000E-03 9.90270000E+01 riv
  1 19311 1.00027000E+02 1.00000000E-03 9.90270000E+01 riv
  1 19313 1.00027000E+02 1.00000000E-03 9.90270000E+01 riv
  1 19313 1.00027000E+02 1.00000000E-03 9.90270000E+01 riv
  1 19408 1.00027000E+02 1.00000000E-03 9.90270000E+01 riv
  1 19409 1.00027000E+02 1.00000000E-03 9.90270000E+01 riv
  1 19411 1.00027000E+02 1.00000000E-03 9.90270000E+01 riv
  1 19411 1.00027000E+02 1.00000000E-03 9.90270000E+01 riv
  1 19414 1.00027000E+02 1.00000000E-03 9.90270000E+01 riv
  1 19414 1.00027000E+02 1.00000000E-03 9.90270000E+01 riv
  1 19416 1.00027000E+02 1.00000000E-03 9.90270000E+01 riv
  1 19426 1.00027000E+02 1.00000000E-03 9.90270000E+01 riv
  1 19430 1.00027000E+02 1.00000000E-03 9.90270000E+01 riv
  1 19430 1.00027000E+02 1.00000000E-03 9.90270000E+01 riv
  1 19432 1.00027000E+02 1.00000000E-03 9.90270000E+01 riv
  1 19432 1.00027000E+02 1.00000000E-03 9.90270000E+01 riv
  1 19435 1.00027000E+02 1.00000000E-03 9.90270000E+01 riv
  1 19437 1.00027000E+02 1.00000000E-03 9.90270000E+01 riv
  1 19438 1.00027000E+02 1.00000000E-03 9.90270000E+01 riv
  1 19438 1.00052000E+02 1.00000000E-03 9.90520000E+01 riv
  1 19530 1.00052000E+02 1.00000000E-03 9.90520000E+01 riv
  1 19530 1.00052000E+02 1.00000000E-03 9.90520000E+01 riv
  1 19532 1.00052000E+02 1.00000000E-03 9.90520000E+01 riv
  1 19535 1.00052000E+02 1.00000000E-03 9.90520000E+01 riv
  1 19535 1.00052000E+02 1.00000000E-03 9.90520000E+01 riv
  1 19538 1.00052000E+02 1.00000000E-03 9.90520000E+01 riv
  1 19540 1.00052000E+02 1.00000000E-03 9.90520000E+01 riv
  1 19540 1.00052000E+02 1.00000000E-03 9.90520000E+01 riv
  1 19547 1.00052000E+02 1.00000000E-03 9.90520000E+01 riv
  1 19549 1.00052000E+02 1.00000000E-03 9.90520000E+01 riv
  1 19549 1.00052000E+02 1.00000000E-03 9.90520000E+01 riv
  1 19550 1.00052000E+02 1.00000000E-03 9.90520000E+01 riv
  1 19553 1.00052000E+02 1.00000000E-03 9.90520000E+01 riv
  1 19555 1.00052000E+02 1.00000000E-03 9.90520000E+01 riv
  1 19555 1.00052000E+02 1.00000000E-03 9.90520000E+01 riv
  1 19650 1.00052000E+02 1.00000000E-03 9.90520000E+01 riv
  1 19650 9.99660000E+01 1.00000000E-03 9.89660000E+01 riv
  1 19652 9.99660000E+01 1.00000000E-03 9.89660000E+01 riv
  1 19657 9.99660000E+01 1.00000000E-03 9.89660000E+01 riv
  1 19660 9.99660000E+01 1.00000000E-03 9.89660000E+01 riv
  1 19660 9.99660000E+01 1.00000000E-03 9.89660000E+01 riv
  1 19662 9.99660000E+01 1.00000000E-03 9.89660000E+01 riv
  1 19662 9.99660000E+01 1.00000000E-03 9.89660000E+01 riv
  1 19669 9.99660000E+01 1.00000000E-03 9.89660000E+01 riv
  1 19670 9.99660000E+01 1.00000000E-03 9.89660000E+01 riv
  1 19672 9.99660000E+01 1.00000000E-03 9.89660000E+01 riv
  1 19672 9.99660000E+01 1.00000000E-03 9.89660000E+01 riv
  1 19675 9.99660000E+01 1.00000000E-03 9.89660000E+01 riv
  1 19675 9.99660000E+01 1.00000000E-03 9.89660000E+01 riv
  1 19677 9.99660000E+01 1.00000000E-03 9.89660000E+01 riv
  1 19772 9.99660000E+01 1.00000000E-03 9.89660000E+01 riv
  1 19772 9.99660000E+01 1.00000000E-03 9.89660000E+01 riv
  1 19775 9.99660000E+01 1.00000000E-03 9.89660000E+01 riv
  1 19777 9.99660000E+01 1.00000000E-03 9.89660000E+01 riv
  1 19777 9.99660000E+01 1.00000000E-03 9.89660000E+01 riv
  1 19780 9.99660000E+01 1.00000000E-03 9.89660000E+01 riv
  1 19782 9.99660000E+01 1.00000000E-03 9.89660000E+01 riv
  1 19782 9.99230000E+01 1.00000000E-03 9.89230000E+01 riv
  1 19786 9.99230000E+01 1.00000000E-03 9.89230000E+01 riv
  1 19786 9.99230000E+01 1.00000000E-03 9.89230000E+01 riv
  1 19788 9.99230000E+01 1.00000000E-03 9.89230000E+01 riv
  1 19789 9.99230000E+01 1.00000000E-03 9.89230000E+01 riv
  1 19792 9.99230000E+01 1.00000000E-03 9.89230000E+01 riv
  1 19792 9.99230000E+01 1.00000000E-03 9.89230000E+01 riv
  1 19794 9.99230000E+01 1.00000000E-03 9.89230000E+01 riv
  1 19889 9.99230000E+01 1.00000000E-03 9.89230000E+01 riv
  1 19889 9.99230000E+01 1.00000000E-03 9.89230000E+01 riv
  1 19891 9.99230000E+01 1.00000000E-03 9.89230000E+01 riv
  1 19901 9.99230000E+01 1.00000000E-03 9.89230000E+01 riv
  1 19901 9.99230000E+01 1.00000000E-03 9.89230000E+01 riv
  1 19904 9.99230000E+01 1.00000000E-03 9.89230000E+01 riv
  1 19906 9.99230000E+01 1.00000000E-03 9.89230000E+01 riv
  1 19906 9.99230000E+01 1.00000000E-03 9.89230000E+01 riv
  1 19910 9.99230000E+01 1.00000000E-03 9.89230000E+01 riv
  1 19910 9.99230000E+01 1.00000000E-03 9.89230000E+01 riv
  1 19912 9.99230000E+01 1.00000000E-03 9.89230000E+01 riv
  1 19915 9.99230000E+01 1.00000000E-03 9.89230000E+01 riv
  1 19915 9.98880000E+01 1.00000000E-03 9.88880000E+01 riv
  1 19917 9.98880000E+01 1.00000000E-03 9.88880000E+01 riv
  1 19917 9.98880000E+01 1.00000000E-03 9.88880000E+01 riv
  1 20012 9.98880000E+01 1.00000000E-03 9.88880000E+01 riv
  1 20013 9.98880000E+01 1.00000000E-03 9.88880000E+01 riv
  1 20015 9.98880000E+01 1.00000000E-03 9.88880000E+01 riv
  1 20015 9.98880000E+01 1.00000000E-03 9.88880000E+01 riv
  1 20018 9.98880000E+01 1.00000000E-03 9.88880000E+01 riv
  1 20020 9.98880000E+01 1.00000000E-03 9.88880000E+01 riv
  1 20020 9.98880000E+01 1.00000000E-03 9.88880000E+01 riv
  1 20024 9.98880000E+01 1.00000000E-03 9.88880000E+01 riv
  1 20024 9.98880000E+01 1.00000000E-03 9.88880000E+01 riv
  1 20026 9.98880000E+01 1.00000000E-03 9.88880000E+01 riv
  1 20029 9.98880000E+01 1.00000000E-03 9.88880000E+01 riv
  1 20029 9.98880000E+01 1.00000000E-03 9.88880000E+01 riv
  1 20031 9.98880000E+01 1.00000000E-03 9.88880000E+01 riv
  1 20031 9.98880000E+01 1.00000000E-03 9.88880000E+01 riv
  1 20123 9.98880000E+01 1.00000000E-03 9.88880000E+01 riv
  1 20125 9.98880000E+01 1.00000000E-03 9.88880000E+01 riv
  1 20125 9.98150000E+01 1.00000000E-03 9.88150000E+01 riv
  1 20128 9.98150000E+01 1.00000000E-03 9.88150000E+01 riv
  1 20130 9.98150000E+01 1.00000000E-03 9.88150000E+01 riv
  1 20130 9.98150000E+01 1.00000000E-03 9.88150000E+01 riv
  1 20133 9.98150000E+01 1.00000000E-03 9.88150000E+01 riv
  1 20140 9.98150000E+01 1.00000000E-03 9.88150000E+01 riv
  1 20140 9.98150000E+01 1.00000000E-03 9.88150000E+01 riv
  1 20142 9.98150000E+01 1.00000000E-03 9.88150000E+01 riv
  1 20145 9.98150000E+01 1.00000000E-03 9.88150000E+01 riv
  1 20145 9.98150000E+01 1.00000000E-03 9.88150000E+01 riv
  1 20147 9.98150000E+01 1.00000000E-03 9.88150000E+01 riv
  1 20147 9.98150000E+01 1.00000000E-03 9.88150000E+01 riv
  1 20242 9.98150000E+01 1.00000000E-03 9.88150000E+01 riv
  1 20244 9.98150000E+01 1.00000000E-03 9.88150000E+01 riv
  1 20244 9.98150000E+01 1.00000000E-03 9.88150000E+01 riv
  1 20247 9.98150000E+01 1.00000000E-03 9.88150000E+01 riv
  1 20249 9.98150000E+01 1.00000000E-03 9.88150000E+01 riv
  1 20249 9.98150000E+01 1.00000000E-03 9.88150000E+01 riv
  1 20256 9.98150000E+01 1.00000000E-03 9.88150000E+01 riv
  1 20256 9.98150000E+01 1.00000000E-03 9.88150000E+01 riv
  1 20258 9.98150000E+01 1.00000000E-03 9.88150000E+01 riv
  1 20261 9.98150000E+01 1.00000000E-03 9.88150000E+01 riv
  1 20261 9.98150000E+01 1.00000000E-03 9.88150000E+01 riv
  1 20263 9.98150000E+01 1.00000000E-03 9.88150000E+01 riv
  1 20263 9.98150000E+01 1.00000000E-03 9.88150000E+01 riv
  1 20358 9.98150000E+01 1.00000000E-03 9.88150000E+01 riv
  1 20360 9.98150000E+01 1.00000000E-03 9.88150000E+01 riv
  1 20360 9.97930000E+01 1.00000000E-03 9.87930000E+01 riv
  1 20363 9.97930000E+01 1.00000000E-03 9.87930000E+01 riv
  1 20365 9.97930000E+01 1.00000000E-03 9.87930000E+01 riv
  1 20365 9.97930000E+01 1.00000000E-03 9.87930000E+01 riv
  1 20372 9.97930000E+01 1.00000000E-03 9.87930000E+01 riv
  1 20372 9.97930000E+01 1.00000000E-03 9.87930000E+01 riv
  1 20374 9.97930000E+01 1.00000000E-03 9.87930000E+01 riv
  1 20377 9.97930000E+01 1.00000000E-03 9.87930000E+01 riv
  1 20377 9.97930000E+01 1.00000000E-03 9.87930000E+01 riv
  1 20379 9.97930000E+01 1.00000000E-03 9.87930000E+01 riv
  1 20379 9.97930000E+01 1.00000000E-03 9.87930000E+01 riv
  1 20474 9.97930000E+01 1.00000000E-03 9.87930000E+01 riv
  1 20476 9.97930000E+01 1.00000000E-03 9.87930000E+01 riv
  1 20476 9.97930000E+01 1.00000000E-03 9.87930000E+01 riv
  1 20479 9.97930000E+01 1.00000000E-03 9.87930000E+01 riv
  1 20481 9.97930000E+01 1.00000000E-03 9.87930000E+01 riv
  1 20481 9.97930000E+01 1.00000000E-03 9.87930000E+01 riv
  1 20488 9.97930000E+01 1.00000000E-03 9.87930000E+01 riv
  1 20488 9.97930000E+01 1.00000000E-03 9.87930000E+01 riv
  1 20490 9.97930000E+01 1.00000000E-03 9.87930000E+01 riv
  1 20493 9.97930000E+01 1.00000000E-03 9.87930000E+01 riv
  1 20493 9.97930000E+01 1.00000000E-03 9.87930000E+01 riv
  1 20495 9.97930000E+01 1.00000000E-03 9.87930000E+01 riv
  1 20495 9.97310000E+01 1.00000000E-03 9.87310000E+01 riv
  1 20590 9.97310000E+01 1.00000000E-03 9.87310000E+01 riv
  1 20592 9.97310000E+01 1.00000000E-03 9.87310000E+01 riv
  1 20592 9.97310000E+01 1.00000000E-03 9.87310000E+01 riv
  1 20595 9.97310000E+01 1.00000000E-03 9.87310000E+01 riv
  1 20597 9.97310000E+01 1.00000000E-03 9.87310000E+01 riv
  1 20597 9.97310000E+01 1.00000000E-03 9.87310000E+01 riv
  1 20604 9.97310000E+01 1.00000000E-03 9.87310000E+01 riv
  1 20604 9.97310000E+01 1.00000000E-03 9.87310000E+01 riv
  1 20606 9.97310000E+01 1.00000000E-03 9.87310000E+01 riv
  1 20609 9.97310000E+01 1.00000000E-03 9.87310000E+01 riv
  1 20609 9.97310000E+01 1.00000000E-03 9.87310000E+01 riv
  1 20611 9.97310000E+01 1.00000000E-03 9.87310000E+01 riv
  1 20611 9.97310000E+01 1.00000000E-03 9.87310000E+01 riv
  1 20706 9.97310000E+01 1.00000000E-03 9.87310000E+01 riv
  1 20708 9.97310000E+01 1.00000000E-03 9.87310000E+01 riv
  1 20709 9.97310000E+01 1.00000000E-03 9.87310000E+01 riv
  1 20709 9.97310000E+01 1.00000000E-03 9.87310000E+01 riv
  1 20712 9.97310000E+01 1.00000000E-03 9.87310000E+01 riv
  1 20714 9.97310000E+01 1.00000000E-03 9.87310000E+01 riv
  1 20714 9.96260000E+01 1.00000000E-03 9.86260000E+01 riv
  1 20721 9.96260000E+01 1.00000000E-03 9.86260000E+01 riv
  1 20721 9.96260000E+01 1.00000000E-03 9.86260000E+01 riv
  1 20723 9.96260000E+01 1.00000000E-03 9.86260000E+01 riv
  1 20726 9.96260000E+01 1.00000000E-03 9.86260000E+01 riv
  1 20726 9.96260000E+01 1.00000000E-03 9.86260000E+01 riv
  1 20728 9.96260000E+01 1.00000000E-03 9.86260000E+01 riv
  1 20728 9.96260000E+01 1.00000000E-03 9.86260000E+01 riv
  1 20823 9.96260000E+01 1.00000000E-03 9.86260000E+01 riv
  1 20825 9.96260000E+01 1.00000000E-03 9.86260000E+01 riv
  1 20825 9.96260000E+01 1.00000000E-03 9.86260000E+01 riv
  1 20828 9.96260000E+01 1.00000000E-03 9.86260000E+01 riv
  1 20830 9.96260000E+01 1.00000000E-03 9.86260000E+01 riv
  1 20830 9.96260000E+01 1.00000000E-03 9.86260000E+01 riv
  1 20837 9.96260000E+01 1.00000000E-03 9.86260000E+01 riv
  1 20837 9.96260000E+01 1.00000000E-03 9.86260000E+01 riv
  1 20839 9.96260000E+01 1.00000000E-03 9.86260000E+01 riv
  1 20842 9.96260000E+01 1.00000000E-03 9.86260000E+01 riv
  1 20842 9.95820000E+01 1.00000000E-03 9.85820000E+01 riv
  1 20844 9.95820000E+01 1.00000000E-03 9.85820000E+01 riv
  1 20844 9.95820000E+01 1.00000000E-03 9.85820000E+01 riv
  1 20939 9.95820000E+01 1.00000000E-03 9.85820000E+01 riv
  1 20944 9.95820000E+01 1.00000000E-03 9.85820000E+01 riv
  1 20946 9.95820000E+01 1.00000000E-03 9.85820000E+01 riv
  1 20946 9.95820000E+01 1.00000000E-03 9.85820000E+01 riv
  1 20949 9.95820000E+01 1.00000000E-03 9.85820000E+01 riv
  1 20951 9.95820000E+01 1.00000000E-03 9.85820000E+01 riv
  1 20951 9.95820000E+01 1.00000000E-03 9.85820000E+01 riv
  1 20958 9.95820000E+01 1.00000000E-03 9.85820000E+01 riv
  1 20958 9.95820000E+01 1.00000000E-03 9.85820000E+01 riv
  1 20960 9.95820000E+01 1.00000000E-03 9.85820000E+01 riv
  1 20963 9.95820000E+01 1.00000000E-03 9.85820000E+01 riv
  1 20963 9.95820000E+01 1.00000000E-03 9.85820000E+01 riv
  1 20964 9.95820000E+01 1.00000000E-03 9.85820000E+01 riv
  1 20966 9.95820000E+01 1.00000000E-03 9.85820000E+01 riv
  1 20966 9.95820000E+01 1.00000000E-03 9.85820000E+01 riv
  1 21061 9.95820000E+01 1.00000000E-03 9.85820000E+01 riv
  1 21063 9.95820000E+01 1.00000000E-03 9.85820000E+01 riv
  1 21063 9.95820000E+01 1.00000000E-03 9.85820000E+01 riv
  1 21066 9.95820000E+01 1.00000000E-03 9.85820000E+01 riv
  1 21069 9.95820000E+01 1.00000000E-03 9.85820000E+01 riv
  1 21069 9.96290000E+01 1.00000000E-03 9.86290000E+01 riv
  1 21071 9.96290000E+01 1.00000000E-03 9.86290000E+01 riv
  1 21075 9.96290000E+01 1.00000000E-03 9.86290000E+01 riv
  1 21075 9.96290000E+01 1.00000000E-03 9.86290000E+01 riv
  1 21077 9.96290000E+01 1.00000000E-03 9.86290000E+01 riv
  1 21078 9.96290000E+01 1.00000000E-03 9.86290000E+01 riv
  1 21078 9.96290000E+01 1.00000000E-03 9.86290000E+01 riv
  1 21081 9.96290000E+01 1.00000000E-03 9.86290000E+01 riv
  1 21083 9.96290000E+01 1.00000000E-03 9.86290000E+01 riv
  1 21083 9.96290000E+01 1.00000000E-03 9.86290000E+01 riv
  1 21178 9.96290000E+01 1.00000000E-03 9.86290000E+01 riv
  1 21178 9.96290000E+01 1.00000000E-03 9.86290000E+01 riv
  1 21180 9.96290000E+01 1.00000000E-03 9.86290000E+01 riv
  1 21190 9.96290000E+01 1.00000000E-03 9.86290000E+01 riv
  1 21193 9.96290000E+01 1.00000000E-03 9.86290000E+01 riv
  1 21193 9.96290000E+01 1.00000000E-03 9.86290000E+01 riv
  1 21195 9.96290000E+01 1.00000000E-03 9.86290000E+01 riv
  1 21196 9.96290000E+01 1.00000000E-03 9.86290000E+01 riv
  1 21196 9.96290000E+01 1.00000000E-03 9.86290000E+01 riv
  1 21200 9.96290000E+01 1.00000000E-03 9.86290000E+01 riv
  1 21203 9.96290000E+01 1.00000000E-03 9.86290000E+01 riv
  1 21205 9.96290000E+01 1.00000000E-03 9.86290000E+01 riv
  1 21205 9.96290000E+01 1.00000000E-03 9.86290000E+01 riv
  1 21208 9.96290000E+01 1.00000000E-03 9.86290000E+01 riv
  1 21209 9.96290000E+01 1.00000000E-03 9.86290000E+01 riv
  1 21209 9.95540000E+01 1.00000000E-03 9.85540000E+01 riv
  1 21211 9.95540000E+01 1.00000000E-03 9.85540000E+01 riv
  1 21211 9.95540000E+01 1.00000000E-03 9.85540000E+01 riv
  1 21306 9.95540000E+01 1.00000000E-03 9.85540000E+01 riv
  1 21311 9.95540000E+01 1.00000000E-03 9.85540000E+01 riv
  1 21313 9.95540000E+01 1.00000000E-03 9.85540000E+01 riv
  1 21313 9.95540000E+01 1.00000000E-03 9.85540000E+01 riv
  1 21314 9.95540000E+01 1.00000000E-03 9.85540000E+01 riv
  1 21317 9.95540000E+01 1.00000000E-03 9.85540000E+01 riv
  1 21317 9.95540000E+01 1.00000000E-03 9.85540000E+01 riv
  1 21319 9.95540000E+01 1.00000000E-03 9.85540000E+01 riv
  1 21326 9.95540000E+01 1.00000000E-03 9.85540000E+01 riv
  1 21326 9.95540000E+01 1.00000000E-03 9.85540000E+01 riv
  1 21328 9.95540000E+01 1.00000000E-03 9.85540000E+01 riv
  1 21331 9.95540000E+01 1.00000000E-03 9.85540000E+01 riv
  1 21331 1.00057000E+02 1.00000000E-03 9.90570000E+01 riv
  1 21334 1.00057000E+02 1.00000000E-03 9.90570000E+01 riv
  1 21336 1.00057000E+02 1.00000000E-03 9.90570000E+01 riv
  1 21336 1.00057000E+02 1.00000000E-03 9.90570000E+01 riv
  1 21434 1.00057000E+02 1.00000000E-03 9.90570000E+01 riv
  1 21434 1.00057000E+02 1.00000000E-03 9.90570000E+01 riv
  1 21436 1.00057000E+02 1.00000000E-03 9.90570000E+01 riv
  1 21442 1.00057000E+02 1.00000000E-03 9.90570000E+01 riv
  1 21441 1.00057000E+02 1.00000000E-03 9.90570000E+01 riv
  1 21442 1.00057000E+02 1.00000000E-03 9.90570000E+01 riv
  1 21444 1.00057000E+02 1.00000000E-03 9.90570000E+01 riv
  1 21451 1.00057000E+02 1.00000000E-03 9.90570000E+01 riv
  1 21451 9.94910000E+01 1.00000000E-03 9.84910000E+01 riv
  1 21453 9.94910000E+01 1.00000000E-03 9.84910000E+01 riv
  1 21453 9.94910000E+01 1.00000000E-03 9.84910000E+01 riv
  1 21456 9.94910000E+01 1.00000000E-03 9.84910000E+01 riv
  1 21458 9.94910000E+01 1.00000000E-03 9.84910000E+01 riv
  1 21458 9.94910000E+01 1.00000000E-03 9.84910000E+01 riv
  1 21586 9.94910000E+01 1.00000000E-03 9.84910000E+01 riv
  1 21589 9.94910000E+01 1.00000000E-03 9.84910000E+01 riv
  1 21589 9.94910000E+01 1.00000000E-03 9.84910000E+01 riv
  1 21591 9.94910000E+01 1.00000000E-03 9.84910000E+01 riv
  1 21594 9.94910000E+01 1.00000000E-03 9.84910000E+01 riv
  1 21594 9.95630000E+01 1.00000000E-03 9.85630000E+01 riv
  1 21595 9.95630000E+01 1.00000000E-03 9.85630000E+01 riv
  1 21597 9.95630000E+01 1.00000000E-03 9.85630000E+01 riv
  1 21597 9.95630000E+01 1.00000000E-03 9.85630000E+01 riv
  1 21607 9.95630000E+01 1.00000000E-03 9.85630000E+01 riv
  1 21614 9.95630000E+01 1.00000000E-03 9.85630000E+01 riv
  1 21615 9.95630000E+01 1.00000000E-03 9.85630000E+01 riv
  1 21615 9.95630000E+01 1.00000000E-03 9.85630000E+01 riv
  1 21618 9.95630000E+01 1.00000000E-03 9.85630000E+01 riv
  1 21618 9.93740000E+01 1.00000000E-03 9.83740000E+01 riv
  1 21619 9.93740000E+01 1.00000000E-03 9.83740000E+01 riv
  1 21624 9.93740000E+01 1.00000000E-03 9.83740000E+01 riv
  1 21624 9.93740000E+01 1.00000000E-03 9.83740000E+01 riv
  1 21626 9.93740000E+01 1.00000000E-03 9.83740000E+01 riv
  1 21627 9.93740000E+01 1.00000000E-03 9.83740000E+01 riv
  1 21627 9.93740000E+01 1.00000000E-03 9.83740000E+01 riv
  1 21630 9.93740000E+01 1.00000000E-03 9.83740000E+01 riv
  1 21631 9.93740000E+01 1.00000000E-03 9.83740000E+01 riv
  1 21631 9.93740000E+01 1.00000000E-03 9.83740000E+01 riv
  1 21644 9.93740000E+01 1.00000000E-03 9.83740000E+01 riv
  1 21644 9.93740000E+01 1.00000000E-03 9.83740000E+01 riv
  1 21645 9.93740000E+01 1.00000000E-03 9.83740000E+01 riv
  1 21648 9.93740000E+01 1.00000000E-03 9.83740000E+01 riv
  1 21648 9.93740000E+01 1.00000000E-03 9.83740000E+01 riv
  1 21649 9.93740000E+01 1.00000000E-03 9.83740000E+01 riv
  1 21654 9.93740000E+01 1.00000000E-03 9.83740000E+01 riv
  1 21654 9.93740000E+01 1.00000000E-03 9.83740000E+01 riv
  1 21655 9.93740000E+01 1.00000000E-03 9.83740000E+01 riv
  1 21655 9.93740000E+01 1.00000000E-03 9.83740000E+01 riv
  1 21656 9.93740000E+01 1.00000000E-03 9.83740000E+01 riv
  1 21657 9.93740000E+01 1.00000000E-03 9.83740000E+01 riv
  1 21658 9.93740000E+01 1.00000000E-03 9.83740000E+01 riv
  1 21657 9.93740000E+01 1.00000000E-03 9.83740000E+01 riv
  1 21685 9.93740000E+01 1.00000000E-03 9.83740000E+01 riv
  1 21667 9.94730000E+01 1.00000000E-03 9.84730000E+01 riv
  1 21670 9.94730000E+01 1.00000000E-03 9.84730000E+01 riv
  1 21685 9.94730000E+01 1.00000000E-03 9.84730000E+01 riv
  1 21686 9.94730000E+01 1.00000000E-03 9.84730000E+01 riv
  1 21670 9.94730000E+01 1.00000000E-03 9.84730000E+01 riv
  1 21671 9.94730000E+01 1.00000000E-03 9.84730000E+01 riv
  1 21671 9.94730000E+01 1.00000000E-03 9.84730000E+01 riv
  1 21677 9.94730000E+01 1.00000000E-03 9.84730000E+01 riv
  1 21678 9.94730000E+01 1.00000000E-03 9.84730000E+01 riv
  1 21679 9.94730000E+01 1.00000000E-03 9.84730000E+01 riv
  1 21678 9.94730000E+01 1.00000000E-03 9.84730000E+01 riv
  1 21681 9.94730000E+01 1.00000000E-03 9.84730000E+01 riv
  1 21675 9.94730000E+01 1.00000000E-03 9.84730000E+01 riv
  1 21676 9.94730000E+01 1.00000000E-03 9.84730000E+01 riv
  1 21681 9.94730000E+01 1.00000000E-03 9.84730000E+01 riv
  1 21698 9.94730000E+01 1.00000000E-03 9.84730000E+01 riv
  1 21696 9.93910000E+01 1.00000000E-03 9.83910000E+01 riv
  1 21697 9.93910000E+01 1.00000000E-03 9.83910000E+01 riv
  1 21698 9.93910000E+01 1.00000000E-03 9.83910000E+01 riv
  1 21697 9.93910000E+01 1.00000000E-03 9.83910000E+01 riv
  1 21700 9.93910000E+01 1.00000000E-03 9.83910000E+01 riv
  1 21701 9.93910000E+01 1.00000000E-03 9.83910000E+01 riv
  1 21486 9.93910000E+01 1.00000000E-03 9.83910000E+01 riv
  1 21491 9.93910000E+01 1.00000000E-03 9.83910000E+01 riv
  1 21701 9.93910000E+01 1.00000000E-03 9.83910000E+01 riv
  1 21706 9.93910000E+01 1.00000000E-03 9.83910000E+01 riv
  1 21706 9.93910000E+01 1.00000000E-03 9.83910000E+01 riv
  1 21707 9.93910000E+01 1.00000000E-03 9.83910000E+01 riv
  1 21707 9.93910000E+01 1.00000000E-03 9.83910000E+01 riv
  1 21710 9.93910000E+01 1.00000000E-03 9.83910000E+01 riv
  1 21712 9.93910000E+01 1.00000000E-03 9.83910000E+01 riv
  1 21713 9.93910000E+01 1.00000000E-03 9.83910000E+01 riv
  1 21713 1.00694000E+02 1.00000000E-03 9.96940000E+01 riv
  1 21720 1.00694000E+02 1.00000000E-03 9.96940000E+01 riv
  1 21723 1.00694000E+02 1.00000000E-03 9.96940000E+01 riv
  1 21723 1.00694000E+02 1.00000000E-03 9.96940000E+01 riv
  1 21724 1.00694000E+02 1.00000000E-03 9.96940000E+01 riv
  1 21727 1.00694000E+02 1.00000000E-03 9.96940000E+01 riv
  1 21727 1.00694000E+02 1.00000000E-03 9.96940000E+01 riv
  1 21729 1.00694000E+02 1.00000000E-03 9.96940000E+01 riv
  1 21730 1.00694000E+02 1.00000000E-03 9.96940000E+01 riv
  1 21730 1.00694000E+02 1.00000000E-03 9.96940000E+01 riv
  1 21735 1.00694000E+02 1.00000000E-03 9.96940000E+01 riv
  1 21742 1.00694000E+02 1.00000000E-03 9.96940000E+01 riv
  1 21743 1.00694000E+02 1.00000000E-03 9.96940000E+01 riv
  1 21743 1.00694000E+02 1.00000000E-03 9.96940000E+01 riv
  1 21745 1.00694000E+02 1.00000000E-03 9.96940000E+01 riv
  1 21748 1.00694000E+02 1.00000000E-03 9.96940000E+01 riv
  1 21748 1.00694000E+02 1.00000000E-03 9.96940000E+01 riv
  1 21751 1.00694000E+02 1.00000000E-03 9.96940000E+01 riv
  1 21752 1.00694000E+02 1.00000000E-03 9.96940000E+01 riv
  1 21752 1.00694000E+02 1.00000000E-03 9.96940000E+01 riv
  1 21754 1.00694000E+02 1.00000000E-03 9.96940000E+01 riv
  1 21761 1.00694000E+02 1.00000000E-03 9.96940000E+01 riv
  1 21761 1.00694000E+02 1.00000000E-03 9.96940000E+01 riv
  1 21762 1.00694000E+02 1.00000000E-03 9.96940000E+01 riv
  1 21866 1.00694000E+02 1.00000000E-03 9.96940000E+01 riv
  1 21866 1.00694000E+02 1.00000000E-03 9.96940000E+01 riv
  1 21869 1.00694000E+02 1.00000000E-03 9.96940000E+01 riv
  1 21871 1.00694000E+02 1.00000000E-03 9.96940000E+01 riv
  1 21872 1.00694000E+02 1.00000000E-03 9.96940000E+01 riv
  1 21872 9.73700000E+01 1.00000000E-03 9.63700000E+01 riv
  1 21875 9.73700000E+01 1.00000000E-03 9.63700000E+01 riv
  1 21880 9.73700000E+01 1.00000000E-03 9.63700000E+01 riv
  1 21880 9.73700000E+01 1.00000000E-03 9.63700000E+01 riv
  1 21882 9.73700000E+01 1.00000000E-03 9.63700000E+01 riv
  1 21883 9.73700000E+01 1.00000000E-03 9.63700000E+01 riv
  1 21883 9.73700000E+01 1.00000000E-03 9.63700000E+01 riv
  1 21890 9.73700000E+01 1.00000000E-03 9.63700000E+01 riv
  1 21893 9.73700000E+01 1.00000000E-03 9.63700000E+01 riv
  1 21893 9.73700000E+01 1.00000000E-03 9.63700000E+01 riv
  1 21895 9.73700000E+01 1.00000000E-03 9.63700000E+01 riv
  1 21896 9.73700000E+01 1.00000000E-03 9.63700000E+01 riv
  1 21896 9.73700000E+01 1.00000000E-03 9.63700000E+01 riv
  1 21899 9.73700000E+01 1.00000000E-03 9.63700000E+01 riv
