   9.699778E-05    8.562405E-05    5.559851E-05    8.916452E-05    1.121510E-04    1.460761E-04    1.827757E-04    1.799064E-04    1.102358E-04    9.326336E-05    7.496919E-05    7.227165E-05    7.619603E-05    6.322723E-05    7.868440E-05    8.389884E-05    1.227439E-04    1.354431E-04    1.755556E-04    1.385712E-04
   1.315781E-04    1.071797E-04    1.067999E-04    1.184209E-04    1.218382E-04    1.426166E-04    1.837700E-04    1.867479E-04    1.082064E-04    7.397933E-05    6.810659E-05    3.789676E-05    4.359068E-05    5.857356E-05    6.890591E-05    1.055148E-04    2.186785E-04    2.020361E-04    1.662456E-04    1.814436E-04
   1.496984E-04    1.555476E-04    1.112300E-04    1.162527E-04    1.057528E-04    1.756444E-04    1.838848E-04    1.569830E-04    7.789906E-05    7.451372E-05    7.510699E-05    4.847266E-05    6.887133E-05    5.964989E-05    1.269421E-04    1.432287E-04    1.518238E-04    9.472586E-05    1.937372E-04    1.584809E-04
   1.134648E-04    1.486710E-04    1.250025E-04    7.771196E-05    1.195577E-04    1.287290E-04    1.757324E-04    1.589830E-04    8.989672E-05    6.692532E-05    6.257187E-05    3.621139E-05    5.648386E-05    4.559142E-05    8.384813E-05    9.999870E-05    1.103417E-04    9.668785E-05    1.106480E-04    1.053142E-04
   8.509085E-05    9.176394E-05    1.330952E-04    6.764664E-05    8.133746E-05    1.755013E-04    1.175421E-04    1.548214E-04    8.261643E-05    8.327709E-05    9.631825E-05    5.281104E-05    4.158222E-05    4.681024E-05    8.361786E-05    1.065150E-04    1.297492E-04    7.193042E-05    1.599220E-04    1.824566E-04
   1.113066E-04    1.277067E-04    1.739091E-04    8.005794E-05    7.999482E-05    8.527303E-05    1.612126E-04    1.480560E-04    9.417011E-05    6.001921E-05    8.580989E-05    5.646134E-05    5.069882E-05    4.270602E-05    5.556178E-05    8.767750E-05    1.020530E-04    5.867139E-05    6.546882E-05    1.220188E-04
   1.371749E-04    1.655999E-04    1.119598E-04    1.062864E-04    7.461061E-05    1.061319E-04    1.148080E-04    1.446587E-04    6.671849E-05    4.958901E-05    7.943062E-05    3.551337E-05    2.902812E-05    2.742690E-05    2.688599E-05    3.658722E-05    5.466826E-05    8.723284E-05    7.650976E-05    1.043355E-04
   1.673413E-04    1.548576E-04    2.177893E-04    1.843240E-04    1.045336E-04    1.192870E-04    1.159691E-04    1.452427E-04    7.377566E-05    6.943421E-05    7.756055E-05    4.050569E-05    3.492953E-05    3.803281E-05    3.088729E-05    3.516608E-05    5.477191E-05    6.166316E-05    4.933157E-05    8.958678E-05
   1.513790E-04    1.017129E-04    1.777014E-04    1.468121E-04    1.209585E-04    1.209585E-04    1.209585E-04    1.198684E-04    9.874613E-05    4.480569E-05    5.377563E-05    6.044080E-05    2.484139E-05    2.021497E-05    2.632636E-05    3.846200E-05    3.320662E-05    6.124957E-05    5.289743E-05    4.646946E-05
   1.339239E-04    9.528610E-05    1.107765E-04    1.540841E-04    1.209585E-04    1.209585E-04    1.209585E-04    1.209585E-04    7.622099E-05    8.116160E-05    8.391367E-05    4.905343E-05    2.626093E-05    2.044746E-05    2.504992E-05    5.412162E-05    3.895281E-05    4.877911E-05    6.271153E-05    4.604241E-05
   1.451330E-04    1.364178E-04    1.400950E-04    3.251548E-04    1.209585E-04    1.209585E-04    1.209585E-04    1.209585E-04    9.701082E-05    1.056088E-04    8.946274E-05    5.985300E-05    4.108978E-05    4.468178E-05    5.508840E-05    6.051456E-05    5.270482E-05    6.932383E-05    5.436702E-05    5.224228E-05
   9.124304E-05    1.524133E-04    2.291357E-04    2.938428E-04    1.209585E-04    1.209585E-04    1.209585E-04    1.209585E-04    1.291901E-04    6.791513E-05    5.194482E-05    7.901790E-05    5.062692E-05    4.864140E-05    7.167066E-05    6.686258E-05    1.024416E-04    6.779468E-05    4.338503E-05    5.222808E-05
   1.328203E-04    1.214331E-04    1.691535E-04    2.406444E-04    1.209585E-04    1.209585E-04    1.209585E-04    1.209585E-04    1.027236E-04    9.500210E-05    6.217562E-05    9.950965E-05    7.430543E-05    6.396961E-05    4.586689E-05    6.323832E-05    7.226529E-05    4.529432E-05    5.250576E-05    2.636266E-05
   1.285991E-04    2.067599E-04    2.218204E-04    2.872214E-04    1.209585E-04    1.209585E-04    1.209585E-04    1.209585E-04    2.263927E-04    9.979517E-05    9.280001E-05    7.309269E-05    5.746422E-05    5.633978E-05    6.892945E-05    5.592501E-05    5.545886E-05    4.342788E-05    5.316477E-05    6.927720E-05
   1.702312E-04    1.868537E-04    2.714081E-04    3.482052E-04    1.209585E-04    1.209585E-04    1.209585E-04    1.209585E-04    1.831661E-04    1.060361E-04    7.675463E-05    9.706471E-05    6.847837E-05    5.535088E-05    6.790067E-05    4.224726E-05    4.598527E-05    5.358066E-05    6.466136E-05    9.897682E-05
   1.886375E-04    2.055381E-04    3.214391E-04    3.516619E-04    1.209585E-04    1.209585E-04    1.209585E-04    1.209585E-04    1.490350E-04    7.316126E-05    4.288749E-05    4.860498E-05    5.098996E-05    3.135678E-05    6.800348E-05    4.763730E-05    4.536244E-05    6.594610E-05    8.192168E-05    1.388047E-04
   1.974615E-04    3.704445E-04    4.646243E-04    2.529255E-04    1.209585E-04    1.209585E-04    1.209585E-04    1.209585E-04    8.737371E-05    7.185731E-05    5.628371E-05    6.842761E-05    6.815682E-05    5.217719E-05    4.360384E-05    4.474649E-05    7.685000E-05    5.895669E-05    1.036726E-04    1.547786E-04
   2.923617E-04    2.028709E-04    2.348056E-04    1.996884E-04    1.209585E-04    1.209585E-04    1.209585E-04    1.209585E-04    1.055175E-04    6.751776E-05    9.529774E-05    1.083792E-04    6.410139E-05    3.862333E-05    3.621037E-05    6.830851E-05    9.322364E-05    1.205250E-04    1.628500E-04    2.090407E-04
   2.757003E-04    2.348542E-04    1.978507E-04    1.853514E-04    1.209585E-04    1.209585E-04    1.209585E-04    1.209585E-04    1.325188E-04    6.102863E-05    7.308895E-05    1.605739E-04    9.670131E-05    5.283260E-05    5.781494E-05    6.475395E-05    1.125176E-04    1.315295E-04    1.349635E-04    1.566574E-04
   3.392853E-04    2.429395E-04    1.303886E-04    1.594408E-04    1.209585E-04    1.209585E-04    1.209585E-04    1.209585E-04    6.595567E-05    7.593126E-05    4.337585E-05    1.018311E-04    7.527757E-05    7.821942E-05    7.770204E-05    7.305265E-05    9.049037E-05    1.049078E-04    1.492531E-04    9.651179E-05
   1.341387E-04    1.753489E-04    6.651802E-05    1.134615E-04    1.209585E-04    1.209585E-04    1.209585E-04    1.209585E-04    1.213207E-04    1.046426E-04    8.595402E-05    1.266405E-04    1.848231E-04    1.153253E-04    8.802495E-05    8.610492E-05    7.145806E-05    8.613570E-05    8.880322E-05    1.016358E-04
   8.509400E-05    7.914755E-05    7.241820E-05    6.848213E-05    1.209585E-04    1.209585E-04    9.099391E-05    1.028912E-04    1.521807E-04    1.084804E-04    1.175739E-04    1.468080E-04    2.459247E-04    2.862488E-04    1.109290E-04    7.919739E-05    7.063595E-05    6.103234E-05    5.734514E-05    9.204640E-05
   7.037778E-05    7.434061E-05    7.291390E-05    8.180719E-05    1.318656E-04    1.209585E-04    7.870232E-05    9.368389E-05    1.256367E-04    1.848649E-04    2.563856E-04    1.831025E-04    1.605712E-04    1.407156E-04    1.219494E-04    9.844075E-05    1.211246E-04    7.540470E-05    5.272888E-05    7.957739E-05
   5.542165E-05    1.273184E-04    8.475645E-05    1.193667E-04    8.192299E-05    1.323660E-04    6.244176E-05    1.152385E-04    1.864694E-04    1.977095E-04    2.545274E-04    2.353226E-04    1.859474E-04    2.033715E-04    1.579979E-04    1.183146E-04    1.220426E-04    5.992914E-05    7.886330E-05    7.270688E-05
   6.669708E-05    1.445620E-04    1.465355E-04    1.619582E-04    1.164725E-04    1.184128E-04    7.827425E-05    1.177719E-04    2.107536E-04    1.818389E-04    2.066870E-04    2.660798E-04    3.363953E-04    1.921244E-04    1.849575E-04    1.085265E-04    1.002205E-04    9.679513E-05    1.001432E-04    1.075639E-04
   9.759053E-05    1.625747E-04    2.147457E-04    1.807471E-04    1.172162E-04    9.036461E-05    1.241368E-04    1.663765E-04    1.957797E-04    2.120795E-04    2.213468E-04    2.838849E-04    2.323888E-04    2.141532E-04    1.547283E-04    1.437723E-04    1.107972E-04    1.243447E-04    8.032634E-05    1.150636E-04
   1.365870E-04    1.536585E-04    1.782446E-04    2.024042E-04    1.448961E-04    1.175036E-04    1.428739E-04    1.504095E-04    2.638216E-04    3.274211E-04    2.131232E-04    2.622747E-04    2.184169E-04    1.411123E-04    1.687636E-04    1.561230E-04    1.047200E-04    1.172802E-04    1.286383E-04    9.385918E-05
   2.233332E-04    2.223814E-04    2.650124E-04    1.601685E-04    2.338564E-04    2.380456E-04    1.648676E-04    1.176474E-04    2.321667E-04    3.276893E-04    3.144605E-04    1.863087E-04    1.629200E-04    1.308084E-04    1.215404E-04    1.296184E-04    7.907910E-05    7.262921E-05    9.252240E-05    8.995914E-05
   4.658748E-04    4.452293E-04    2.998593E-04    1.736206E-04    9.087078E-05    1.021486E-04    1.678913E-04    1.176071E-04    1.361138E-04    2.467885E-04    2.268689E-04    2.691258E-04    2.455003E-04    1.045772E-04    8.300614E-05    7.962777E-05    5.056884E-05    6.848665E-05    5.998052E-05    1.201218E-04
   4.759371E-04    4.761247E-04    2.181378E-04    2.067545E-04    9.040244E-05    1.081933E-04    2.045774E-04    1.618138E-04    2.042764E-04    1.158004E-04    1.591860E-04    2.054942E-04    1.320196E-04    8.899233E-05    6.728743E-05    7.081317E-05    5.229352E-05    5.050048E-05    4.975892E-05    8.115793E-05
   3.969687E-04    5.472307E-04    2.221890E-04    1.148480E-04    9.624801E-05    1.017367E-04    1.544867E-04    1.188229E-04    9.517073E-05    9.717277E-05    1.375056E-04    1.843104E-04    1.534761E-04    1.256160E-04    8.992062E-05    8.053016E-05    3.712183E-05    6.180547E-05    5.481064E-05    4.767895E-05
   4.103469E-04    5.437128E-04    4.446874E-04    2.254050E-04    2.187544E-04    1.894425E-04    1.273620E-04    1.276440E-04    1.614316E-04    1.199071E-04    2.304756E-04    1.287175E-04    2.305629E-04    2.553934E-04    1.364693E-04    9.045082E-05    8.558949E-05    7.741292E-05    4.762801E-05    5.501688E-05
   1.209585E-04    4.339921E-04    3.737311E-04    2.290964E-04    1.844768E-04    1.777353E-04    1.356899E-04    1.976327E-04    1.366672E-04    1.451672E-04    2.203044E-04    2.544601E-04    2.857927E-04    1.343482E-04    1.046047E-04    7.720402E-05    1.132145E-04    7.140689E-05    7.441975E-05    6.595268E-05
   1.209585E-04    1.209585E-04    5.288240E-04    2.371024E-04    2.151766E-04    2.241682E-04    1.718387E-04    1.739007E-04    1.418113E-04    2.026584E-04    2.428984E-04    2.763051E-04    2.272251E-04    2.202995E-04    8.630954E-05    6.356043E-05    7.321658E-05    9.104994E-05    7.430943E-05    8.363291E-05
   1.209585E-04    1.209585E-04    1.209585E-04    2.124097E-04    1.812362E-04    2.144952E-04    3.827911E-04    2.574365E-04    1.506281E-04    1.909667E-04    3.575431E-04    1.795667E-04    2.746589E-04    1.423488E-04    6.704345E-05    8.520174E-05    8.604135E-05    8.639279E-05    6.806208E-05    1.199545E-04
   1.209585E-04    1.209585E-04    1.209585E-04    1.209585E-04    1.577561E-04    2.433588E-04    2.736584E-04    2.553574E-04    2.378343E-04    1.946704E-04    2.101308E-04    1.646040E-04    1.516795E-04    9.490505E-05    1.033270E-04    9.481212E-05    9.842550E-05    1.381650E-04    9.275084E-05    1.209585E-04
   1.209585E-04    1.209585E-04    1.209585E-04    1.209585E-04    1.166948E-04    1.535674E-04    1.679800E-04    2.330002E-04    2.236683E-04    1.426256E-04    1.530020E-04    1.198023E-04    1.089210E-04    1.429154E-04    1.465599E-04    1.412551E-04    1.852695E-04    1.153104E-04    8.595644E-05    1.209585E-04
   1.209585E-04    1.209585E-04    1.209585E-04    1.209585E-04    1.209585E-04    1.412194E-04    1.674940E-04    2.177018E-04    1.815913E-04    1.066043E-04    1.463020E-04    1.149412E-04    9.917544E-05    1.589816E-04    1.317687E-04    1.434863E-04    8.474405E-05    7.060466E-05    1.209585E-04    1.209585E-04
   1.209585E-04    1.209585E-04    1.209585E-04    1.209585E-04    1.209585E-04    1.166364E-04    1.602817E-04    1.516186E-04    1.377663E-04    6.248277E-05    1.406050E-04    1.468330E-04    9.032450E-05    1.374153E-04    1.586784E-04    1.185171E-04    7.025796E-05    1.209585E-04    1.209585E-04    1.209585E-04
   1.209585E-04    1.209585E-04    1.209585E-04    1.209585E-04    1.209585E-04    1.704195E-04    9.147081E-05    1.156021E-04    1.146098E-04    2.124398E-04    1.836179E-04    2.084853E-04    1.010515E-04    7.367111E-05    9.470434E-05    6.077652E-05    1.209585E-04    1.209585E-04    1.209585E-04    1.209585E-04
