   4.255293E-06    3.756327E-06    2.439107E-06    3.911648E-06    4.920067E-06    6.408361E-06    8.018370E-06    7.892494E-06    4.836046E-06    4.091464E-06    3.288899E-06    3.170558E-06    3.342721E-06    2.773779E-06    3.451885E-06    3.680642E-06    5.384774E-06    5.941889E-06    7.701626E-06    6.079118E-06
   5.772334E-06    4.701974E-06    4.685311E-06    5.195127E-06    5.345042E-06    6.256592E-06    8.061991E-06    8.192630E-06    4.747016E-06    3.245474E-06    2.987837E-06    1.662531E-06    1.912323E-06    2.569622E-06    3.022903E-06    4.628936E-06    9.593425E-06    8.863323E-06    7.293195E-06    7.959934E-06
   6.567270E-06    6.823876E-06    4.879661E-06    5.100007E-06    4.639374E-06    7.705523E-06    8.067025E-06    6.886845E-06    3.417432E-06    3.268917E-06    3.294944E-06    2.126496E-06    3.021386E-06    2.616841E-06    5.568951E-06    6.283446E-06    6.660512E-06    4.155624E-06    8.499254E-06    6.952557E-06
   4.977702E-06    6.522199E-06    5.483861E-06    3.409224E-06    5.244999E-06    5.647344E-06    7.709382E-06    6.974587E-06    3.943770E-06    2.936014E-06    2.745029E-06    1.588594E-06    2.477947E-06    2.000096E-06    3.678418E-06    4.386944E-06    4.840692E-06    4.241697E-06    4.854129E-06    4.620134E-06
   3.732936E-06    4.025685E-06    5.838887E-06    2.967659E-06    3.568275E-06    7.699243E-06    5.156574E-06    6.792014E-06    3.624383E-06    3.653367E-06    4.225482E-06    2.316821E-06    1.824212E-06    2.053566E-06    3.668316E-06    4.672815E-06    5.692099E-06    3.155588E-06    7.015778E-06    8.004370E-06
   4.883020E-06    5.602493E-06    7.629393E-06    3.512142E-06    3.509373E-06    3.740928E-06    7.072398E-06    6.495216E-06    4.131243E-06    2.633043E-06    3.764480E-06    2.476959E-06    2.224158E-06    1.873513E-06    2.437496E-06    3.846413E-06    4.477064E-06    2.573914E-06    2.872117E-06    5.352966E-06
   6.017863E-06    7.264871E-06    4.911676E-06    4.662783E-06    3.273168E-06    4.656008E-06    5.036627E-06    6.346177E-06    2.926940E-06    2.175470E-06    3.484622E-06    1.557972E-06    1.273464E-06    1.203218E-06    1.179488E-06    1.605082E-06    2.398297E-06    3.826905E-06    3.356484E-06    4.577199E-06
   7.341263E-06    6.793602E-06    9.554417E-06    8.086293E-06    4.585891E-06    5.233123E-06    5.087564E-06    6.371796E-06    3.236538E-06    3.046079E-06    3.402582E-06    1.776985E-06    1.532359E-06    1.668500E-06    1.355026E-06    1.542736E-06    2.402844E-06    2.705163E-06    2.164176E-06    3.930173E-06
   6.640999E-06    4.462147E-06    7.795761E-06    6.440650E-06    5.846935E-06    5.846935E-06    5.846935E-06    5.258628E-06    4.331994E-06    1.965626E-06    2.359137E-06    2.651538E-06    1.089792E-06    8.868309E-07    1.154938E-06    1.687328E-06    1.456774E-06    2.687019E-06    2.320611E-06    2.038616E-06
   5.875243E-06    4.180202E-06    4.859767E-06    6.759672E-06    5.846935E-06    5.846935E-06    5.846935E-06    5.846935E-06    3.343815E-06    3.560560E-06    3.681293E-06    2.151974E-06    1.152067E-06    8.970302E-07    1.098940E-06    2.374316E-06    1.708860E-06    2.139940E-06    2.751155E-06    2.019881E-06
   6.366985E-06    5.984650E-06    6.145970E-06    1.426454E-05    5.846935E-06    5.846935E-06    5.846935E-06    5.846935E-06    4.255866E-06    4.633060E-06    3.924731E-06    2.625751E-06    1.802609E-06    1.960190E-06    2.416728E-06    2.654774E-06    2.312161E-06    3.041237E-06    2.385081E-06    2.291869E-06
   4.002833E-06    6.686373E-06    1.005218E-05    1.289089E-05    5.846935E-06    5.846935E-06    5.846935E-06    5.846935E-06    5.667571E-06    2.979437E-06    2.278819E-06    3.466516E-06    2.221003E-06    2.133898E-06    3.144192E-06    2.933262E-06    4.494115E-06    2.974153E-06    1.903302E-06    2.291246E-06
   5.826827E-06    5.327271E-06    7.420767E-06    1.055707E-05    5.846935E-06    5.846935E-06    5.846935E-06    5.846935E-06    4.506483E-06    4.167743E-06    2.727645E-06    4.365489E-06    3.259780E-06    2.806347E-06    2.012181E-06    2.774266E-06    3.170279E-06    1.987062E-06    2.303428E-06    1.156530E-06
   5.641643E-06    9.070559E-06    9.731264E-06    1.260040E-05    5.846935E-06    5.846935E-06    5.846935E-06    5.846935E-06    9.931849E-06    4.378015E-06    4.071137E-06    3.206577E-06    2.520956E-06    2.471626E-06    3.023935E-06    2.453430E-06    2.432980E-06    1.905181E-06    2.332339E-06    3.039191E-06
   7.468043E-06    8.197273E-06    1.190667E-05    1.527576E-05    5.846935E-06    5.846935E-06    5.846935E-06    5.846935E-06    8.035499E-06    4.651804E-06    3.367226E-06    4.258230E-06    3.004147E-06    2.428243E-06    2.978803E-06    1.853388E-06    2.017374E-06    2.350584E-06    2.836694E-06    4.342114E-06
   8.275528E-06    9.016959E-06    1.410153E-05    1.542741E-05    5.846935E-06    5.846935E-06    5.846935E-06    5.846935E-06    6.538168E-06    3.209585E-06    1.881474E-06    2.132301E-06    2.236930E-06    1.375622E-06    2.983313E-06    2.089849E-06    1.990051E-06    2.893056E-06    3.593905E-06    6.089362E-06
   8.662636E-06    1.625140E-05    2.038307E-05    1.109584E-05    5.846935E-06    5.846935E-06    5.846935E-06    5.846935E-06    3.833085E-06    3.152381E-06    2.469167E-06    3.001920E-06    2.990040E-06    2.289014E-06    1.912901E-06    1.963029E-06    3.371410E-06    2.586430E-06    4.548120E-06    6.790137E-06
   1.282591E-05    8.899946E-06    1.030092E-05    8.760333E-06    5.846935E-06    5.846935E-06    5.846935E-06    5.846935E-06    4.629055E-06    2.962005E-06    4.180712E-06    4.754595E-06    2.812129E-06    1.694406E-06    1.588549E-06    2.996695E-06    4.089722E-06    5.287433E-06    7.144229E-06    9.170616E-06
   1.209498E-05    1.030306E-05    8.679713E-06    8.131367E-06    5.846935E-06    5.846935E-06    5.846935E-06    5.846935E-06    5.813599E-06    2.677326E-06    3.206413E-06    7.044378E-06    4.242287E-06    2.317766E-06    2.536342E-06    2.840756E-06    4.936148E-06    5.770199E-06    5.920849E-06    6.872559E-06
   1.488445E-05    1.065776E-05    5.720148E-06    6.994671E-06    5.846935E-06    5.846935E-06    5.846935E-06    5.846935E-06    2.893476E-06    3.331105E-06    1.902899E-06    4.467332E-06    3.302428E-06    3.431486E-06    3.408789E-06    3.204820E-06    3.969813E-06    4.602307E-06    6.547736E-06    4.233973E-06
   5.884663E-06    7.692558E-06    2.918146E-06    4.977555E-06    5.846935E-06    5.846935E-06    5.846935E-06    5.846935E-06    5.322341E-06    4.590673E-06    3.770804E-06    5.555720E-06    8.108192E-06    5.059322E-06    3.861655E-06    3.777423E-06    3.134866E-06    3.778774E-06    3.895798E-06    4.458762E-06
   3.733074E-06    3.472203E-06    3.176987E-06    3.004311E-06    5.846935E-06    5.846935E-06    3.991903E-06    4.513838E-06    6.676170E-06    4.759037E-06    5.157969E-06    6.440470E-06    1.078872E-05    1.255774E-05    4.866456E-06    3.474390E-06    3.098800E-06    2.677489E-06    2.515732E-06    4.038076E-06
   3.087474E-06    3.261323E-06    3.198733E-06    3.588882E-06    5.784946E-06    5.846935E-06    3.452671E-06    4.109913E-06    5.511684E-06    8.110023E-06    1.124764E-05    8.032707E-06    7.044259E-06    6.173196E-06    5.349920E-06    4.318596E-06    5.313739E-06    3.308005E-06    2.313217E-06    3.491061E-06
   2.431348E-06    5.585460E-06    3.718266E-06    5.236619E-06    3.593962E-06    5.806898E-06    2.739321E-06    5.055516E-06    8.180412E-06    8.673518E-06    1.116612E-05    1.032361E-05    8.157513E-06    8.921908E-06    6.931369E-06    5.190463E-06    5.354009E-06    2.629092E-06    3.459734E-06    3.189651E-06
   2.926001E-06    6.341937E-06    6.428515E-06    7.105107E-06    5.109648E-06    5.194772E-06    3.433892E-06    5.166652E-06    9.245763E-06    7.977274E-06    9.067362E-06    1.167292E-05    1.475766E-05    8.428499E-06    8.114087E-06    4.761057E-06    4.396676E-06    4.246403E-06    4.393281E-06    4.718831E-06
   4.281297E-06    7.132152E-06    9.420895E-06    7.929375E-06    5.142274E-06    3.964296E-06    5.445883E-06    7.298940E-06    8.588855E-06    9.303928E-06    9.710488E-06    1.245403E-05    1.019490E-05    9.394901E-06    6.787933E-06    6.307291E-06    4.860676E-06    5.455003E-06    3.523917E-06    5.047840E-06
   5.992074E-06    6.741002E-06    7.819591E-06    8.879474E-06    6.356593E-06    5.154883E-06    6.267881E-06    6.598466E-06    1.157386E-05    1.436397E-05    9.349714E-06    1.150599E-05    9.581952E-06    6.190596E-06    7.403658E-06    6.849119E-06    4.594068E-06    5.145084E-06    5.643364E-06    4.117603E-06
   9.797627E-06    9.755874E-06    1.162610E-05    7.026595E-06    1.025928E-05    1.044306E-05    7.232742E-06    5.161193E-06    1.018516E-05    1.437573E-05    1.379538E-05    8.173364E-06    7.147303E-06    5.738565E-06    5.331980E-06    5.686359E-06    3.469201E-06    3.186244E-06    4.058959E-06    3.946508E-06
   2.043793E-05    1.953221E-05    1.315483E-05    7.616736E-06    3.986502E-06    4.481258E-06    7.365392E-06    5.159424E-06    5.971311E-06    1.082661E-05    9.952741E-06    1.180655E-05    1.077010E-05    4.587802E-06    3.641480E-06    3.493271E-06    2.218456E-06    3.004510E-06    2.631346E-06    5.269746E-06
   2.087936E-05    2.088760E-05    9.569708E-06    9.070321E-06    3.965956E-06    4.746440E-06    8.974814E-06    7.098774E-06    8.961608E-06    5.080166E-06    6.983493E-06    9.015033E-06    5.791702E-06    3.904094E-06    2.951900E-06    3.106574E-06    2.294117E-06    2.215457E-06    2.182924E-06    3.560399E-06
   1.741502E-05    2.400702E-05    9.747431E-06    5.038385E-06    4.222401E-06    4.463189E-06    6.777332E-06    5.212762E-06    4.175141E-06    4.262970E-06    6.032372E-06    8.085697E-06    6.732996E-06    5.510777E-06    3.944818E-06    3.532859E-06    1.628535E-06    2.711406E-06    2.404543E-06    2.091676E-06
   1.800192E-05    2.385268E-05    1.950844E-05    9.888517E-06    9.596755E-06    8.310844E-06    5.587371E-06    5.599742E-06    7.082007E-06    5.260326E-06    1.011097E-05    5.646837E-06    1.011480E-05    1.120411E-05    5.986908E-06    3.968078E-06    3.754811E-06    3.396105E-06    2.089441E-06    2.413591E-06
   5.846935E-06    1.903923E-05    1.639559E-05    1.005046E-05    8.092998E-06    7.797247E-06    5.952715E-06    8.670148E-06    5.995592E-06    6.368488E-06    9.664753E-06    1.116317E-05    1.253773E-05    5.893855E-06    4.589007E-06    3.386941E-06    4.966723E-06    3.132621E-06    3.264795E-06    2.893345E-06
   5.846935E-06    5.846935E-06    2.319951E-05    1.040168E-05    9.439800E-06    9.834262E-06    7.538565E-06    7.629026E-06    6.221263E-06    8.890624E-06    1.065595E-05    1.212151E-05    9.968368E-06    9.664540E-06    3.786400E-06    2.788396E-06    3.212012E-06    3.994362E-06    3.259955E-06    3.668976E-06
   5.846935E-06    5.846935E-06    5.846935E-06    9.318413E-06    7.950834E-06    9.409907E-06    1.679305E-05    1.129374E-05    6.608058E-06    8.377709E-06    1.568542E-05    7.877594E-06    1.204929E-05    6.244842E-06    2.941196E-06    3.737801E-06    3.774635E-06    3.790052E-06    2.985884E-06    5.262403E-06
   5.846935E-06    5.846935E-06    5.846935E-06    5.846935E-06    6.920763E-06    1.067615E-05    1.200539E-05    1.120253E-05    1.043379E-05    8.540191E-06    9.218441E-06    7.221177E-06    6.654179E-06    4.163485E-06    4.532957E-06    4.159409E-06    4.317927E-06    6.061301E-06    4.068980E-06    5.846935E-06
   5.846935E-06    5.846935E-06    5.846935E-06    5.846935E-06    5.119400E-06    6.737005E-06    7.369282E-06    1.022172E-05    9.812329E-06    6.256986E-06    6.712201E-06    5.255727E-06    4.778363E-06    6.269701E-06    6.429586E-06    6.196864E-06    8.127772E-06    5.058667E-06    3.770909E-06    5.846935E-06
   5.846935E-06    5.846935E-06    5.846935E-06    5.846935E-06    5.846935E-06    6.195296E-06    7.347961E-06    9.550582E-06    7.966413E-06    4.676729E-06    6.418269E-06    5.042470E-06    4.350827E-06    6.974526E-06    5.780693E-06    6.294745E-06    3.717722E-06    3.097427E-06    5.846935E-06    5.846935E-06
   5.846935E-06    5.846935E-06    5.846935E-06    5.846935E-06    5.846935E-06    5.116841E-06    7.031560E-06    6.651510E-06    6.043809E-06    2.741120E-06    6.168342E-06    6.441564E-06    3.962536E-06    6.028409E-06    6.961221E-06    5.199345E-06    3.082217E-06    5.846935E-06    5.846935E-06    5.846935E-06
   5.846935E-06    5.846935E-06    5.846935E-06    5.846935E-06    5.846935E-06    7.476306E-06    4.012825E-06    5.071466E-06    5.027935E-06    9.319737E-06    8.055321E-06    9.146251E-06    4.433129E-06    3.231952E-06    4.154680E-06    2.666267E-06    5.846935E-06    5.846935E-06    5.846935E-06    5.846935E-06
