   3.791167E+01    3.787549E+01    3.779532E+01    3.769844E+01    3.754999E+01    3.735158E+01    3.714412E+01    3.686468E+01    3.652264E+01    3.620220E+01    3.589751E+01    3.549260E+01    3.505939E+01    3.473341E+01    3.434731E+01    3.404747E+01    3.393845E+01    3.388335E+01    3.384253E+01    3.382114E+01
   3.791308E+01    3.787277E+01    3.779917E+01    3.769057E+01    3.750480E+01    3.728549E+01    3.707825E+01    3.681192E+01    3.646691E+01    3.612315E+01    3.580472E+01    3.542112E+01    3.502532E+01    3.466281E+01    3.429761E+01    3.403080E+01    3.391615E+01    3.385647E+01    3.381024E+01    3.379416E+01
   3.791662E+01    3.788010E+01    3.779011E+01    3.764403E+01    3.743390E+01    3.722213E+01    3.699440E+01    3.670742E+01    3.635377E+01    3.598714E+01    3.563136E+01    3.525387E+01    3.490628E+01    3.456187E+01    3.421516E+01    3.398929E+01    3.386880E+01    3.379157E+01    3.374417E+01    3.373517E+01
   3.791119E+01    3.787001E+01    3.776426E+01    3.758713E+01    3.738381E+01    3.716528E+01    3.688556E+01    3.653731E+01    3.616345E+01    3.579438E+01    3.541240E+01    3.503659E+01    3.469180E+01    3.436007E+01    3.407902E+01    3.392018E+01    3.378073E+01    3.368891E+01    3.363999E+01    3.363232E+01
   3.789640E+01    3.784685E+01    3.775691E+01    3.757337E+01    3.733650E+01    3.705270E+01    3.669233E+01    3.632150E+01    3.595770E+01    3.552756E+01    3.508902E+01    3.473284E+01    3.440829E+01    3.413262E+01    3.393377E+01    3.381919E+01    3.366313E+01    3.356114E+01    3.350317E+01    3.348871E+01
   3.789698E+01    3.783359E+01    3.772389E+01    3.753478E+01    3.725631E+01    3.693007E+01    3.654780E+01    3.607666E+01    3.558860E+01    3.511651E+01    3.472988E+01    3.441084E+01    3.411004E+01    3.389592E+01    3.375565E+01    3.369709E+01    3.353447E+01    3.343410E+01    3.337740E+01    3.333749E+01
   3.791147E+01    3.784253E+01    3.772872E+01    3.751269E+01    3.717907E+01    3.682139E+01    3.632297E+01    3.565767E+01    3.511172E+01    3.465615E+01    3.432942E+01    3.403593E+01    3.379720E+01    3.365474E+01    3.356765E+01    3.354896E+01    3.339093E+01    3.328760E+01    3.322002E+01    3.316277E+01
   3.794000E+01    3.789125E+01    3.778399E+01    3.756561E+01    3.710108E+01    3.672116E+01    3.612407E+01    3.520450E+01    3.460052E+01    3.420014E+01    3.395244E+01    3.372801E+01    3.355224E+01    3.343588E+01    3.337074E+01    3.338039E+01    3.316582E+01    3.305695E+01    3.300902E+01    3.299409E+01
   3.796335E+01    3.793183E+01    3.786917E+01    3.780003E+01    1.000000E+30    1.000000E+30    1.000000E+30    3.458019E+01    3.411025E+01    3.389487E+01    3.369689E+01    3.347600E+01    3.331833E+01    3.319506E+01    3.309213E+01    3.305545E+01    3.284492E+01    3.282529E+01    3.284232E+01    3.286263E+01
   3.794752E+01    3.793155E+01    3.789428E+01    3.786229E+01    1.000000E+30    1.000000E+30    1.000000E+30    1.000000E+30    3.369960E+01    3.357181E+01    3.340987E+01    3.322299E+01    3.309058E+01    3.292443E+01    3.281037E+01    3.270790E+01    3.251730E+01    3.267356E+01    3.273438E+01    3.276106E+01
   3.790146E+01    3.788517E+01    3.786899E+01    3.785568E+01    1.000000E+30    1.000000E+30    1.000000E+30    1.000000E+30    3.337367E+01    3.330580E+01    3.318840E+01    3.304664E+01    3.285106E+01    3.260785E+01    3.260912E+01    3.261327E+01    3.259475E+01    3.264906E+01    3.267795E+01    3.269480E+01
   3.783596E+01    3.783147E+01    3.782104E+01    3.781680E+01    1.000000E+30    1.000000E+30    1.000000E+30    1.000000E+30    3.317156E+01    3.313688E+01    3.303714E+01    3.288532E+01    3.262693E+01    3.210000E+01    3.244633E+01    3.255876E+01    3.260686E+01    3.264117E+01    3.266020E+01    3.266867E+01
   3.776906E+01    3.776004E+01    3.775453E+01    3.775970E+01    1.000000E+30    1.000000E+30    1.000000E+30    1.000000E+30    3.304400E+01    3.302054E+01    3.294719E+01    3.282210E+01    3.266656E+01    3.248083E+01    3.252184E+01    3.257742E+01    3.261771E+01    3.264287E+01    3.265589E+01    3.266180E+01
   3.765571E+01    3.767375E+01    3.767782E+01    3.767709E+01    1.000000E+30    1.000000E+30    1.000000E+30    1.000000E+30    3.297888E+01    3.295413E+01    3.289973E+01    3.280450E+01    3.269650E+01    3.261564E+01    3.260004E+01    3.261536E+01    3.263429E+01    3.264932E+01    3.265956E+01    3.266408E+01
   3.746960E+01    3.752465E+01    3.754270E+01    3.754125E+01    1.000000E+30    1.000000E+30    1.000000E+30    1.000000E+30    3.293193E+01    3.290965E+01    3.286183E+01    3.279397E+01    3.271779E+01    3.266309E+01    3.264358E+01    3.264265E+01    3.265108E+01    3.266111E+01    3.266819E+01    3.267104E+01
   3.723401E+01    3.727335E+01    3.726687E+01    3.724660E+01    1.000000E+30    1.000000E+30    1.000000E+30    1.000000E+30    3.288692E+01    3.286371E+01    3.282258E+01    3.277031E+01    3.271138E+01    3.267194E+01    3.265790E+01    3.265559E+01    3.266121E+01    3.266813E+01    3.267298E+01    3.267545E+01
   3.683494E+01    3.683616E+01    3.678743E+01    3.676634E+01    1.000000E+30    1.000000E+30    1.000000E+30    1.000000E+30    3.282258E+01    3.279676E+01    3.275707E+01    3.271444E+01    3.267989E+01    3.265870E+01    3.265118E+01    3.265231E+01    3.265984E+01    3.266731E+01    3.267296E+01    3.267714E+01
   3.626090E+01    3.622645E+01    3.621897E+01    3.621314E+01    1.000000E+30    1.000000E+30    1.000000E+30    1.000000E+30    3.272302E+01    3.270391E+01    3.267925E+01    3.265608E+01    3.263953E+01    3.262729E+01    3.262675E+01    3.263751E+01    3.265180E+01    3.266327E+01    3.267104E+01    3.267773E+01
   3.559493E+01    3.550617E+01    3.548935E+01    3.546660E+01    1.000000E+30    1.000000E+30    1.000000E+30    1.000000E+30    3.262066E+01    3.262550E+01    3.262135E+01    3.261109E+01    3.259661E+01    3.258369E+01    3.258512E+01    3.261232E+01    3.263834E+01    3.265782E+01    3.267016E+01    3.267743E+01
   3.481809E+01    3.471564E+01    3.460742E+01    3.461604E+01    1.000000E+30    1.000000E+30    1.000000E+30    1.000000E+30    3.253421E+01    3.254954E+01    3.255713E+01    3.255762E+01    3.254725E+01    3.253486E+01    3.252737E+01    3.257691E+01    3.262389E+01    3.265266E+01    3.267057E+01    3.268000E+01
   3.416546E+01    3.405483E+01    3.396572E+01    3.397054E+01    1.000000E+30    1.000000E+30    1.000000E+30    1.000000E+30    3.243507E+01    3.245790E+01    3.248902E+01    3.250380E+01    3.250414E+01    3.249260E+01    3.244716E+01    3.254821E+01    3.261538E+01    3.265289E+01    3.267328E+01    3.268300E+01
   3.368892E+01    3.356498E+01    3.351607E+01    3.338706E+01    1.000000E+30    1.000000E+30    3.214536E+01    3.222371E+01    3.232559E+01    3.237412E+01    3.241743E+01    3.245112E+01    3.247073E+01    3.248621E+01    3.250202E+01    3.256592E+01    3.262421E+01    3.266097E+01    3.268202E+01    3.269271E+01
   3.326153E+01    3.316092E+01    3.298923E+01    3.261964E+01    3.208564E+01    1.000000E+30    3.202657E+01    3.212892E+01    3.223203E+01    3.230452E+01    3.235793E+01    3.240519E+01    3.244115E+01    3.247509E+01    3.251781E+01    3.257813E+01    3.263805E+01    3.267858E+01    3.269837E+01    3.270966E+01
   3.289686E+01    3.280001E+01    3.253850E+01    3.210099E+01    3.128476E+01    3.131812E+01    3.175144E+01    3.198180E+01    3.211248E+01    3.220318E+01    3.228596E+01    3.235634E+01    3.241268E+01    3.246098E+01    3.251976E+01    3.259015E+01    3.265579E+01    3.269911E+01    3.272014E+01    3.272993E+01
   3.270439E+01    3.257527E+01    3.224202E+01    3.148674E+01    2.918452E+01    3.082552E+01    3.154584E+01    3.185158E+01    3.199337E+01    3.208086E+01    3.216921E+01    3.227870E+01    3.237223E+01    3.244661E+01    3.252157E+01    3.260424E+01    3.267515E+01    3.272302E+01    3.274355E+01    3.275095E+01
   3.260552E+01    3.245760E+01    3.218670E+01    3.169487E+01    3.092174E+01    3.121832E+01    3.157513E+01    3.178651E+01    3.189203E+01    3.196540E+01    3.202239E+01    3.217296E+01    3.231141E+01    3.242276E+01    3.252492E+01    3.262376E+01    3.269094E+01    3.273320E+01    3.275428E+01    3.276227E+01
   3.254904E+01    3.243697E+01    3.222903E+01    3.192241E+01    3.157650E+01    3.149955E+01    3.156881E+01    3.170202E+01    3.180486E+01    3.182960E+01    3.165946E+01    3.206424E+01    3.227071E+01    3.241008E+01    3.252108E+01    3.262139E+01    3.268776E+01    3.272870E+01    3.275474E+01    3.276452E+01
   3.254845E+01    3.246453E+01    3.227484E+01    3.200185E+01    3.175934E+01    3.153764E+01    3.140738E+01    3.153385E+01    3.170571E+01    3.182848E+01    3.191082E+01    3.210026E+01    3.225607E+01    3.240077E+01    3.250886E+01    3.259917E+01    3.266775E+01    3.271235E+01    3.274187E+01    3.275854E+01
   3.256778E+01    3.250738E+01    3.234947E+01    3.207547E+01    3.174427E+01    3.134223E+01    3.094349E+01    3.129521E+01    3.159184E+01    3.180761E+01    3.197393E+01    3.212450E+01    3.224239E+01    3.238439E+01    3.250441E+01    3.257781E+01    3.264497E+01    3.269592E+01    3.272904E+01    3.274830E+01
   3.259819E+01    3.254913E+01    3.242038E+01    3.217989E+01    3.176147E+01    3.105010E+01    2.950351E+01    3.100212E+01    3.154286E+01    3.181558E+01    3.200546E+01    3.214331E+01    3.223748E+01    3.235233E+01    3.246552E+01    3.255124E+01    3.262040E+01    3.267956E+01    3.271943E+01    3.274202E+01
   3.264484E+01    3.261552E+01    3.250207E+01    3.233124E+01    3.199685E+01    3.146568E+01    3.099598E+01    3.139100E+01    3.169713E+01    3.186671E+01    3.202772E+01    3.215225E+01    3.222857E+01    3.231103E+01    3.240465E+01    3.249787E+01    3.259068E+01    3.266503E+01    3.271410E+01    3.274522E+01
   3.266876E+01    3.264127E+01    3.257455E+01    3.245795E+01    3.227001E+01    3.195243E+01    3.168789E+01    3.178360E+01    3.186728E+01    3.196728E+01    3.204618E+01    3.210776E+01    3.216423E+01    3.223490E+01    3.233664E+01    3.244010E+01    3.254253E+01    3.264195E+01    3.271075E+01    3.275202E+01
   1.000000E+30    3.266225E+01    3.261865E+01    3.254817E+01    3.244669E+01    3.228463E+01    3.209668E+01    3.202628E+01    3.202060E+01    3.204583E+01    3.204452E+01    3.202953E+01    3.203876E+01    3.212633E+01    3.225001E+01    3.237697E+01    3.250688E+01    3.261808E+01    3.270251E+01    3.276189E+01
   1.000000E+30    1.000000E+30    3.265100E+01    3.260768E+01    3.254602E+01    3.246630E+01    3.234435E+01    3.222733E+01    3.216461E+01    3.210805E+01    3.203507E+01    3.192870E+01    3.182140E+01    3.197775E+01    3.214807E+01    3.232738E+01    3.247597E+01    3.259960E+01    3.270519E+01    3.278258E+01
   1.000000E+30    1.000000E+30    1.000000E+30    3.264658E+01    3.260343E+01    3.255139E+01    3.247715E+01    3.237717E+01    3.228566E+01    3.218531E+01    3.204982E+01    3.184002E+01    3.130338E+01    3.185280E+01    3.209496E+01    3.229539E+01    3.246100E+01    3.258682E+01    3.268655E+01    3.278509E+01
   1.000000E+30    1.000000E+30    1.000000E+30    1.000000E+30    3.262978E+01    3.260026E+01    3.254867E+01    3.246485E+01    3.236924E+01    3.228250E+01    3.216133E+01    3.201911E+01    3.187421E+01    3.199554E+01    3.215969E+01    3.232673E+01    3.247101E+01    3.257811E+01    3.264347E+01    1.000000E+30
   1.000000E+30    1.000000E+30    1.000000E+30    1.000000E+30    3.265151E+01    3.263952E+01    3.260690E+01    3.254662E+01    3.245905E+01    3.238165E+01    3.229822E+01    3.220616E+01    3.212151E+01    3.216285E+01    3.227673E+01    3.239945E+01    3.250306E+01    3.258740E+01    3.263323E+01    1.000000E+30
   1.000000E+30    1.000000E+30    1.000000E+30    1.000000E+30    1.000000E+30    3.267495E+01    3.265384E+01    3.261594E+01    3.254774E+01    3.248235E+01    3.241562E+01    3.235866E+01    3.231535E+01    3.233325E+01    3.239013E+01    3.245951E+01    3.252676E+01    3.258913E+01    1.000000E+30    1.000000E+30
   1.000000E+30    1.000000E+30    1.000000E+30    1.000000E+30    1.000000E+30    3.270828E+01    3.270257E+01    3.267696E+01    3.262224E+01    3.255662E+01    3.249520E+01    3.244626E+01    3.242720E+01    3.243296E+01    3.245542E+01    3.248859E+01    3.252470E+01    1.000000E+30    1.000000E+30    1.000000E+30
   1.000000E+30    1.000000E+30    1.000000E+30    1.000000E+30    1.000000E+30    3.273752E+01    3.277801E+01    3.277548E+01    3.271138E+01    3.263980E+01    3.254291E+01    3.249127E+01    3.247150E+01    3.247930E+01    3.248010E+01    3.249118E+01    1.000000E+30    1.000000E+30    1.000000E+30    1.000000E+30
