   3.865108E+01    3.861700E+01    3.857201E+01    3.852055E+01    3.843753E+01    3.832088E+01    3.817975E+01    3.792483E+01    3.752872E+01    3.713821E+01    3.676716E+01    3.625750E+01    3.573393E+01    3.530615E+01    3.476825E+01    3.428060E+01    3.451393E+01    3.461675E+01    3.468600E+01    3.470624E+01
   3.865943E+01    3.862910E+01    3.858152E+01    3.851365E+01    3.840102E+01    3.826297E+01    3.811089E+01    3.786576E+01    3.747858E+01    3.707189E+01    3.668664E+01    3.620376E+01    3.572148E+01    3.524854E+01    3.472861E+01    3.427633E+01    3.450326E+01    3.460321E+01    3.466083E+01    3.468881E+01
   3.868498E+01    3.865121E+01    3.859036E+01    3.848697E+01    3.835429E+01    3.821397E+01    3.803376E+01    3.776290E+01    3.737722E+01    3.696114E+01    3.654399E+01    3.608677E+01    3.565978E+01    3.520240E+01    3.469309E+01    3.423742E+01    3.444549E+01    3.454894E+01    3.461083E+01    3.463921E+01
   3.871844E+01    3.868696E+01    3.861020E+01    3.847846E+01    3.833421E+01    3.817315E+01    3.794191E+01    3.761394E+01    3.721488E+01    3.680250E+01    3.637034E+01    3.592208E+01    3.550301E+01    3.505938E+01    3.462882E+01    3.430054E+01    3.440592E+01    3.446992E+01    3.451875E+01    3.455513E+01
   3.876835E+01    3.873646E+01    3.866275E+01    3.851524E+01    3.832485E+01    3.810348E+01    3.778197E+01    3.742896E+01    3.705050E+01    3.658628E+01    3.610624E+01    3.568025E+01    3.528227E+01    3.490893E+01    3.456934E+01    3.429904E+01    3.434925E+01    3.438405E+01    3.441156E+01    3.444384E+01
   3.887414E+01    3.882437E+01    3.873230E+01    3.855614E+01    3.830959E+01    3.802310E+01    3.767979E+01    3.722975E+01    3.673515E+01    3.623741E+01    3.581639E+01    3.543772E+01    3.506076E+01    3.474267E+01    3.446316E+01    3.423960E+01    3.426635E+01    3.429199E+01    3.431224E+01    3.432219E+01
   3.904398E+01    3.896537E+01    3.885230E+01    3.863239E+01    3.830015E+01    3.796319E+01    3.749926E+01    3.687328E+01    3.632692E+01    3.586142E+01    3.550311E+01    3.514933E+01    3.483616E+01    3.459021E+01    3.435767E+01    3.418899E+01    3.417422E+01    3.419164E+01    3.420514E+01    3.419821E+01
   3.920343E+01    3.914198E+01    3.904524E+01    3.882266E+01    3.827981E+01    3.790001E+01    3.733677E+01    3.647860E+01    3.589266E+01    3.548722E+01    3.521060E+01    3.493049E+01    3.467977E+01    3.447157E+01    3.427115E+01    3.408900E+01    3.402305E+01    3.403889E+01    3.406760E+01    3.408476E+01
   3.931985E+01    3.929264E+01    3.926265E+01    3.921454E+01    1.000000E+30    1.000000E+30    1.000000E+30    3.591165E+01    3.546963E+01    3.524372E+01    3.502282E+01    3.476162E+01    3.453611E+01    3.433238E+01    3.412531E+01    3.393603E+01    3.378327E+01    3.388000E+01    3.395491E+01    3.399756E+01
   3.941734E+01    3.941269E+01    3.941049E+01    3.939786E+01    1.000000E+30    1.000000E+30    1.000000E+30    1.000000E+30    3.512487E+01    3.498929E+01    3.480051E+01    3.457987E+01    3.439215E+01    3.415884E+01    3.397380E+01    3.378241E+01    3.340759E+01    3.376690E+01    3.390093E+01    3.394967E+01
   3.948716E+01    3.949273E+01    3.949858E+01    3.951205E+01    1.000000E+30    1.000000E+30    1.000000E+30    1.000000E+30    3.486595E+01    3.478676E+01    3.464513E+01    3.446402E+01    3.422369E+01    3.391332E+01    3.386719E+01    3.382136E+01    3.375079E+01    3.385507E+01    3.391004E+01    3.394018E+01
   3.952399E+01    3.952993E+01    3.954245E+01    3.955507E+01    1.000000E+30    1.000000E+30    1.000000E+30    1.000000E+30    3.472220E+01    3.466685E+01    3.453987E+01    3.435573E+01    3.405062E+01    3.342522E+01    3.377529E+01    3.385997E+01    3.387766E+01    3.391320E+01    3.393933E+01    3.395894E+01
   3.953901E+01    3.954610E+01    3.955793E+01    3.957018E+01    1.000000E+30    1.000000E+30    1.000000E+30    1.000000E+30    3.463970E+01    3.460376E+01    3.449956E+01    3.433875E+01    3.414922E+01    3.391532E+01    3.392130E+01    3.394348E+01    3.395141E+01    3.396008E+01    3.397278E+01    3.398356E+01
   3.953254E+01    3.954723E+01    3.956102E+01    3.957561E+01    1.000000E+30    1.000000E+30    1.000000E+30    1.000000E+30    3.460550E+01    3.457309E+01    3.450076E+01    3.436913E+01    3.422332E+01    3.410862E+01    3.405570E+01    3.402991E+01    3.402131E+01    3.401512E+01    3.401937E+01    3.402383E+01
   3.948924E+01    3.951664E+01    3.954508E+01    3.956334E+01    1.000000E+30    1.000000E+30    1.000000E+30    1.000000E+30    3.458419E+01    3.455370E+01    3.449329E+01    3.439890E+01    3.428221E+01    3.419057E+01    3.413386E+01    3.409042E+01    3.407804E+01    3.407368E+01    3.407521E+01    3.407701E+01
   3.941386E+01    3.944080E+01    3.947466E+01    3.948712E+01    1.000000E+30    1.000000E+30    1.000000E+30    1.000000E+30    3.457191E+01    3.453809E+01    3.448233E+01    3.440629E+01    3.430673E+01    3.422403E+01    3.417222E+01    3.412059E+01    3.411325E+01    3.411345E+01    3.411369E+01    3.411634E+01
   3.926249E+01    3.929730E+01    3.931701E+01    3.931194E+01    1.000000E+30    1.000000E+30    1.000000E+30    1.000000E+30    3.456059E+01    3.452440E+01    3.446545E+01    3.439503E+01    3.431365E+01    3.423867E+01    3.417722E+01    3.412429E+01    3.412599E+01    3.413019E+01    3.413371E+01    3.413883E+01
   3.904494E+01    3.905212E+01    3.907155E+01    3.907516E+01    1.000000E+30    1.000000E+30    1.000000E+30    1.000000E+30    3.455351E+01    3.450405E+01    3.444035E+01    3.438147E+01    3.431330E+01    3.423680E+01    3.416642E+01    3.411308E+01    3.412383E+01    3.413298E+01    3.414120E+01    3.415142E+01
   3.876714E+01    3.873608E+01    3.873539E+01    3.872837E+01    1.000000E+30    1.000000E+30    1.000000E+30    1.000000E+30    3.455398E+01    3.450489E+01    3.443658E+01    3.436890E+01    3.429648E+01    3.421457E+01    3.413757E+01    3.408882E+01    3.411104E+01    3.412768E+01    3.413872E+01    3.414660E+01
   3.841057E+01    3.835958E+01    3.830189E+01    3.831058E+01    1.000000E+30    1.000000E+30    1.000000E+30    1.000000E+30    3.457801E+01    3.451984E+01    3.443325E+01    3.435547E+01    3.427076E+01    3.418136E+01    3.408596E+01    3.404569E+01    3.409101E+01    3.411553E+01    3.413039E+01    3.413762E+01
   3.807379E+01    3.802360E+01    3.797931E+01    3.798858E+01    1.000000E+30    1.000000E+30    1.000000E+30    1.000000E+30    3.463068E+01    3.456146E+01    3.445516E+01    3.435511E+01    3.426266E+01    3.415411E+01    3.398758E+01    3.401498E+01    3.407642E+01    3.410598E+01    3.412022E+01    3.412815E+01
   3.782808E+01    3.777107E+01    3.775742E+01    3.770875E+01    1.000000E+30    1.000000E+30    3.499041E+01    3.486149E+01    3.470914E+01    3.460143E+01    3.448338E+01    3.437092E+01    3.428307E+01    3.419468E+01    3.409276E+01    3.404931E+01    3.408172E+01    3.410372E+01    3.411581E+01    3.412262E+01
   3.760554E+01    3.757008E+01    3.750679E+01    3.736516E+01    3.713424E+01    1.000000E+30    3.509708E+01    3.493412E+01    3.476319E+01    3.462193E+01    3.448924E+01    3.437704E+01    3.429945E+01    3.422788E+01    3.414058E+01    3.405760E+01    3.408501E+01    3.410470E+01    3.411507E+01    3.412027E+01
   3.740643E+01    3.738613E+01    3.729898E+01    3.715115E+01    3.676461E+01    3.602880E+01    3.537551E+01    3.502833E+01    3.481598E+01    3.463148E+01    3.447607E+01    3.437641E+01    3.430651E+01    3.424113E+01    3.415686E+01    3.405175E+01    3.408080E+01    3.410266E+01    3.411427E+01    3.411924E+01
   3.727450E+01    3.724126E+01    3.714403E+01    3.696729E+01    3.658074E+01    3.600011E+01    3.542810E+01    3.505425E+01    3.481148E+01    3.460197E+01    3.445202E+01    3.436878E+01    3.430700E+01    3.423750E+01    3.414796E+01    3.401521E+01    3.406510E+01    3.409696E+01    3.411218E+01    3.411804E+01
   3.714653E+01    3.710337E+01    3.699900E+01    3.680561E+01    3.643053E+01    3.590589E+01    3.538711E+01    3.503019E+01    3.478302E+01    3.455451E+01    3.436684E+01    3.433317E+01    3.429552E+01    3.422880E+01    3.413435E+01    3.399851E+01    3.405817E+01    3.408800E+01    3.410583E+01    3.411392E+01
   3.704019E+01    3.699035E+01    3.687025E+01    3.663880E+01    3.627306E+01    3.580559E+01    3.535402E+01    3.502035E+01    3.475629E+01    3.448930E+01    3.400105E+01    3.424928E+01    3.426237E+01    3.420312E+01    3.411353E+01    3.399646E+01    3.404563E+01    3.407817E+01    3.409937E+01    3.410886E+01
   3.697701E+01    3.691331E+01    3.674950E+01    3.644762E+01    3.613544E+01    3.573555E+01    3.529062E+01    3.499751E+01    3.477453E+01    3.455161E+01    3.433507E+01    3.430694E+01    3.426562E+01    3.418521E+01    3.408253E+01    3.397408E+01    3.402473E+01    3.406103E+01    3.408621E+01    3.410071E+01
   3.693716E+01    3.687396E+01    3.668288E+01    3.636258E+01    3.599937E+01    3.556554E+01    3.511842E+01    3.490170E+01    3.475611E+01    3.460448E+01    3.444697E+01    3.435449E+01    3.428440E+01    3.417558E+01    3.404842E+01    3.394715E+01    3.400346E+01    3.404594E+01    3.407289E+01    3.409136E+01
   3.690931E+01    3.683260E+01    3.663131E+01    3.633536E+01    3.592029E+01    3.540534E+01    3.471840E+01    3.480325E+01    3.473394E+01    3.461146E+01    3.447016E+01    3.435591E+01    3.426378E+01    3.414867E+01    3.403078E+01    3.393632E+01    3.398787E+01    3.403229E+01    3.406245E+01    3.408147E+01
   3.688157E+01    3.679527E+01    3.659115E+01    3.632252E+01    3.593290E+01    3.543637E+01    3.500822E+01    3.484760E+01    3.472861E+01    3.461280E+01    3.446251E+01    3.432482E+01    3.420025E+01    3.409614E+01    3.401175E+01    3.393035E+01    3.397639E+01    3.402258E+01    3.405501E+01    3.407591E+01
   3.684722E+01    3.674274E+01    3.656813E+01    3.630267E+01    3.597238E+01    3.554532E+01    3.511063E+01    3.486911E+01    3.472396E+01    3.456659E+01    3.440119E+01    3.424614E+01    3.411228E+01    3.403135E+01    3.396556E+01    3.389080E+01    3.395106E+01    3.400795E+01    3.404848E+01    3.407317E+01
   1.000000E+30    3.667570E+01    3.647917E+01    3.620994E+01    3.591841E+01    3.554283E+01    3.512792E+01    3.486474E+01    3.468287E+01    3.449114E+01    3.429934E+01    3.410528E+01    3.396501E+01    3.390840E+01    3.388029E+01    3.383910E+01    3.392299E+01    3.398812E+01    3.403716E+01    3.407155E+01
   1.000000E+30    1.000000E+30    3.636134E+01    3.606253E+01    3.574612E+01    3.541879E+01    3.509152E+01    3.482514E+01    3.458006E+01    3.436689E+01    3.415280E+01    3.391540E+01    3.368232E+01    3.373088E+01    3.377448E+01    3.378541E+01    3.388437E+01    3.396445E+01    3.402372E+01    3.407155E+01
   1.000000E+30    1.000000E+30    1.000000E+30    3.580455E+01    3.544271E+01    3.517854E+01    3.495387E+01    3.471201E+01    3.445037E+01    3.424547E+01    3.401331E+01    3.369620E+01    3.305136E+01    3.353930E+01    3.367695E+01    3.372731E+01    3.384926E+01    3.393521E+01    3.399527E+01    3.406479E+01
   1.000000E+30    1.000000E+30    1.000000E+30    1.000000E+30    3.510163E+01    3.494332E+01    3.477102E+01    3.455136E+01    3.431772E+01    3.414041E+01    3.394254E+01    3.373574E+01    3.354507E+01    3.360998E+01    3.368168E+01    3.372345E+01    3.382624E+01    3.390548E+01    3.395034E+01    1.000000E+30
   1.000000E+30    1.000000E+30    1.000000E+30    1.000000E+30    3.491631E+01    3.468513E+01    3.452075E+01    3.434201E+01    3.416922E+01    3.401879E+01    3.387804E+01    3.376186E+01    3.367013E+01    3.366989E+01    3.369854E+01    3.372754E+01    3.381381E+01    3.387870E+01    3.392426E+01    1.000000E+30
   1.000000E+30    1.000000E+30    1.000000E+30    1.000000E+30    1.000000E+30    3.431834E+01    3.424394E+01    3.412332E+01    3.401455E+01    3.389371E+01    3.379752E+01    3.373136E+01    3.367363E+01    3.364720E+01    3.365726E+01    3.369109E+01    3.377592E+01    3.384508E+01    1.000000E+30    1.000000E+30
   1.000000E+30    1.000000E+30    1.000000E+30    1.000000E+30    1.000000E+30    3.404800E+01    3.402889E+01    3.395989E+01    3.387087E+01    3.378019E+01    3.371345E+01    3.366091E+01    3.357888E+01    3.354302E+01    3.355995E+01    3.361688E+01    3.370389E+01    1.000000E+30    1.000000E+30    1.000000E+30
   1.000000E+30    1.000000E+30    1.000000E+30    1.000000E+30    1.000000E+30    3.372985E+01    3.379065E+01    3.377023E+01    3.372327E+01    3.369407E+01    3.362187E+01    3.354900E+01    3.342090E+01    3.336629E+01    3.341878E+01    3.353463E+01    1.000000E+30    1.000000E+30    1.000000E+30    1.000000E+30
