   1.459171E-05    1.288072E-05    8.363872E-06    1.341332E-05    1.687126E-05    2.197473E-05    2.749556E-05    2.706393E-05    1.658315E-05    1.402992E-05    1.127787E-05    1.087207E-05    1.146243E-05    9.511486E-06    1.183676E-05    1.262119E-05    1.846478E-05    2.037516E-05    2.640943E-05    2.084573E-05
   1.979374E-05    1.612340E-05    1.606627E-05    1.781446E-05    1.832853E-05    2.145430E-05    2.764514E-05    2.809311E-05    1.627786E-05    1.112896E-05    1.024551E-05    5.700938E-06    6.557494E-06    8.811419E-06    1.036575E-05    1.587295E-05    3.289654E-05    3.039297E-05    2.500889E-05    2.729518E-05
   2.251964E-05    2.339956E-05    1.673271E-05    1.748829E-05    1.590875E-05    2.642279E-05    2.766241E-05    2.361548E-05    1.171862E-05    1.120935E-05    1.129860E-05    7.291907E-06    1.036055E-05    8.973335E-06    1.909633E-05    2.154639E-05    2.283937E-05    1.424993E-05    2.914455E-05    2.384081E-05
   1.706890E-05    2.236509E-05    1.880455E-05    1.169047E-05    1.798548E-05    1.936515E-05    2.643602E-05    2.391636E-05    1.352347E-05    1.006780E-05    9.412899E-06    5.447402E-06    8.497058E-06    6.858472E-06    1.261356E-05    1.504314E-05    1.659908E-05    1.454508E-05    1.664516E-05    1.584277E-05
   1.280051E-05    1.380436E-05    2.002196E-05    1.017631E-05    1.223587E-05    2.640126E-05    1.768226E-05    2.329030E-05    1.242827E-05    1.252765E-05    1.448948E-05    7.944544E-06    6.255354E-06    7.041823E-06    1.257892E-05    1.602342E-05    1.951862E-05    1.082074E-05    2.405761E-05    2.744756E-05
   1.674422E-05    1.921135E-05    2.616173E-05    1.204339E-05    1.203389E-05    1.282791E-05    2.425176E-05    2.227256E-05    1.416633E-05    9.028894E-06    1.290867E-05    8.493670E-06    7.626796E-06    6.424411E-06    8.358346E-06    1.318962E-05    1.535217E-05    8.826136E-06    9.848696E-06    1.835570E-05
   2.063568E-05    2.491176E-05    1.684249E-05    1.598902E-05    1.122393E-05    1.596578E-05    1.727095E-05    2.176149E-05    1.003669E-05    7.459843E-06    1.194902E-05    5.342396E-06    4.366798E-06    4.125921E-06    4.044550E-06    5.503940E-06    8.223931E-06    1.312273E-05    1.150962E-05    1.569554E-05
   2.517372E-05    2.329575E-05    3.276278E-05    2.772848E-05    1.572535E-05    1.794475E-05    1.744562E-05    2.184934E-05    1.109832E-05    1.044522E-05    1.166770E-05    6.093408E-06    5.254567E-06    5.721405E-06    4.646480E-06    5.290152E-06    8.239524E-06    9.276197E-06    7.421116E-06    1.347684E-05
   2.277246E-05    1.530102E-05    2.673222E-05    2.208545E-05    2.200625E-05    2.200625E-05    2.200625E-05    1.803221E-05    1.485472E-05    6.740272E-06    8.089650E-06    9.092314E-06    3.736975E-06    3.041006E-06    3.960364E-06    5.785969E-06    4.995384E-06    9.213980E-06    7.957540E-06    6.990559E-06
   2.014663E-05    1.433421E-05    1.666449E-05    2.317940E-05    2.200625E-05    2.200625E-05    2.200625E-05    2.200625E-05    1.146618E-05    1.220941E-05    1.262342E-05    7.379274E-06    3.950521E-06    3.075981E-06    3.768344E-06    8.141699E-06    5.859803E-06    7.338007E-06    9.433908E-06    6.926315E-06
   2.183285E-05    2.052179E-05    2.107497E-05    4.891413E-05    2.200625E-05    2.200625E-05    2.200625E-05    2.200625E-05    1.459367E-05    1.588709E-05    1.345818E-05    9.003889E-06    6.181275E-06    6.721631E-06    8.287134E-06    9.103410E-06    7.928565E-06    1.042862E-05    8.178614E-06    7.858983E-06
   1.372600E-05    2.292805E-05    3.446965E-05    4.420377E-05    2.200625E-05    2.200625E-05    2.200625E-05    2.200625E-05    1.943451E-05    1.021670E-05    7.814235E-06    1.188693E-05    7.615979E-06    7.317290E-06    1.078166E-05    1.005837E-05    1.541064E-05    1.019858E-05    6.526558E-06    7.856848E-06
   1.998061E-05    1.826759E-05    2.544634E-05    3.620095E-05    2.200625E-05    2.200625E-05    2.200625E-05    2.200625E-05    1.545305E-05    1.429149E-05    9.353290E-06    1.496957E-05    1.117802E-05    9.623166E-06    6.899912E-06    9.513155E-06    1.087111E-05    6.813778E-06    7.898619E-06    3.965824E-06
   1.934560E-05    3.110360E-05    3.336920E-05    4.320768E-05    2.200625E-05    2.200625E-05    2.200625E-05    2.200625E-05    3.405702E-05    1.501253E-05    1.396022E-05    1.099558E-05    8.644538E-06    8.475384E-06    1.036929E-05    8.412988E-06    8.342864E-06    6.533003E-06    7.997757E-06    1.042160E-05
   2.560845E-05    2.810903E-05    4.082883E-05    5.238168E-05    2.200625E-05    2.200625E-05    2.200625E-05    2.200625E-05    2.755430E-05    1.595137E-05    1.154646E-05    1.460177E-05    1.030143E-05    8.326620E-06    1.021453E-05    6.355398E-06    6.917720E-06    8.060320E-06    9.727227E-06    1.488942E-05
   2.837738E-05    3.091980E-05    4.835517E-05    5.290169E-05    2.200625E-05    2.200625E-05    2.200625E-05    2.200625E-05    2.241985E-05    1.100590E-05    6.451710E-06    7.311811E-06    7.670593E-06    4.717107E-06    1.022999E-05    7.166241E-06    6.824026E-06    9.920495E-06    1.232376E-05    2.088086E-05
   2.970480E-05    5.572722E-05    6.989501E-05    3.804843E-05    2.200625E-05    2.200625E-05    2.200625E-05    2.200625E-05    1.314392E-05    1.080974E-05    8.466949E-06    1.029380E-05    1.025306E-05    7.849192E-06    6.559473E-06    6.731367E-06    1.156081E-05    8.869054E-06    1.559583E-05    2.328386E-05
   4.398095E-05    3.051855E-05    3.532261E-05    3.003981E-05    2.200625E-05    2.200625E-05    2.200625E-05    2.200625E-05    1.587336E-05    1.015693E-05    1.433596E-05    1.630385E-05    9.642990E-06    5.810239E-06    5.447249E-06    1.027588E-05    1.402395E-05    1.813099E-05    2.449807E-05    3.144670E-05
   4.147454E-05    3.532991E-05    2.976336E-05    2.788304E-05    2.200625E-05    2.200625E-05    2.200625E-05    2.200625E-05    1.993525E-05    9.180743E-06    1.099502E-05    2.415568E-05    1.454711E-05    7.947787E-06    8.697297E-06    9.741155E-06    1.692640E-05    1.978643E-05    2.030302E-05    2.356650E-05
   5.103984E-05    3.654621E-05    1.961480E-05    2.398523E-05    2.200625E-05    2.200625E-05    2.200625E-05    2.200625E-05    9.921936E-06    1.142260E-05    6.525177E-06    1.531880E-05    1.132426E-05    1.176681E-05    1.168898E-05    1.098956E-05    1.361277E-05    1.578164E-05    2.245265E-05    1.451860E-05
   2.017893E-05    2.637833E-05    1.000653E-05    1.706839E-05    2.200625E-05    2.200625E-05    2.200625E-05    2.200625E-05    1.825069E-05    1.574174E-05    1.293035E-05    1.905096E-05    2.780357E-05    1.734878E-05    1.324189E-05    1.295305E-05    1.074968E-05    1.295768E-05    1.335897E-05    1.528941E-05
   1.280098E-05    1.190643E-05    1.089412E-05    1.030200E-05    2.200625E-05    2.200625E-05    1.368852E-05    1.547827E-05    2.289306E-05    1.631908E-05    1.768705E-05    2.208483E-05    3.699528E-05    4.306137E-05    1.668742E-05    1.191393E-05    1.062600E-05    9.181301E-06    8.626624E-06    1.384685E-05
   1.058717E-05    1.118331E-05    1.096869E-05    1.230653E-05    1.983699E-05    2.200625E-05    1.183946E-05    1.409318E-05    1.889996E-05    2.780985E-05    3.856896E-05    2.754473E-05    2.415527E-05    2.116833E-05    1.834526E-05    1.480878E-05    1.822119E-05    1.134338E-05    7.932185E-06    1.197110E-05
   8.337267E-06    1.915294E-05    1.275020E-05    1.795674E-05    1.232395E-05    1.991227E-05    9.393326E-06    1.733572E-05    2.805122E-05    2.974211E-05    3.828942E-05    3.540038E-05    2.797270E-05    3.059386E-05    2.376816E-05    1.779847E-05    1.835928E-05    9.015344E-06    1.186367E-05    1.093754E-05
   1.003347E-05    2.174696E-05    2.204384E-05    2.436392E-05    1.752135E-05    1.781324E-05    1.177506E-05    1.771682E-05    3.170438E-05    2.735464E-05    3.109263E-05    4.002729E-05    5.060508E-05    2.890193E-05    2.782379E-05    1.632601E-05    1.507651E-05    1.456122E-05    1.506488E-05    1.618121E-05
   1.468087E-05    2.445666E-05    3.230492E-05    2.719039E-05    1.763323E-05    1.359385E-05    1.867432E-05    2.502859E-05    2.945180E-05    3.190384E-05    3.329796E-05    4.270577E-05    3.495904E-05    3.221579E-05    2.327631E-05    2.162815E-05    1.666760E-05    1.870560E-05    1.208376E-05    1.730941E-05
   2.054725E-05    2.311538E-05    2.681394E-05    3.044835E-05    2.179721E-05    1.767646E-05    2.149301E-05    2.262661E-05    3.968758E-05    4.925507E-05    3.206084E-05    3.945488E-05    3.285720E-05    2.122800E-05    2.538767E-05    2.348612E-05    1.575339E-05    1.764286E-05    1.935150E-05    1.411955E-05
   3.359676E-05    3.345359E-05    3.986672E-05    2.409470E-05    3.517981E-05    3.581001E-05    2.480159E-05    1.769810E-05    3.492563E-05    4.929541E-05    4.730536E-05    2.802705E-05    2.450861E-05    1.967795E-05    1.828374E-05    1.949893E-05    1.189614E-05    1.092586E-05    1.391846E-05    1.353286E-05
   7.008313E-05    6.697736E-05    4.510885E-05    2.611833E-05    1.367000E-05    1.536655E-05    2.525646E-05    1.769203E-05    2.047605E-05    3.712522E-05    3.412866E-05    4.048551E-05    3.693144E-05    1.573190E-05    1.248690E-05    1.197867E-05    7.607242E-06    1.030268E-05    9.023073E-06    1.807033E-05
   7.159683E-05    7.162506E-05    3.281521E-05    3.110278E-05    1.359955E-05    1.627588E-05    3.077528E-05    2.434220E-05    3.073000E-05    1.742025E-05    2.394690E-05    3.091319E-05    1.986016E-05    1.338742E-05    1.012228E-05    1.065267E-05    7.866691E-06    7.596959E-06    7.485403E-06    1.220886E-05
   5.971735E-05    8.232177E-05    3.342464E-05    1.727698E-05    1.447891E-05    1.530460E-05    2.323995E-05    1.787493E-05    1.431686E-05    1.461803E-05    2.068544E-05    2.772643E-05    2.308792E-05    1.889685E-05    1.352706E-05    1.211443E-05    5.584363E-06    9.297606E-06    8.245350E-06    7.172506E-06
   6.172988E-05    8.179256E-05    6.689584E-05    3.390843E-05    3.290796E-05    2.849848E-05    1.915949E-05    1.920192E-05    2.428471E-05    1.803803E-05    3.467122E-05    1.936341E-05    3.468436E-05    3.841969E-05    2.052954E-05    1.360682E-05    1.287552E-05    1.164549E-05    7.164843E-06    8.276376E-06
   2.200625E-05    6.528690E-05    5.622164E-05    3.446375E-05    2.775147E-05    2.673732E-05    2.041228E-05    2.973056E-05    2.055931E-05    2.183800E-05    3.314113E-05    3.827930E-05    4.299277E-05    2.021045E-05    1.573603E-05    1.161406E-05    1.703125E-05    1.074198E-05    1.119522E-05    9.921486E-06
   2.200625E-05    2.200625E-05    7.955279E-05    3.566812E-05    3.236975E-05    3.372239E-05    2.585028E-05    2.616047E-05    2.133316E-05    3.048659E-05    3.654002E-05    4.156551E-05    3.418225E-05    3.314040E-05    1.298384E-05    9.561610E-06    1.101422E-05    1.369695E-05    1.117862E-05    1.258118E-05
   2.200625E-05    2.200625E-05    2.200625E-05    3.195351E-05    2.726398E-05    3.226724E-05    5.758456E-05    3.872705E-05    2.265950E-05    2.872776E-05    5.378641E-05    2.701283E-05    4.131786E-05    2.141401E-05    1.008557E-05    1.281719E-05    1.294349E-05    1.299636E-05    1.023881E-05    1.804516E-05
   2.200625E-05    2.200625E-05    2.200625E-05    2.200625E-05    2.373179E-05    3.660929E-05    4.116736E-05    3.841428E-05    3.577821E-05    2.928493E-05    3.161069E-05    2.476193E-05    2.281766E-05    1.427689E-05    1.554383E-05    1.426291E-05    1.480648E-05    2.078463E-05    1.395282E-05    2.200625E-05
   2.200625E-05    2.200625E-05    2.200625E-05    2.200625E-05    1.755479E-05    2.310167E-05    2.526980E-05    3.505101E-05    3.364718E-05    2.145565E-05    2.301662E-05    1.802226E-05    1.638535E-05    2.149925E-05    2.204751E-05    2.124949E-05    2.787071E-05    1.734653E-05    1.293072E-05    2.200625E-05
   2.200625E-05    2.200625E-05    2.200625E-05    2.200625E-05    2.200625E-05    2.124411E-05    2.519668E-05    3.274963E-05    2.731740E-05    1.603684E-05    2.200870E-05    1.729099E-05    1.491930E-05    2.391615E-05    1.982241E-05    2.158513E-05    1.274833E-05    1.062130E-05    2.200625E-05    2.200625E-05
   2.200625E-05    2.200625E-05    2.200625E-05    2.200625E-05    2.200625E-05    1.754601E-05    2.411172E-05    2.280850E-05    2.072465E-05    9.399495E-06    2.115169E-05    2.208858E-05    1.358782E-05    2.067184E-05    2.387052E-05    1.782893E-05    1.056914E-05    2.200625E-05    2.200625E-05    2.200625E-05
   2.200625E-05    2.200625E-05    2.200625E-05    2.200625E-05    2.200625E-05    2.563679E-05    1.376026E-05    1.739042E-05    1.724115E-05    3.195804E-05    2.762227E-05    3.136315E-05    1.520151E-05    1.108259E-05    1.424670E-05    9.142819E-06    2.200625E-05    2.200625E-05    2.200625E-05    2.200625E-05
