   9.234010E-05    8.151251E-05    5.292875E-05    8.488297E-05    1.067657E-04    1.390618E-04    1.739991E-04    1.712675E-04    1.049425E-04    8.878500E-05    7.136929E-05    6.880127E-05    7.253722E-05    6.019115E-05    7.490610E-05    7.987014E-05    1.168499E-04    1.289393E-04    1.671257E-04    1.319172E-04
   1.252600E-04    1.020331E-04    1.016715E-04    1.127345E-04    1.159877E-04    1.357684E-04    1.749456E-04    1.777805E-04    1.030105E-04    7.042695E-05    6.483622E-05    3.607702E-05    4.149752E-05    5.576095E-05    6.559716E-05    1.004482E-04    2.081778E-04    1.923346E-04    1.582627E-04    1.727310E-04
   1.425101E-04    1.480785E-04    1.058889E-04    1.106704E-04    1.006747E-04    1.672103E-04    1.750549E-04    1.494449E-04    7.415846E-05    7.093568E-05    7.150047E-05    4.614508E-05    6.556423E-05    5.678559E-05    1.208465E-04    1.363511E-04    1.445335E-04    9.017727E-05    1.844343E-04    1.508709E-04
   1.080164E-04    1.415321E-04    1.190001E-04    7.398035E-05    1.138168E-04    1.225477E-04    1.672940E-04    1.513489E-04    8.558002E-05    6.371167E-05    5.956727E-05    3.447258E-05    5.377159E-05    4.340219E-05    7.982187E-05    9.519691E-05    1.050433E-04    9.204505E-05    1.053349E-04    1.002572E-04
   8.100492E-05    8.735758E-05    1.267042E-04    6.439835E-05    7.743176E-05    1.670740E-04    1.118979E-04    1.473871E-04    7.864931E-05    7.927825E-05    9.169319E-05    5.027513E-05    3.958550E-05    4.456249E-05    7.960266E-05    1.014003E-04    1.235189E-04    6.847643E-05    1.522428E-04    1.736953E-04
   1.059618E-04    1.215744E-04    1.655582E-04    7.621368E-05    7.615359E-05    8.117835E-05    1.534714E-04    1.409465E-04    8.964821E-05    5.713718E-05    8.168943E-05    5.375015E-05    4.826434E-05    4.065534E-05    5.289379E-05    8.346736E-05    9.715254E-05    5.585408E-05    6.232510E-05    1.161597E-04
   1.305879E-04    1.576481E-04    1.065836E-04    1.011827E-04    7.102792E-05    1.010356E-04    1.092951E-04    1.377124E-04    6.351477E-05    4.720783E-05    7.561648E-05    3.380807E-05    2.763423E-05    2.610990E-05    2.559496E-05    3.483036E-05    5.204317E-05    8.304405E-05    7.283588E-05    9.932547E-05
   1.593058E-04    1.474215E-04    2.073314E-04    1.754730E-04    9.951409E-05    1.135591E-04    1.104004E-04    1.382683E-04    7.023306E-05    6.610009E-05    7.383621E-05    3.856067E-05    3.325226E-05    3.620653E-05    2.940413E-05    3.347746E-05    5.214185E-05    5.870219E-05    4.696275E-05    8.528496E-05
   1.441100E-04    9.682883E-05    1.691684E-04    1.397624E-04    1.413875E-04    1.413875E-04    1.413875E-04    1.141125E-04    9.400449E-05    4.265419E-05    5.119341E-05    5.753852E-05    2.364855E-05    1.924428E-05    2.506221E-05    3.661511E-05    3.161209E-05    5.830846E-05    5.035738E-05    4.423807E-05
   1.274931E-04    9.071060E-05    1.054572E-04    1.466852E-04    1.413875E-04    1.413875E-04    1.413875E-04    1.413875E-04    7.256098E-05    7.726434E-05    7.988426E-05    4.669796E-05    2.499992E-05    1.946560E-05    2.384706E-05    5.152279E-05    3.708235E-05    4.643681E-05    5.970022E-05    4.383152E-05
   1.381639E-04    1.298672E-04    1.333679E-04    3.095413E-04    1.413875E-04    1.413875E-04    1.413875E-04    1.413875E-04    9.235251E-05    1.005376E-04    8.516687E-05    5.697895E-05    3.911671E-05    4.253623E-05    5.244314E-05    5.760874E-05    5.017402E-05    6.599501E-05    5.175639E-05    4.973368E-05
   8.686169E-05    1.450946E-04    2.181329E-04    2.797329E-04    1.413875E-04    1.413875E-04    1.413875E-04    1.413875E-04    1.229866E-04    6.465395E-05    4.945051E-05    7.522358E-05    4.819589E-05    4.630571E-05    6.822914E-05    6.365195E-05    9.752254E-05    6.453929E-05    4.130175E-05    4.972017E-05
   1.264425E-04    1.156021E-04    1.610310E-04    2.290890E-04    1.413875E-04    1.413875E-04    1.413875E-04    1.413875E-04    9.779092E-05    9.044024E-05    5.919005E-05    9.473135E-05    7.073740E-05    6.089789E-05    4.366443E-05    6.020171E-05    6.879522E-05    4.311935E-05    4.998451E-05    2.509676E-05
   1.224240E-04    1.968316E-04    2.111690E-04    2.734294E-04    1.413875E-04    1.413875E-04    1.413875E-04    1.413875E-04    2.155217E-04    9.500316E-05    8.834389E-05    6.958289E-05    5.470488E-05    5.363443E-05    6.561956E-05    5.323957E-05    5.279581E-05    4.134254E-05    5.061188E-05    6.595061E-05
   1.620569E-04    1.778813E-04    2.583755E-04    3.314849E-04    1.413875E-04    1.413875E-04    1.413875E-04    1.413875E-04    1.743708E-04    1.009444E-04    7.306899E-05    9.240381E-05    6.519015E-05    5.269301E-05    6.464019E-05    4.021861E-05    4.377713E-05    5.100780E-05    6.155642E-05    9.422410E-05
   1.795794E-04    1.956685E-04    3.060040E-04    3.347756E-04    1.413875E-04    1.413875E-04    1.413875E-04    1.413875E-04    1.418786E-04    6.964816E-05    4.082810E-05    4.627104E-05    4.854150E-05    2.985108E-05    6.473806E-05    4.534983E-05    4.318421E-05    6.277947E-05    7.798793E-05    1.321395E-04
   1.879797E-04    3.526563E-04    4.423138E-04    2.407804E-04    1.413875E-04    1.413875E-04    1.413875E-04    1.413875E-04    8.317816E-05    6.840683E-05    5.358105E-05    6.514182E-05    6.488404E-05    4.967172E-05    4.151005E-05    4.259784E-05    7.315978E-05    5.612568E-05    9.869444E-05    1.473463E-04
   2.783229E-04    1.931293E-04    2.235306E-04    1.900997E-04    1.413875E-04    1.413875E-04    1.413875E-04    1.413875E-04    1.004508E-04    6.427566E-05    9.072168E-05    1.031750E-04    6.102334E-05    3.676870E-05    3.447160E-05    6.502844E-05    8.874718E-05    1.147376E-04    1.550302E-04    1.990029E-04
   2.624616E-04    2.235769E-04    1.883503E-04    1.764511E-04    1.413875E-04    1.413875E-04    1.413875E-04    1.413875E-04    1.261554E-04    5.809812E-05    6.957933E-05    1.528634E-04    9.205786E-05    5.029566E-05    5.503876E-05    6.164456E-05    1.071147E-04    1.252136E-04    1.284828E-04    1.491349E-04
   3.229934E-04    2.312739E-04    1.241275E-04    1.517847E-04    1.413875E-04    1.413875E-04    1.413875E-04    1.413875E-04    6.278858E-05    7.228516E-05    4.129301E-05    9.694135E-05    7.166286E-05    7.446344E-05    7.397091E-05    6.954477E-05    8.614516E-05    9.987031E-05    1.420862E-04    9.187744E-05
   1.276975E-04    1.669289E-04    6.332393E-05    1.080132E-04    1.413875E-04    1.413875E-04    1.413875E-04    1.413875E-04    1.154951E-04    9.961785E-05    8.182664E-05    1.205594E-04    1.759482E-04    1.097876E-04    8.379813E-05    8.197029E-05    6.802675E-05    8.199959E-05    8.453903E-05    9.675537E-05
   8.100791E-05    7.534700E-05    6.894079E-05    6.519372E-05    1.413875E-04    1.413875E-04    8.662452E-05    9.795053E-05    1.448732E-04    1.032714E-04    1.119282E-04    1.397585E-04    2.341158E-04    2.725035E-04    1.056024E-04    7.539446E-05    6.724412E-05    5.810166E-05    5.459152E-05    8.762647E-05
   6.699835E-05    7.077089E-05    6.941269E-05    7.787893E-05    1.255336E-04    1.413875E-04    7.492315E-05    8.918533E-05    1.196038E-04    1.759879E-04    2.440744E-04    1.743102E-04    1.528608E-04    1.339587E-04    1.160936E-04    9.371378E-05    1.153084E-04    7.178388E-05    5.019692E-05    7.575621E-05
   5.276039E-05    1.212048E-04    8.068657E-05    1.136349E-04    7.798918E-05    1.260100E-04    5.944341E-05    1.097050E-04    1.775154E-04    1.882158E-04    2.423054E-04    2.240228E-04    1.770185E-04    1.936059E-04    1.504111E-04    1.126333E-04    1.161823E-04    5.705144E-05    7.507641E-05    6.921561E-05
   6.349439E-05    1.376204E-04    1.394991E-04    1.541812E-04    1.108796E-04    1.127268E-04    7.451564E-05    1.121166E-04    2.006336E-04    1.731073E-04    1.967622E-04    2.533031E-04    3.202421E-04    1.828989E-04    1.760761E-04    1.033152E-04    9.540810E-05    9.214718E-05    9.533444E-05    1.023989E-04
   9.290439E-05    1.547681E-04    2.044339E-04    1.720679E-04    1.115876E-04    8.602544E-05    1.181760E-04    1.583874E-04    1.863786E-04    2.018958E-04    2.107181E-04    2.702532E-04    2.212299E-04    2.038699E-04    1.472985E-04    1.368685E-04    1.054769E-04    1.183739E-04    7.646919E-05    1.095384E-04
   1.300283E-04    1.462801E-04    1.696855E-04    1.926851E-04    1.379384E-04    1.118612E-04    1.360134E-04    1.431871E-04    2.511533E-04    3.116989E-04    2.028893E-04    2.496807E-04    2.079289E-04    1.343363E-04    1.606598E-04    1.486263E-04    9.969153E-05    1.116486E-04    1.224613E-04    8.935221E-05
   2.126090E-04    2.117030E-04    2.522869E-04    1.524775E-04    2.226270E-04    2.266150E-04    1.569509E-04    1.119982E-04    2.210185E-04    3.119542E-04    2.993606E-04    1.773624E-04    1.550969E-04    1.245272E-04    1.157043E-04    1.233943E-04    7.528184E-05    6.914167E-05    8.807962E-05    8.563944E-05
   4.435042E-04    4.238501E-04    2.854605E-04    1.652836E-04    8.650730E-05    9.724354E-05    1.598294E-04    1.119598E-04    1.295778E-04    2.349381E-04    2.159750E-04    2.562028E-04    2.337117E-04    9.955555E-05    7.902031E-05    7.580416E-05    4.814060E-05    6.519803E-05    5.710035E-05    1.143538E-04
   4.530833E-04    4.532620E-04    2.076632E-04    1.968264E-04    8.606145E-05    1.029980E-04    1.947539E-04    1.540438E-04    1.944674E-04    1.102399E-04    1.515422E-04    1.956267E-04    1.256803E-04    8.471905E-05    6.405639E-05    6.741283E-05    4.978246E-05    4.807553E-05    4.736957E-05    7.726085E-05
   3.779069E-04    5.209535E-04    2.115198E-04    1.093332E-04    9.162633E-05    9.685145E-05    1.470685E-04    1.131172E-04    9.060078E-05    9.250668E-05    1.309028E-04    1.754601E-04    1.461064E-04    1.195842E-04    8.560277E-05    7.666323E-05    3.533930E-05    5.883767E-05    5.217872E-05    4.538948E-05
   3.906427E-04    5.176045E-04    4.233342E-04    2.145814E-04    2.082501E-04    1.803458E-04    1.212463E-04    1.215147E-04    1.536799E-04    1.141494E-04    2.194085E-04    1.225367E-04    2.194916E-04    2.431298E-04    1.299162E-04    8.610751E-05    8.147961E-05    7.369567E-05    4.534099E-05    5.237506E-05
   1.413875E-04    4.131524E-04    3.557851E-04    2.180956E-04    1.756185E-04    1.692007E-04    1.291742E-04    1.881427E-04    1.301047E-04    1.381965E-04    2.097257E-04    2.422413E-04    2.720694E-04    1.278970E-04    9.958171E-05    7.349680E-05    1.077782E-04    6.797804E-05    7.084623E-05    6.278574E-05
   1.413875E-04    1.413875E-04    5.034307E-04    2.257171E-04    2.048442E-04    2.134040E-04    1.635873E-04    1.655503E-04    1.350017E-04    1.929270E-04    2.312348E-04    2.630374E-04    2.163141E-04    2.097210E-04    8.216509E-05    6.050835E-05    6.970083E-05    8.667786E-05    7.074120E-05    7.961698E-05
   1.413875E-04    1.413875E-04    1.413875E-04    2.022101E-04    1.725335E-04    2.041955E-04    3.644100E-04    2.450748E-04    1.433952E-04    1.817967E-04    3.403744E-04    1.709442E-04    2.614702E-04    1.355134E-04    6.382412E-05    8.111048E-05    8.190978E-05    8.224434E-05    6.479384E-05    1.141944E-04
   1.413875E-04    1.413875E-04    1.413875E-04    1.413875E-04    1.501809E-04    2.316731E-04    2.605177E-04    2.430955E-04    2.264138E-04    1.853226E-04    2.000407E-04    1.566999E-04    1.443961E-04    9.034785E-05    9.836542E-05    9.025939E-05    9.369926E-05    1.315306E-04    8.829708E-05    1.413875E-04
   1.413875E-04    1.413875E-04    1.413875E-04    1.413875E-04    1.110912E-04    1.461934E-04    1.599138E-04    2.218119E-04    2.129281E-04    1.357769E-04    1.456551E-04    1.140496E-04    1.036907E-04    1.360528E-04    1.395224E-04    1.344723E-04    1.763731E-04    1.097733E-04    8.182894E-05    1.413875E-04
   1.413875E-04    1.413875E-04    1.413875E-04    1.413875E-04    1.413875E-04    1.344383E-04    1.594512E-04    2.072481E-04    1.728716E-04    1.014853E-04    1.392768E-04    1.094219E-04    9.441318E-05    1.513476E-04    1.254414E-04    1.365963E-04    8.067477E-05    6.721433E-05    1.413875E-04    1.413875E-04
   1.413875E-04    1.413875E-04    1.413875E-04    1.413875E-04    1.413875E-04    1.110357E-04    1.525852E-04    1.443381E-04    1.311510E-04    5.948244E-05    1.338534E-04    1.397823E-04    8.598725E-05    1.308168E-04    1.510589E-04    1.128261E-04    6.688428E-05    1.413875E-04    1.413875E-04    1.413875E-04
   1.413875E-04    1.413875E-04    1.413875E-04    1.413875E-04    1.413875E-04    1.622362E-04    8.707852E-05    1.100511E-04    1.091065E-04    2.022388E-04    1.748009E-04    1.984741E-04    9.619913E-05    7.013354E-05    9.015679E-05    5.785813E-05    1.413875E-04    1.413875E-04    1.413875E-04    1.413875E-04
