   6.702356E-05    5.916453E-05    3.841747E-05    6.161092E-05    7.749416E-05    1.009357E-04    1.262944E-04    1.243118E-04    7.617078E-05    6.444315E-05    5.180224E-05    4.993829E-05    5.264996E-05    4.368877E-05    5.436937E-05    5.797244E-05    8.481359E-05    9.358851E-05    1.213055E-04    9.574995E-05
   9.091790E-05    7.405906E-05    7.379661E-05    8.182653E-05    8.418778E-05    9.854527E-05    1.269815E-04    1.290391E-04    7.476849E-05    5.111826E-05    4.706032E-05    2.618592E-05    3.012030E-05    4.047318E-05    4.761263E-05    7.290867E-05    1.511025E-04    1.396029E-04    1.148724E-04    1.253740E-04
   1.034387E-04    1.074804E-04    7.685775E-05    8.032833E-05    7.307308E-05    1.213668E-04    1.270607E-04    1.084722E-04    5.382672E-05    5.148751E-05    5.189745E-05    3.349366E-05    4.758873E-05    4.121690E-05    8.771450E-05    9.896824E-05    1.049073E-04    6.545371E-05    1.338686E-04    1.095072E-04
   7.840195E-05    1.027288E-04    8.637427E-05    5.369743E-05    8.261205E-05    8.894923E-05    1.214276E-04    1.098542E-04    6.211686E-05    4.624408E-05    4.323593E-05    2.502136E-05    3.902923E-05    3.150278E-05    5.793740E-05    6.909713E-05    7.624395E-05    6.680940E-05    7.645560E-05    7.277003E-05
   5.879610E-05    6.340708E-05    9.196616E-05    4.674250E-05    5.620258E-05    1.212679E-04    8.121929E-05    1.069785E-04    5.708632E-05    5.754283E-05    6.655401E-05    3.649139E-05    2.873249E-05    3.234496E-05    5.777829E-05    7.359979E-05    8.965416E-05    4.970250E-05    1.105029E-04    1.260739E-04
   7.691065E-05    8.824280E-05    1.201678E-04    5.531846E-05    5.527484E-05    5.892198E-05    1.113947E-04    1.023037E-04    6.506969E-05    4.147210E-05    5.929294E-05    3.901367E-05    3.503189E-05    2.950902E-05    3.839209E-05    6.058343E-05    7.051659E-05    4.054078E-05    4.523766E-05    8.431259E-05
   9.478513E-05    1.144263E-04    7.736200E-05    7.344178E-05    5.155446E-05    7.333506E-05    7.933006E-05    9.995629E-05    4.610116E-05    3.426503E-05    5.488499E-05    2.453904E-05    2.005786E-05    1.895145E-05    1.857769E-05    2.528105E-05    3.777469E-05    6.027617E-05    5.286674E-05    7.209378E-05
   1.156295E-04    1.070035E-04    1.504881E-04    1.273642E-04    7.223068E-05    8.242500E-05    8.013235E-05    1.003598E-04    5.097753E-05    4.797767E-05    5.359281E-05    2.798864E-05    2.413561E-05    2.627992E-05    2.134251E-05    2.429907E-05    3.784631E-05    4.260803E-05    3.408714E-05    6.190270E-05
   1.045999E-04    7.028163E-05    1.227882E-04    1.014443E-04    1.415477E-04    1.415477E-04    1.415477E-04    8.282671E-05    6.823163E-05    3.095985E-05    3.715790E-05    4.176340E-05    1.716491E-05    1.396815E-05    1.819100E-05    2.657648E-05    2.294512E-05    4.232225E-05    3.655108E-05    3.210948E-05
   9.253879E-05    6.584082E-05    7.654440E-05    1.064691E-04    1.415477E-04    1.415477E-04    1.415477E-04    1.415477E-04    5.266721E-05    5.608106E-05    5.798269E-05    3.389495E-05    1.814579E-05    1.412879E-05    1.730900E-05    3.739698E-05    2.691562E-05    3.370540E-05    4.333243E-05    3.181440E-05
   1.002840E-04    9.426202E-05    9.680291E-05    2.246755E-04    1.415477E-04    1.415477E-04    1.415477E-04    1.415477E-04    6.703257E-05    7.297361E-05    6.181699E-05    4.135724E-05    2.839223E-05    3.087423E-05    3.806500E-05    4.181437E-05    3.641799E-05    4.790140E-05    3.756654E-05    3.609838E-05
   6.304715E-05    1.053146E-04    1.583282E-04    2.030396E-04    1.415477E-04    1.415477E-04    1.415477E-04    1.415477E-04    8.926782E-05    4.692802E-05    3.589285E-05    5.459981E-05    3.498220E-05    3.361025E-05    4.952301E-05    4.620073E-05    7.078515E-05    4.684479E-05    2.997820E-05    3.608858E-05
   9.177621E-05    8.390788E-05    1.168818E-04    1.662805E-04    1.415477E-04    1.415477E-04    1.415477E-04    1.415477E-04    7.097995E-05    6.564458E-05    4.296213E-05    6.875921E-05    5.134359E-05    4.420174E-05    3.169312E-05    4.369644E-05    4.993389E-05    3.129748E-05    3.628044E-05    1.821608E-05
   8.885944E-05    1.428670E-04    1.532736E-04    1.984643E-04    1.415477E-04    1.415477E-04    1.415477E-04    1.415477E-04    1.564329E-04    6.895650E-05    6.412298E-05    5.050561E-05    3.970665E-05    3.892968E-05    4.762889E-05    3.864308E-05    3.832098E-05    3.000781E-05    3.673581E-05    4.786918E-05
   1.176264E-04    1.291122E-04    1.875376E-04    2.406029E-04    1.415477E-04    1.415477E-04    1.415477E-04    1.415477E-04    1.265642E-04    7.326886E-05    5.303594E-05    6.706981E-05    4.731721E-05    3.824637E-05    4.691803E-05    2.919202E-05    3.177491E-05    3.702318E-05    4.467972E-05    6.839103E-05
   1.303448E-04    1.420228E-04    2.221081E-04    2.429914E-04    1.415477E-04    1.415477E-04    1.415477E-04    1.415477E-04    1.029803E-04    5.055299E-05    2.963441E-05    3.358508E-05    3.523306E-05    2.166692E-05    4.698907E-05    3.291644E-05    3.134456E-05    4.556746E-05    5.660627E-05    9.591130E-05
   1.364420E-04    2.559698E-04    3.210463E-04    1.747665E-04    1.415477E-04    1.415477E-04    1.415477E-04    1.415477E-04    6.037352E-05    4.965198E-05    3.889094E-05    4.728213E-05    4.709502E-05    3.605341E-05    3.012939E-05    3.091895E-05    5.310184E-05    4.073791E-05    7.163576E-05    1.069489E-04
   2.020161E-04    1.401798E-04    1.622461E-04    1.379808E-04    1.415477E-04    1.415477E-04    1.415477E-04    1.415477E-04    7.291055E-05    4.665344E-05    6.584886E-05    7.488787E-05    4.429280E-05    2.668796E-05    2.502065E-05    4.719983E-05    6.441570E-05    8.328041E-05    1.125261E-04    1.444430E-04
   1.905035E-04    1.622796E-04    1.367110E-04    1.280742E-04    1.415477E-04    1.415477E-04    1.415477E-04    1.415477E-04    9.156785E-05    4.216958E-05    5.050302E-05    1.109534E-04    6.681870E-05    3.650629E-05    3.994899E-05    4.474370E-05    7.774744E-05    9.088428E-05    9.325712E-05    1.082471E-04
   2.344395E-04    1.678664E-04    9.009594E-05    1.101705E-04    1.415477E-04    1.415477E-04    1.415477E-04    1.415477E-04    4.557407E-05    5.246700E-05    2.997186E-05    7.036330E-05    5.201532E-05    5.404808E-05    5.369058E-05    5.047794E-05    6.252706E-05    7.248924E-05    1.031310E-04    6.668775E-05
   9.268717E-05    1.211626E-04    4.596264E-05    7.839963E-05    1.415477E-04    1.415477E-04    1.415477E-04    1.415477E-04    8.383024E-05    7.230599E-05    5.939254E-05    8.750609E-05    1.277091E-04    7.968751E-05    6.082351E-05    5.949680E-05    4.937611E-05    5.951807E-05    6.136128E-05    7.022831E-05
   5.879828E-05    5.468940E-05    5.003955E-05    4.731980E-05    1.415477E-04    1.415477E-04    6.287500E-05    7.109580E-05    1.051539E-04    7.495784E-05    8.124127E-05    1.014415E-04    1.699291E-04    1.977923E-04    7.664975E-05    5.472384E-05    4.880805E-05    4.217214E-05    3.962436E-05    6.360225E-05
   4.862966E-05    5.136790E-05    5.038207E-05    5.652716E-05    9.111655E-05    1.415477E-04    5.438175E-05    6.473372E-05    8.681251E-05    1.277380E-04    1.771574E-04    1.265202E-04    1.109515E-04    9.723173E-05    8.426463E-05    6.802062E-05    8.369474E-05    5.210316E-05    3.643462E-05    5.498641E-05
   3.829527E-05    8.797452E-05    5.856503E-05    8.248006E-05    5.660718E-05    9.146232E-05    4.314603E-05    7.962757E-05    1.288467E-04    1.366134E-04    1.758734E-04    1.626033E-04    1.284860E-04    1.405257E-04    1.091734E-04    8.175307E-05    8.432902E-05    4.140986E-05    5.449299E-05    5.023902E-05
   4.608637E-05    9.988952E-05    1.012532E-04    1.119099E-04    8.048018E-05    8.182094E-05    5.408596E-05    8.137804E-05    1.456266E-04    1.256471E-04    1.428167E-04    1.838559E-04    2.324425E-04    1.327542E-04    1.278020E-04    7.498966E-05    6.925042E-05    6.688353E-05    6.919695E-05    7.432457E-05
   6.743314E-05    1.123359E-04    1.483850E-04    1.248927E-04    8.099407E-05    6.244017E-05    8.577610E-05    1.149629E-04    1.352799E-04    1.465427E-04    1.529463E-04    1.961589E-04    1.605761E-04    1.479756E-04    1.069142E-04    9.934381E-05    7.655871E-05    8.591975E-05    5.550392E-05    7.950667E-05
   9.437895E-05    1.061750E-04    1.231635E-04    1.398573E-04    1.001204E-04    8.119266E-05    9.872309E-05    1.039300E-04    1.822955E-04    2.262416E-04    1.472639E-04    1.812267E-04    1.509218E-04    9.750580E-05    1.166123E-04    1.078780E-04    7.235948E-05    8.103832E-05    8.888654E-05    6.485485E-05
   1.543188E-04    1.536612E-04    1.831184E-04    1.106733E-04    1.615902E-04    1.644848E-04    1.139202E-04    8.129205E-05    1.604227E-04    2.264269E-04    2.172860E-04    1.287356E-04    1.125745E-04    9.038602E-05    8.398206E-05    8.956375E-05    5.464210E-05    5.018535E-05    6.393116E-05    6.216000E-05
   3.219103E-04    3.076447E-04    2.071969E-04    1.199684E-04    6.278992E-05    7.058264E-05    1.160096E-04    8.126419E-05    9.405192E-05    1.705260E-04    1.567620E-04    1.859607E-04    1.696359E-04    7.226077E-05    5.735561E-05    5.502122E-05    3.494208E-05    4.732293E-05    4.144536E-05    8.300182E-05
   3.288632E-04    3.289928E-04    1.507289E-04    1.428633E-04    6.246630E-05    7.475943E-05    1.413590E-04    1.118102E-04    1.411510E-04    8.001582E-05    1.099944E-04    1.419925E-04    9.122297E-05    6.149195E-05    4.649429E-05    4.893051E-05    3.613379E-05    3.489484E-05    3.438243E-05    5.607853E-05
   2.742976E-04    3.781257E-04    1.535282E-04    7.935774E-05    6.650548E-05    7.029805E-05    1.067473E-04    8.210429E-05    6.576110E-05    6.714447E-05    9.501367E-05    1.273548E-04    1.060489E-04    8.679822E-05    6.213338E-05    5.564476E-05    2.565045E-05    4.270636E-05    3.787307E-05    3.294522E-05
   2.835417E-04    3.756948E-04    3.072703E-04    1.557504E-04    1.511550E-04    1.309010E-04    8.800462E-05    8.819948E-05    1.115461E-04    8.285346E-05    1.592541E-04    8.894125E-05    1.593144E-04    1.764718E-04    9.429759E-05    6.249973E-05    5.914065E-05    5.349080E-05    3.291002E-05    3.801558E-05
   1.415477E-04    2.998800E-04    2.582409E-04    1.583011E-04    1.274698E-04    1.228116E-04    9.375901E-05    1.365603E-04    9.443436E-05    1.003077E-04    1.522260E-04    1.758269E-04    1.974772E-04    9.283195E-05    7.227976E-05    5.334646E-05    7.822902E-05    4.934075E-05    5.142258E-05    4.557201E-05
   1.415477E-04    1.415477E-04    3.654070E-04    1.638331E-04    1.486828E-04    1.548958E-04    1.187372E-04    1.201620E-04    9.798882E-05    1.400329E-04    1.678380E-04    1.909214E-04    1.570081E-04    1.522226E-04    5.963819E-05    4.391900E-05    5.059122E-05    6.291372E-05    5.134635E-05    5.778869E-05
   1.415477E-04    1.415477E-04    1.415477E-04    1.467709E-04    1.252307E-04    1.482120E-04    2.645011E-04    1.778836E-04    1.040811E-04    1.319542E-04    2.470552E-04    1.240771E-04    1.897839E-04    9.836020E-05    4.632570E-05    5.887272E-05    5.945288E-05    5.969571E-05    4.702956E-05    8.288617E-05
   1.415477E-04    1.415477E-04    1.415477E-04    1.415477E-04    1.090064E-04    1.681561E-04    1.890926E-04    1.764469E-04    1.643388E-04    1.345134E-04    1.451963E-04    1.137381E-04    1.048075E-04    6.557752E-05    7.139694E-05    6.551331E-05    6.801008E-05    9.546931E-05    6.408900E-05    1.415477E-04
   1.415477E-04    1.415477E-04    1.415477E-04    1.415477E-04    8.063378E-05    1.061121E-04    1.160709E-04    1.609986E-04    1.545504E-04    9.855148E-05    1.057214E-04    8.278101E-05    7.526224E-05    9.875174E-05    1.012700E-04    9.760451E-05    1.280175E-04    7.967720E-05    5.939421E-05    1.415477E-04
   1.415477E-04    1.415477E-04    1.415477E-04    1.415477E-04    1.415477E-04    9.757982E-05    1.157350E-04    1.504277E-04    1.254760E-04    7.366144E-05    1.010918E-04    7.942209E-05    6.852827E-05    1.098532E-04    9.104957E-05    9.914622E-05    5.855647E-05    4.878643E-05    1.415477E-04    1.415477E-04
   1.415477E-04    1.415477E-04    1.415477E-04    1.415477E-04    1.415477E-04    8.059347E-05    1.107515E-04    1.047655E-04    9.519381E-05    4.317436E-05    9.715529E-05    1.014587E-04    6.241245E-05    9.495124E-05    1.096436E-04    8.189297E-05    4.854687E-05    1.415477E-04    1.415477E-04    1.415477E-04
   1.415477E-04    1.415477E-04    1.415477E-04    1.415477E-04    1.415477E-04    1.177565E-04    6.320453E-05    7.987879E-05    7.919314E-05    1.467917E-04    1.268764E-04    1.440592E-04    6.982457E-05    5.090529E-05    6.543884E-05    4.199538E-05    1.415477E-04    1.415477E-04    1.415477E-04    1.415477E-04
