   3.857938E+01    3.853989E+01    3.849965E+01    3.845840E+01    3.838991E+01    3.829485E+01    3.817515E+01    3.792638E+01    3.751067E+01    3.710652E+01    3.673366E+01    3.622650E+01    3.572156E+01    3.530648E+01    3.479167E+01    3.430806E+01    3.458747E+01    3.470660E+01    3.478537E+01    3.480785E+01
   3.858578E+01    3.855431E+01    3.850935E+01    3.844794E+01    3.834997E+01    3.823496E+01    3.810251E+01    3.786407E+01    3.746124E+01    3.704308E+01    3.665484E+01    3.616872E+01    3.570444E+01    3.525127E+01    3.475508E+01    3.430861E+01    3.458326E+01    3.469728E+01    3.476183E+01    3.479275E+01
   3.861146E+01    3.857467E+01    3.851664E+01    3.841719E+01    3.830261E+01    3.818720E+01    3.802391E+01    3.775697E+01    3.735921E+01    3.693728E+01    3.652019E+01    3.606502E+01    3.565297E+01    3.521336E+01    3.473197E+01    3.427042E+01    3.451801E+01    3.463558E+01    3.471050E+01    3.474135E+01
   3.864125E+01    3.860909E+01    3.853562E+01    3.841195E+01    3.828470E+01    3.814487E+01    3.793151E+01    3.760959E+01    3.720211E+01    3.678533E+01    3.635521E+01    3.590939E+01    3.550442E+01    3.507685E+01    3.466801E+01    3.434153E+01    3.447485E+01    3.455199E+01    3.461168E+01    3.465257E+01
   3.869178E+01    3.866019E+01    3.858843E+01    3.844826E+01    3.827417E+01    3.807914E+01    3.777164E+01    3.742757E+01    3.704485E+01    3.658039E+01    3.610742E+01    3.568197E+01    3.529607E+01    3.493668E+01    3.461205E+01    3.434489E+01    3.441866E+01    3.446429E+01    3.450324E+01    3.454373E+01
   3.880597E+01    3.875931E+01    3.867141E+01    3.849582E+01    3.826337E+01    3.799557E+01    3.767308E+01    3.723528E+01    3.674018E+01    3.624252E+01    3.583172E+01    3.545852E+01    3.509121E+01    3.478124E+01    3.450825E+01    3.428459E+01    3.433165E+01    3.436881E+01    3.439811E+01    3.441564E+01
   3.898676E+01    3.891051E+01    3.879908E+01    3.858270E+01    3.825984E+01    3.793910E+01    3.749523E+01    3.689052E+01    3.634688E+01    3.588782E+01    3.553824E+01    3.519013E+01    3.488429E+01    3.464110E+01    3.440750E+01    3.423460E+01    3.423425E+01    3.426582E+01    3.428825E+01    3.428710E+01
   3.914028E+01    3.908045E+01    3.899702E+01    3.878145E+01    3.824719E+01    3.788102E+01    3.733854E+01    3.651075E+01    3.593517E+01    3.553880E+01    3.526855E+01    3.499433E+01    3.474790E+01    3.453886E+01    3.433033E+01    3.413272E+01    3.407391E+01    3.410603E+01    3.414551E+01    3.416842E+01
   3.923843E+01    3.921307E+01    3.919822E+01    3.916010E+01    1.000000E+30    1.000000E+30    1.000000E+30    3.596391E+01    3.553485E+01    3.531359E+01    3.510069E+01    3.485036E+01    3.462882E+01    3.442295E+01    3.419959E+01    3.397483E+01    3.380462E+01    3.393323E+01    3.402549E+01    3.407591E+01
   3.932925E+01    3.932394E+01    3.933588E+01    3.933847E+01    1.000000E+30    1.000000E+30    1.000000E+30    1.000000E+30    3.520908E+01    3.508010E+01    3.490244E+01    3.469630E+01    3.451711E+01    3.428882E+01    3.407398E+01    3.381907E+01    3.334409E+01    3.380372E+01    3.396923E+01    3.402728E+01
   3.939995E+01    3.941100E+01    3.942815E+01    3.945833E+01    1.000000E+30    1.000000E+30    1.000000E+30    1.000000E+30    3.496842E+01    3.489522E+01    3.476630E+01    3.460454E+01    3.439711E+01    3.412769E+01    3.401765E+01    3.390743E+01    3.380027E+01    3.392159E+01    3.398552E+01    3.402039E+01
   3.943983E+01    3.945021E+01    3.947581E+01    3.949928E+01    1.000000E+30    1.000000E+30    1.000000E+30    1.000000E+30    3.483426E+01    3.478307E+01    3.467161E+01    3.451768E+01    3.427841E+01    3.383236E+01    3.398688E+01    3.397817E+01    3.396440E+01    3.399437E+01    3.402082E+01    3.404211E+01
   3.945828E+01    3.947033E+01    3.949095E+01    3.951211E+01    1.000000E+30    1.000000E+30    1.000000E+30    1.000000E+30    3.475394E+01    3.472060E+01    3.462880E+01    3.449315E+01    3.433437E+01    3.414004E+01    3.409357E+01    3.406295E+01    3.404715E+01    3.404643E+01    3.405737E+01    3.406805E+01
   3.945477E+01    3.947627E+01    3.949858E+01    3.952130E+01    1.000000E+30    1.000000E+30    1.000000E+30    1.000000E+30    3.471960E+01    3.468664E+01    3.461916E+01    3.450148E+01    3.436994E+01    3.426043E+01    3.418936E+01    3.413542E+01    3.411428E+01    3.410160E+01    3.410406E+01    3.410902E+01
   3.940978E+01    3.944322E+01    3.948697E+01    3.951491E+01    1.000000E+30    1.000000E+30    1.000000E+30    1.000000E+30    3.469334E+01    3.466154E+01    3.460072E+01    3.451075E+01    3.439911E+01    3.430449E+01    3.423872E+01    3.418145E+01    3.416196E+01    3.415454E+01    3.415634E+01    3.416053E+01
   3.933364E+01    3.936384E+01    3.941903E+01    3.944070E+01    1.000000E+30    1.000000E+30    1.000000E+30    1.000000E+30    3.467257E+01    3.463656E+01    3.457776E+01    3.450031E+01    3.439915E+01    3.431315E+01    3.425680E+01    3.419462E+01    3.418512E+01    3.418684E+01    3.419098E+01    3.419788E+01
   3.918084E+01    3.923309E+01    3.927594E+01    3.927226E+01    1.000000E+30    1.000000E+30    1.000000E+30    1.000000E+30    3.465174E+01    3.461112E+01    3.454655E+01    3.447117E+01    3.438572E+01    3.430760E+01    3.424143E+01    3.418266E+01    3.418887E+01    3.419580E+01    3.420570E+01    3.421676E+01
   3.898192E+01    3.900263E+01    3.903517E+01    3.904141E+01    1.000000E+30    1.000000E+30    1.000000E+30    1.000000E+30    3.463624E+01    3.457968E+01    3.450963E+01    3.444381E+01    3.436926E+01    3.428628E+01    3.421129E+01    3.415925E+01    3.417864E+01    3.419393E+01    3.420725E+01    3.422412E+01
   3.872412E+01    3.869925E+01    3.870172E+01    3.869553E+01    1.000000E+30    1.000000E+30    1.000000E+30    1.000000E+30    3.463175E+01    3.457548E+01    3.449880E+01    3.442373E+01    3.433956E+01    3.424537E+01    3.416037E+01    3.412001E+01    3.415522E+01    3.418065E+01    3.419666E+01    3.420775E+01
   3.837858E+01    3.832543E+01    3.826183E+01    3.827181E+01    1.000000E+30    1.000000E+30    1.000000E+30    1.000000E+30    3.465361E+01    3.459002E+01    3.449361E+01    3.440574E+01    3.430458E+01    3.419442E+01    3.407552E+01    3.405641E+01    3.412265E+01    3.415808E+01    3.417885E+01    3.418814E+01
   3.802955E+01    3.798062E+01    3.793206E+01    3.794336E+01    1.000000E+30    1.000000E+30    1.000000E+30    1.000000E+30    3.471016E+01    3.463675E+01    3.452061E+01    3.440771E+01    3.429617E+01    3.415276E+01    3.390977E+01    3.400663E+01    3.409840E+01    3.414093E+01    3.416049E+01    3.417142E+01
   3.777893E+01    3.772136E+01    3.770910E+01    3.766328E+01    1.000000E+30    1.000000E+30    3.506211E+01    3.493946E+01    3.479106E+01    3.468144E+01    3.455700E+01    3.443291E+01    3.433059E+01    3.422002E+01    3.408936E+01    3.405917E+01    3.410584E+01    3.413580E+01    3.415178E+01    3.416067E+01
   3.755768E+01    3.752486E+01    3.746276E+01    3.733111E+01    3.711341E+01    1.000000E+30    3.516417E+01    3.500964E+01    3.484627E+01    3.470684E+01    3.457030E+01    3.444718E+01    3.435833E+01    3.427335E+01    3.416977E+01    3.408156E+01    3.411346E+01    3.413605E+01    3.414852E+01    3.415428E+01
   3.736493E+01    3.734973E+01    3.726710E+01    3.712834E+01    3.675851E+01    3.605683E+01    3.542951E+01    3.510040E+01    3.489902E+01    3.471683E+01    3.455775E+01    3.445141E+01    3.437355E+01    3.429939E+01    3.420237E+01    3.408376E+01    3.411246E+01    3.413305E+01    3.414545E+01    3.415045E+01
   3.724005E+01    3.721297E+01    3.712276E+01    3.695656E+01    3.658388E+01    3.602568E+01    3.547422E+01    3.511804E+01    3.488685E+01    3.467598E+01    3.452312E+01    3.444384E+01    3.438112E+01    3.430330E+01    3.420093E+01    3.404802E+01    3.409698E+01    3.412690E+01    3.414187E+01    3.414757E+01
   3.712430E+01    3.708986E+01    3.699285E+01    3.680484E+01    3.643411E+01    3.591950E+01    3.541705E+01    3.507852E+01    3.484083E+01    3.460868E+01    3.440751E+01    3.439740E+01    3.437071E+01    3.430075E+01    3.419197E+01    3.403351E+01    3.409186E+01    3.411906E+01    3.413545E+01    3.414407E+01
   3.705368E+01    3.700474E+01    3.687834E+01    3.664217E+01    3.626184E+01    3.578471E+01    3.533447E+01    3.502997E+01    3.479182E+01    3.451396E+01    3.391476E+01    3.429273E+01    3.433685E+01    3.427542E+01    3.417327E+01    3.403469E+01    3.408093E+01    3.411228E+01    3.413218E+01    3.414173E+01
   3.703091E+01    3.696349E+01    3.677971E+01    3.643990E+01    3.608679E+01    3.563543E+01    3.514976E+01    3.491258E+01    3.476635E+01    3.458471E+01    3.436966E+01    3.437419E+01    3.434589E+01    3.425846E+01    3.414190E+01    3.401324E+01    3.406216E+01    3.409808E+01    3.412339E+01    3.413801E+01
   3.702835E+01    3.695643E+01    3.673159E+01    3.634558E+01    3.589293E+01    3.531635E+01    3.470819E+01    3.467713E+01    3.467530E+01    3.461606E+01    3.450556E+01    3.443965E+01    3.437706E+01    3.425579E+01    3.410829E+01    3.398694E+01    3.404295E+01    3.408561E+01    3.411262E+01    3.413322E+01
   3.702009E+01    3.693058E+01    3.668970E+01    3.632438E+01    3.577328E+01    3.497338E+01    3.353023E+01    3.441147E+01    3.461585E+01    3.461477E+01    3.453942E+01    3.445367E+01    3.436834E+01    3.424312E+01    3.410214E+01    3.398166E+01    3.403066E+01    3.407369E+01    3.410318E+01    3.412340E+01
   3.700298E+01    3.690512E+01    3.666724E+01    3.633908E+01    3.585166E+01    3.517645E+01    3.456447E+01    3.462778E+01    3.466897E+01    3.463731E+01    3.455671E+01    3.444396E+01    3.433011E+01    3.421646E+01    3.410504E+01    3.398927E+01    3.402511E+01    3.406630E+01    3.409618E+01    3.411577E+01
   3.698124E+01    3.687449E+01    3.667764E+01    3.636838E+01    3.598549E+01    3.547570E+01    3.497575E+01    3.481836E+01    3.473798E+01    3.465014E+01    3.454473E+01    3.441246E+01    3.429144E+01    3.419501E+01    3.408725E+01    3.396245E+01    3.401197E+01    3.405718E+01    3.409063E+01    3.411163E+01
   1.000000E+30    3.682004E+01    3.660771E+01    3.630540E+01    3.598675E+01    3.558402E+01    3.514899E+01    3.490958E+01    3.476373E+01    3.463201E+01    3.449805E+01    3.434900E+01    3.422171E+01    3.412700E+01    3.403614E+01    3.392283E+01    3.399246E+01    3.404236E+01    3.408092E+01    3.410843E+01
   1.000000E+30    1.000000E+30    3.651280E+01    3.617779E+01    3.584555E+01    3.551636E+01    3.518809E+01    3.493267E+01    3.472034E+01    3.456074E+01    3.441123E+01    3.424634E+01    3.408187E+01    3.403824E+01    3.397846E+01    3.387889E+01    3.395595E+01    3.402113E+01    3.406417E+01    3.410398E+01
   1.000000E+30    1.000000E+30    1.000000E+30    3.591904E+01    3.555478E+01    3.530035E+01    3.509234E+01    3.486269E+01    3.462438E+01    3.446427E+01    3.430780E+01    3.410689E+01    3.378977E+01    3.392412E+01    3.390642E+01    3.381938E+01    3.392138E+01    3.399222E+01    3.403619E+01    3.409711E+01
   1.000000E+30    1.000000E+30    1.000000E+30    1.000000E+30    3.521717E+01    3.507012E+01    3.491200E+01    3.471064E+01    3.449812E+01    3.434940E+01    3.420263E+01    3.406056E+01    3.393955E+01    3.391388E+01    3.387988E+01    3.381782E+01    3.389707E+01    3.396165E+01    3.399572E+01    1.000000E+30
   1.000000E+30    1.000000E+30    1.000000E+30    1.000000E+30    3.502765E+01    3.480450E+01    3.465150E+01    3.449046E+01    3.433503E+01    3.420182E+01    3.408726E+01    3.400215E+01    3.393491E+01    3.389134E+01    3.384810E+01    3.380742E+01    3.387681E+01    3.392421E+01    3.396531E+01    1.000000E+30
   1.000000E+30    1.000000E+30    1.000000E+30    1.000000E+30    1.000000E+30    3.443026E+01    3.436434E+01    3.425456E+01    3.415777E+01    3.404672E+01    3.396464E+01    3.390959E+01    3.384892E+01    3.379864E+01    3.376380E+01    3.375465E+01    3.382772E+01    3.388316E+01    1.000000E+30    1.000000E+30
   1.000000E+30    1.000000E+30    1.000000E+30    1.000000E+30    1.000000E+30    3.414780E+01    3.413545E+01    3.407395E+01    3.399362E+01    3.391163E+01    3.385327E+01    3.380500E+01    3.370803E+01    3.365158E+01    3.364124E+01    3.367063E+01    3.375049E+01    1.000000E+30    1.000000E+30    1.000000E+30
   1.000000E+30    1.000000E+30    1.000000E+30    1.000000E+30    1.000000E+30    3.381091E+01    3.387452E+01    3.386094E+01    3.382505E+01    3.380927E+01    3.374461E+01    3.367115E+01    3.352343E+01    3.344669E+01    3.348186E+01    3.358103E+01    1.000000E+30    1.000000E+30    1.000000E+30    1.000000E+30
