   3.830184E+01    3.826268E+01    3.821085E+01    3.815386E+01    3.806270E+01    3.794008E+01    3.779858E+01    3.754565E+01    3.716124E+01    3.679282E+01    3.645088E+01    3.598324E+01    3.551196E+01    3.512868E+01    3.466097E+01    3.423986E+01    3.442950E+01    3.450972E+01    3.456248E+01    3.457703E+01
   3.830694E+01    3.827278E+01    3.821960E+01    3.814496E+01    3.802365E+01    3.788317E+01    3.773519E+01    3.749588E+01    3.712023E+01    3.673672E+01    3.638056E+01    3.593570E+01    3.550132E+01    3.508008E+01    3.462872E+01    3.423938E+01    3.442682E+01    3.450320E+01    3.454572E+01    3.456628E+01
   3.832705E+01    3.829019E+01    3.822365E+01    3.811222E+01    3.797486E+01    3.783815E+01    3.766427E+01    3.740248E+01    3.703122E+01    3.664155E+01    3.625753E+01    3.583933E+01    3.545523E+01    3.504708E+01    3.460638E+01    3.420809E+01    3.437955E+01    3.445788E+01    3.450840E+01    3.452902E+01
   3.834795E+01    3.831372E+01    3.823260E+01    3.809709E+01    3.795377E+01    3.779936E+01    3.757911E+01    3.726705E+01    3.688751E+01    3.650304E+01    3.610738E+01    3.569878E+01    3.532334E+01    3.492770E+01    3.455213E+01    3.426334E+01    3.434892E+01    3.439759E+01    3.443662E+01    3.446414E+01
   3.838223E+01    3.834689E+01    3.827177E+01    3.812418E+01    3.793999E+01    3.773294E+01    3.742833E+01    3.709825E+01    3.674299E+01    3.631470E+01    3.587983E+01    3.549243E+01    3.513779E+01    3.480679E+01    3.450752E+01    3.426710E+01    3.430835E+01    3.433351E+01    3.435781E+01    3.438522E+01
   3.846886E+01    3.841975E+01    3.832903E+01    3.815518E+01    3.792106E+01    3.765294E+01    3.733572E+01    3.691939E+01    3.646188E+01    3.600632E+01    3.562946E+01    3.529043E+01    3.495613E+01    3.467304E+01    3.442333E+01    3.422085E+01    3.424435E+01    3.426347E+01    3.428045E+01    3.429091E+01
   3.861267E+01    3.853968E+01    3.843067E+01    3.822089E+01    3.790825E+01    3.759622E+01    3.716994E+01    3.660004E+01    3.610053E+01    3.568175E+01    3.536379E+01    3.505087E+01    3.477574E+01    3.455543E+01    3.434267E+01    3.418459E+01    3.417272E+01    3.418738E+01    3.419874E+01    3.419540E+01
   3.874288E+01    3.868597E+01    3.859954E+01    3.839045E+01    3.788784E+01    3.753856E+01    3.702429E+01    3.624980E+01    3.572219E+01    3.536294E+01    3.512080E+01    3.487773E+01    3.465944E+01    3.447294E+01    3.428519E+01    3.410711E+01    3.405311E+01    3.406810E+01    3.409229E+01    3.410704E+01
   3.883168E+01    3.880554E+01    3.878133E+01    3.873855E+01    1.000000E+30    1.000000E+30    1.000000E+30    3.574473E+01    3.535518E+01    3.515795E+01    3.497051E+01    3.475269E+01    3.456132E+01    3.438220E+01    3.418533E+01    3.398817E+01    3.385576E+01    3.394139E+01    3.400465E+01    3.403916E+01
   3.890890E+01    3.890205E+01    3.890370E+01    3.889836E+01    1.000000E+30    1.000000E+30    1.000000E+30    1.000000E+30    3.505740E+01    3.494499E+01    3.479397E+01    3.462117E+01    3.447273E+01    3.428210E+01    3.409353E+01    3.387798E+01    3.353013E+01    3.384945E+01    3.396441E+01    3.400397E+01
   3.896451E+01    3.897029E+01    3.897978E+01    3.899991E+01    1.000000E+30    1.000000E+30    1.000000E+30    1.000000E+30    3.483666E+01    3.477615E+01    3.467157E+01    3.454369E+01    3.438349E+01    3.417650E+01    3.405751E+01    3.394655E+01    3.385518E+01    3.393424E+01    3.397696E+01    3.399980E+01
   3.899210E+01    3.899884E+01    3.901595E+01    3.903250E+01    1.000000E+30    1.000000E+30    1.000000E+30    1.000000E+30    3.471036E+01    3.467191E+01    3.458600E+01    3.446985E+01    3.429955E+01    3.401220E+01    3.404814E+01    3.399965E+01    3.397256E+01    3.398691E+01    3.400266E+01    3.401622E+01
   3.900192E+01    3.900966E+01    3.902400E+01    3.903974E+01    1.000000E+30    1.000000E+30    1.000000E+30    1.000000E+30    3.463262E+01    3.460753E+01    3.453878E+01    3.443700E+01    3.431791E+01    3.417330E+01    3.410941E+01    3.405847E+01    3.403180E+01    3.402395E+01    3.402895E+01    3.403527E+01
   3.899064E+01    3.900764E+01    3.902409E+01    3.904071E+01    1.000000E+30    1.000000E+30    1.000000E+30    1.000000E+30    3.459693E+01    3.457060E+01    3.451760E+01    3.442696E+01    3.432385E+01    3.423375E+01    3.416446E+01    3.410539E+01    3.407887E+01    3.406312E+01    3.406164E+01    3.406408E+01
   3.894111E+01    3.897043E+01    3.900379E+01    3.902399E+01    1.000000E+30    1.000000E+30    1.000000E+30    1.000000E+30    3.456939E+01    3.454375E+01    3.449377E+01    3.442095E+01    3.433071E+01    3.424981E+01    3.418906E+01    3.413367E+01    3.411038E+01    3.409923E+01    3.409757E+01    3.409978E+01
   3.886232E+01    3.888806E+01    3.892696E+01    3.893997E+01    1.000000E+30    1.000000E+30    1.000000E+30    1.000000E+30    3.454625E+01    3.451703E+01    3.446812E+01    3.440338E+01    3.431850E+01    3.424506E+01    3.419418E+01    3.413563E+01    3.412171E+01    3.411921E+01    3.412058E+01    3.412525E+01
   3.870926E+01    3.874735E+01    3.877254E+01    3.876658E+01    1.000000E+30    1.000000E+30    1.000000E+30    1.000000E+30    3.452288E+01    3.448896E+01    3.443448E+01    3.437030E+01    3.429814E+01    3.423205E+01    3.417323E+01    3.411866E+01    3.411958E+01    3.412235E+01    3.412899E+01    3.413702E+01
   3.850264E+01    3.851391E+01    3.853646E+01    3.853989E+01    1.000000E+30    1.000000E+30    1.000000E+30    1.000000E+30    3.450443E+01    3.445756E+01    3.439842E+01    3.434245E+01    3.427959E+01    3.420917E+01    3.414343E+01    3.409597E+01    3.410827E+01    3.411840E+01    3.412747E+01    3.413971E+01
   3.824373E+01    3.821636E+01    3.821633E+01    3.820934E+01    1.000000E+30    1.000000E+30    1.000000E+30    1.000000E+30    3.450057E+01    3.445345E+01    3.438847E+01    3.432451E+01    3.425313E+01    3.417310E+01    3.409940E+01    3.406183E+01    3.408712E+01    3.410549E+01    3.411681E+01    3.412454E+01
   3.791035E+01    3.786142E+01    3.780434E+01    3.781315E+01    1.000000E+30    1.000000E+30    1.000000E+30    1.000000E+30    3.452355E+01    3.446879E+01    3.438654E+01    3.431108E+01    3.422483E+01    3.413116E+01    3.402988E+01    3.400895E+01    3.405915E+01    3.408553E+01    3.410075E+01    3.410736E+01
   3.758765E+01    3.754219E+01    3.749938E+01    3.750971E+01    1.000000E+30    1.000000E+30    1.000000E+30    1.000000E+30    3.457939E+01    3.451584E+01    3.441493E+01    3.431696E+01    3.422077E+01    3.409867E+01    3.389594E+01    3.396795E+01    3.403851E+01    3.407047E+01    3.408476E+01    3.409282E+01
   3.735569E+01    3.730327E+01    3.729287E+01    3.725131E+01    1.000000E+30    1.000000E+30    3.489833E+01    3.479158E+01    3.465994E+01    3.456473E+01    3.445602E+01    3.434656E+01    3.425557E+01    3.415715E+01    3.404288E+01    3.401037E+01    3.404371E+01    3.406531E+01    3.407666E+01    3.408300E+01
   3.714823E+01    3.711875E+01    3.706388E+01    3.694410E+01    3.674574E+01    1.000000E+30    3.499883E+01    3.486495E+01    3.472260E+01    3.460082E+01    3.448192E+01    3.437078E+01    3.428770E+01    3.420753E+01    3.411141E+01    3.402871E+01    3.404885E+01    3.406399E+01    3.407252E+01    3.407632E+01
   3.696415E+01    3.695181E+01    3.687930E+01    3.675658E+01    3.642846E+01    3.580626E+01    3.525191E+01    3.496825E+01    3.479489E+01    3.464040E+01    3.449809E+01    3.439220E+01    3.431087E+01    3.423575E+01    3.414132E+01    3.403005E+01    3.404636E+01    3.405965E+01    3.406793E+01    3.407129E+01
   3.684087E+01    3.681842E+01    3.674150E+01    3.659929E+01    3.627702E+01    3.579321E+01    3.532012E+01    3.502014E+01    3.482776E+01    3.465809E+01    3.452128E+01    3.441884E+01    3.433326E+01    3.424543E+01    3.414162E+01    3.399846E+01    3.403089E+01    3.405150E+01    3.406213E+01    3.406642E+01
   3.671899E+01    3.669388E+01    3.661641E+01    3.646478E+01    3.615991E+01    3.573247E+01    3.531510E+01    3.502964E+01    3.483919E+01    3.466134E+01    3.450930E+01    3.443142E+01    3.434921E+01    3.425082E+01    3.413324E+01    3.398235E+01    3.402293E+01    3.404184E+01    3.405418E+01    3.406064E+01
   3.663055E+01    3.659880E+01    3.650841E+01    3.633328E+01    3.604663E+01    3.567622E+01    3.531745E+01    3.504875E+01    3.484683E+01    3.465841E+01    3.436499E+01    3.440278E+01    3.433287E+01    3.422891E+01    3.411401E+01    3.397989E+01    3.401072E+01    3.403298E+01    3.404790E+01    3.405523E+01
   3.658502E+01    3.654017E+01    3.641684E+01    3.618442E+01    3.594925E+01    3.564641E+01    3.529609E+01    3.505133E+01    3.486749E+01    3.468893E+01    3.450834E+01    3.441659E+01    3.432448E+01    3.420698E+01    3.408165E+01    3.395878E+01    3.399162E+01    3.401727E+01    3.403613E+01    3.404733E+01
   3.655992E+01    3.651251E+01    3.636120E+01    3.611218E+01    3.584132E+01    3.552145E+01    3.518279E+01    3.498389E+01    3.484239E+01    3.469960E+01    3.454362E+01    3.442345E+01    3.432490E+01    3.418588E+01    3.404023E+01    3.393049E+01    3.397027E+01    3.400185E+01    3.402194E+01    3.403776E+01
   3.653541E+01    3.647263E+01    3.630682E+01    3.607736E+01    3.576995E+01    3.539973E+01    3.489777E+01    3.490581E+01    3.480744E+01    3.467345E+01    3.452373E+01    3.439181E+01    3.428302E+01    3.414656E+01    3.401800E+01    3.391682E+01    3.395300E+01    3.398582E+01    3.400869E+01    3.402436E+01
   3.650069E+01    3.642486E+01    3.625740E+01    3.603884E+01    3.574854E+01    3.538853E+01    3.506271E+01    3.489738E+01    3.476219E+01    3.464043E+01    3.448016E+01    3.433037E+01    3.420298E+01    3.409188E+01    3.400031E+01    3.391100E+01    3.393880E+01    3.397174E+01    3.399560E+01    3.401077E+01
   3.646836E+01    3.638075E+01    3.623133E+01    3.600523E+01    3.574165E+01    3.541907E+01    3.507433E+01    3.485420E+01    3.471784E+01    3.456175E+01    3.440128E+01    3.424499E+01    3.412215E+01    3.403934E+01    3.396203E+01    3.387574E+01    3.391632E+01    3.395290E+01    3.398116E+01    3.399812E+01
   1.000000E+30    3.631851E+01    3.614420E+01    3.590331E+01    3.565617E+01    3.535102E+01    3.501671E+01    3.480075E+01    3.464099E+01    3.446519E+01    3.429865E+01    3.413048E+01    3.400686E+01    3.393999E+01    3.389104E+01    3.383001E+01    3.388784E+01    3.393010E+01    3.396304E+01    3.398661E+01
   1.000000E+30    1.000000E+30    3.603611E+01    3.575571E+01    3.547619E+01    3.519732E+01    3.492884E+01    3.471588E+01    3.450844E+01    3.433304E+01    3.416344E+01    3.398432E+01    3.381434E+01    3.381409E+01    3.380916E+01    3.378077E+01    3.384714E+01    3.390311E+01    3.394029E+01    3.397463E+01
   1.000000E+30    1.000000E+30    1.000000E+30    3.550287E+01    3.518228E+01    3.495851E+01    3.477808E+01    3.457956E+01    3.436084E+01    3.420187E+01    3.403355E+01    3.381235E+01    3.342205E+01    3.367347E+01    3.372627E+01    3.372540E+01    3.381046E+01    3.387081E+01    3.390961E+01    3.396268E+01
   1.000000E+30    1.000000E+30    1.000000E+30    1.000000E+30    3.486367E+01    3.473350E+01    3.459432E+01    3.441501E+01    3.422417E+01    3.408330E+01    3.393614E+01    3.378936E+01    3.366261E+01    3.368305E+01    3.370583E+01    3.371329E+01    3.378289E+01    3.383927E+01    3.386991E+01    1.000000E+30
   1.000000E+30    1.000000E+30    1.000000E+30    1.000000E+30    3.468844E+01    3.449144E+01    3.435619E+01    3.421184E+01    3.407387E+01    3.395221E+01    3.384328E+01    3.375950E+01    3.369611E+01    3.368388E+01    3.368973E+01    3.370309E+01    3.376301E+01    3.380620E+01    3.384263E+01    1.000000E+30
   1.000000E+30    1.000000E+30    1.000000E+30    1.000000E+30    1.000000E+30    3.416251E+01    3.410486E+01    3.400836E+01    3.392230E+01    3.382301E+01    3.374677E+01    3.369544E+01    3.364556E+01    3.362231E+01    3.362478E+01    3.365610E+01    3.371960E+01    3.377067E+01    1.000000E+30    1.000000E+30
   1.000000E+30    1.000000E+30    1.000000E+30    1.000000E+30    1.000000E+30    3.392062E+01    3.391141E+01    3.385913E+01    3.378793E+01    3.371369E+01    3.365842E+01    3.361444E+01    3.353748E+01    3.350574E+01    3.352166E+01    3.357876E+01    3.364997E+01    1.000000E+30    1.000000E+30    1.000000E+30
   1.000000E+30    1.000000E+30    1.000000E+30    1.000000E+30    1.000000E+30    3.363580E+01    3.369882E+01    3.369093E+01    3.365547E+01    3.363558E+01    3.356972E+01    3.350338E+01    3.338160E+01    3.333177E+01    3.338511E+01    3.350334E+01    1.000000E+30    1.000000E+30    1.000000E+30    1.000000E+30
