   3.830332E+01    3.826432E+01    3.818438E+01    3.808727E+01    3.793739E+01    3.773870E+01    3.752906E+01    3.723799E+01    3.687629E+01    3.653580E+01    3.621014E+01    3.576483E+01    3.528844E+01    3.491557E+01    3.446787E+01    3.410925E+01    3.409416E+01    3.408491E+01    3.407725E+01    3.407149E+01
   3.830978E+01    3.826812E+01    3.819313E+01    3.808266E+01    3.789661E+01    3.767829E+01    3.747027E+01    3.719541E+01    3.683209E+01    3.646928E+01    3.612961E+01    3.571172E+01    3.527407E+01    3.485822E+01    3.442908E+01    3.410109E+01    3.408526E+01    3.407440E+01    3.406358E+01    3.406050E+01
   3.832579E+01    3.828642E+01    3.819521E+01    3.804619E+01    3.783786E+01    3.762660E+01    3.739691E+01    3.710382E+01    3.673635E+01    3.635432E+01    3.597949E+01    3.557560E+01    3.519280E+01    3.479582E+01    3.437821E+01    3.407241E+01    3.406138E+01    3.404570E+01    3.403559E+01    3.403481E+01
   3.834177E+01    3.830022E+01    3.819250E+01    3.801074E+01    3.780492E+01    3.758473E+01    3.730330E+01    3.695268E+01    3.656962E+01    3.618873E+01    3.579535E+01    3.539949E+01    3.502783E+01    3.464912E+01    3.430235E+01    3.407418E+01    3.403210E+01    3.400415E+01    3.399068E+01    3.399054E+01
   3.835753E+01    3.831086E+01    3.821718E+01    3.802746E+01    3.778207E+01    3.749676E+01    3.713259E+01    3.676092E+01    3.639504E+01    3.596011E+01    3.551892E+01    3.514898E+01    3.480642E+01    3.449669E+01    3.423423E+01    3.404854E+01    3.399070E+01    3.395388E+01    3.393455E+01    3.393139E+01
   3.840818E+01    3.834403E+01    3.823004E+01    3.802917E+01    3.773846E+01    3.740447E+01    3.701883E+01    3.654948E+01    3.606924E+01    3.560402E+01    3.522035E+01    3.489665E+01    3.458510E+01    3.433861E+01    3.413957E+01    3.399895E+01    3.394090E+01    3.390338E+01    3.388268E+01    3.386830E+01
   3.850561E+01    3.842322E+01    3.829798E+01    3.805927E+01    3.769845E+01    3.732710E+01    3.682775E+01    3.618033E+01    3.565248E+01    3.521662E+01    3.489779E+01    3.460812E+01    3.436593E+01    3.419397E+01    3.404752E+01    3.395165E+01    3.388701E+01    3.384611E+01    3.381971E+01    3.379752E+01
   3.862253E+01    3.855923E+01    3.844047E+01    3.819854E+01    3.765098E+01    3.724995E+01    3.665821E+01    3.577895E+01    3.521016E+01    3.483595E+01    3.460089E+01    3.438553E+01    3.420960E+01    3.407822E+01    3.396945E+01    3.388759E+01    3.379840E+01    3.375455E+01    3.373573E+01    3.373003E+01
   3.872413E+01    3.869008E+01    3.863160E+01    3.856385E+01    1.000000E+30    1.000000E+30    1.000000E+30    3.520710E+01    3.478438E+01    3.458691E+01    3.440752E+01    3.421152E+01    3.406631E+01    3.395134E+01    3.385265E+01    3.379227E+01    3.366589E+01    3.366039E+01    3.366976E+01    3.367833E+01
   3.879296E+01    3.878238E+01    3.875359E+01    3.872019E+01    1.000000E+30    1.000000E+30    1.000000E+30    1.000000E+30    3.443579E+01    3.432463E+01    3.418644E+01    3.403362E+01    3.392521E+01    3.380028E+01    3.372501E+01    3.367819E+01    3.349362E+01    3.359454E+01    3.362833E+01    3.364018E+01
   3.882696E+01    3.881935E+01    3.880716E+01    3.879852E+01    1.000000E+30    1.000000E+30    1.000000E+30    1.000000E+30    3.416917E+01    3.411372E+01    3.402019E+01    3.391111E+01    3.376882E+01    3.360079E+01    3.361129E+01    3.363060E+01    3.358103E+01    3.360002E+01    3.361177E+01    3.361790E+01
   3.883115E+01    3.882887E+01    3.882266E+01    3.882060E+01    1.000000E+30    1.000000E+30    1.000000E+30    1.000000E+30    3.400968E+01    3.398258E+01    3.390763E+01    3.379805E+01    3.361771E+01    3.325674E+01    3.350589E+01    3.360180E+01    3.359796E+01    3.360374E+01    3.360865E+01    3.361109E+01
   3.882085E+01    3.881786E+01    3.881604E+01    3.881780E+01    1.000000E+30    1.000000E+30    1.000000E+30    1.000000E+30    3.391234E+01    3.389460E+01    3.384070E+01    3.375238E+01    3.364480E+01    3.351986E+01    3.355509E+01    3.360311E+01    3.360533E+01    3.360724E+01    3.360955E+01    3.361084E+01
   3.878541E+01    3.879275E+01    3.879478E+01    3.879666E+01    1.000000E+30    1.000000E+30    1.000000E+30    1.000000E+30    3.386492E+01    3.384653E+01    3.380663E+01    3.373886E+01    3.366424E+01    3.361039E+01    3.360373E+01    3.361948E+01    3.361518E+01    3.361297E+01    3.361328E+01    3.361393E+01
   3.871088E+01    3.873603E+01    3.874473E+01    3.874651E+01    1.000000E+30    1.000000E+30    1.000000E+30    1.000000E+30    3.383246E+01    3.381632E+01    3.378174E+01    3.373299E+01    3.367919E+01    3.364226E+01    3.363080E+01    3.363237E+01    3.362497E+01    3.362077E+01    3.361966E+01    3.361978E+01
   3.860109E+01    3.862335E+01    3.862116E+01    3.861189E+01    1.000000E+30    1.000000E+30    1.000000E+30    1.000000E+30    3.380518E+01    3.378865E+01    3.375883E+01    3.372059E+01    3.367755E+01    3.364966E+01    3.364101E+01    3.364312E+01    3.363192E+01    3.362756E+01    3.362575E+01    3.362575E+01
   3.839711E+01    3.840173E+01    3.837465E+01    3.835922E+01    1.000000E+30    1.000000E+30    1.000000E+30    1.000000E+30    3.377514E+01    3.375642E+01    3.372638E+01    3.369296E+01    3.366310E+01    3.364406E+01    3.363851E+01    3.364373E+01    3.363373E+01    3.363007E+01    3.362897E+01    3.362926E+01
   3.807813E+01    3.805615E+01    3.804921E+01    3.804348E+01    1.000000E+30    1.000000E+30    1.000000E+30    1.000000E+30    3.373995E+01    3.371905E+01    3.369150E+01    3.366653E+01    3.364419E+01    3.362588E+01    3.362235E+01    3.363664E+01    3.362998E+01    3.362861E+01    3.362898E+01    3.363053E+01
   3.768356E+01    3.762606E+01    3.761011E+01    3.759392E+01    1.000000E+30    1.000000E+30    1.000000E+30    1.000000E+30    3.371391E+01    3.369800E+01    3.367271E+01    3.364662E+01    3.361960E+01    3.359386E+01    3.358597E+01    3.361924E+01    3.362046E+01    3.362373E+01    3.362633E+01    3.362813E+01
   3.719931E+01    3.712700E+01    3.704881E+01    3.705242E+01    1.000000E+30    1.000000E+30    1.000000E+30    1.000000E+30    3.370474E+01    3.368582E+01    3.365488E+01    3.362535E+01    3.359024E+01    3.355218E+01    3.351920E+01    3.359202E+01    3.360649E+01    3.361636E+01    3.362253E+01    3.362545E+01
   3.676642E+01    3.668286E+01    3.661302E+01    3.661194E+01    1.000000E+30    1.000000E+30    1.000000E+30    1.000000E+30    3.370503E+01    3.368216E+01    3.364718E+01    3.361065E+01    3.357103E+01    3.351189E+01    3.338440E+01    3.355186E+01    3.359298E+01    3.361125E+01    3.361963E+01    3.362357E+01
   3.643019E+01    3.633307E+01    3.628565E+01    3.617471E+01    1.000000E+30    1.000000E+30    3.380152E+01    3.375991E+01    3.371492E+01    3.368099E+01    3.364366E+01    3.360791E+01    3.357834E+01    3.354583E+01    3.351297E+01    3.356827E+01    3.359640E+01    3.361231E+01    3.362063E+01    3.362467E+01
   3.611018E+01    3.601948E+01    3.587260E+01    3.553721E+01    3.505645E+01    1.000000E+30    3.380424E+01    3.376401E+01    3.371580E+01    3.367431E+01    3.363476E+01    3.360503E+01    3.358699E+01    3.357330E+01    3.356476E+01    3.358450E+01    3.360477E+01    3.361834E+01    3.362508E+01    3.362869E+01
   3.581340E+01    3.572062E+01    3.547943E+01    3.505450E+01    3.418110E+01    3.386913E+01    3.380766E+01    3.375649E+01    3.370825E+01    3.365720E+01    3.361713E+01    3.359830E+01    3.358975E+01    3.358594E+01    3.358744E+01    3.359995E+01    3.361511E+01    3.362567E+01    3.363146E+01    3.363417E+01
   3.563811E+01    3.552055E+01    3.520775E+01    3.445071E+01    3.199606E+01    3.342006E+01    3.372330E+01    3.373112E+01    3.368197E+01    3.362373E+01    3.358772E+01    3.358233E+01    3.358588E+01    3.358984E+01    3.359739E+01    3.361033E+01    3.362401E+01    3.363395E+01    3.363846E+01    3.364016E+01
   3.550148E+01    3.536978E+01    3.511289E+01    3.462125E+01    3.376650E+01    3.380238E+01    3.379491E+01    3.372889E+01    3.365858E+01    3.358769E+01    3.353276E+01    3.355091E+01    3.357231E+01    3.358759E+01    3.360204E+01    3.361806E+01    3.362989E+01    3.363810E+01    3.364210E+01    3.364392E+01
   3.533694E+01    3.524474E+01    3.505980E+01    3.473231E+01    3.431264E+01    3.405287E+01    3.386362E+01    3.373726E+01    3.364096E+01    3.354251E+01    3.334637E+01    3.350302E+01    3.355690E+01    3.358309E+01    3.360165E+01    3.361845E+01    3.363002E+01    3.363800E+01    3.364325E+01    3.364535E+01
   3.521724E+01    3.514237E+01    3.497253E+01    3.468449E+01    3.441622E+01    3.413630E+01    3.386466E+01    3.372584E+01    3.363995E+01    3.356430E+01    3.350077E+01    3.353059E+01    3.355817E+01    3.358102E+01    3.359819E+01    3.361321E+01    3.362544E+01    3.363425E+01    3.364062E+01    3.364446E+01
   3.512766E+01    3.507231E+01    3.491530E+01    3.465893E+01    3.437272E+01    3.405658E+01    3.374454E+01    3.365985E+01    3.362244E+01    3.358526E+01    3.355273E+01    3.355206E+01    3.356156E+01    3.357777E+01    3.359447E+01    3.360630E+01    3.361865E+01    3.362926E+01    3.363655E+01    3.364164E+01
   3.507359E+01    3.501470E+01    3.486625E+01    3.464806E+01    3.433900E+01    3.394338E+01    3.338351E+01    3.357782E+01    3.360615E+01    3.359116E+01    3.356902E+01    3.355970E+01    3.355945E+01    3.356718E+01    3.358205E+01    3.359666E+01    3.360994E+01    3.362270E+01    3.363198E+01    3.363791E+01
   3.502926E+01    3.496459E+01    3.482234E+01    3.464145E+01    3.436079E+01    3.399849E+01    3.369374E+01    3.364615E+01    3.362571E+01    3.360096E+01    3.357283E+01    3.355504E+01    3.354665E+01    3.354950E+01    3.356252E+01    3.357895E+01    3.359754E+01    3.361453E+01    3.362635E+01    3.363413E+01
   3.498362E+01    3.490152E+01    3.478299E+01    3.461070E+01    3.438835E+01    3.409766E+01    3.381896E+01    3.370170E+01    3.364570E+01    3.359941E+01    3.355902E+01    3.353084E+01    3.351777E+01    3.352055E+01    3.353623E+01    3.355508E+01    3.357765E+01    3.360005E+01    3.361779E+01    3.362886E+01
   1.000000E+30    3.483732E+01    3.470688E+01    3.454040E+01    3.435620E+01    3.411714E+01    3.386601E+01    3.372545E+01    3.364752E+01    3.358223E+01    3.352846E+01    3.348572E+01    3.346614E+01    3.347346E+01    3.349671E+01    3.352471E+01    3.355414E+01    3.358136E+01    3.360461E+01    3.362261E+01
   1.000000E+30    1.000000E+30    3.461036E+01    3.444030E+01    3.425172E+01    3.405344E+01    3.386306E+01    3.372278E+01    3.361662E+01    3.354063E+01    3.347854E+01    3.342397E+01    3.338150E+01    3.340897E+01    3.344493E+01    3.348758E+01    3.352358E+01    3.355835E+01    3.358872E+01    3.361627E+01
   1.000000E+30    1.000000E+30    1.000000E+30    3.428610E+01    3.407854E+01    3.392481E+01    3.379736E+01    3.367789E+01    3.356667E+01    3.349313E+01    3.342555E+01    3.334965E+01    3.321419E+01    3.334201E+01    3.339544E+01    3.344480E+01    3.348995E+01    3.352837E+01    3.356184E+01    3.360535E+01
   1.000000E+30    1.000000E+30    1.000000E+30    1.000000E+30    3.389209E+01    3.380478E+01    3.371313E+01    3.360759E+01    3.350922E+01    3.344450E+01    3.338407E+01    3.333363E+01    3.329910E+01    3.333313E+01    3.337132E+01    3.341359E+01    3.345642E+01    3.349657E+01    3.352334E+01    1.000000E+30
   1.000000E+30    1.000000E+30    1.000000E+30    1.000000E+30    3.379742E+01    3.368118E+01    3.359993E+01    3.351633E+01    3.344397E+01    3.338687E+01    3.333860E+01    3.330825E+01    3.329552E+01    3.331153E+01    3.334268E+01    3.338621E+01    3.343045E+01    3.347208E+01    3.350273E+01    1.000000E+30
   1.000000E+30    1.000000E+30    1.000000E+30    1.000000E+30    1.000000E+30    3.350910E+01    3.347724E+01    3.342577E+01    3.337955E+01    3.332909E+01    3.328857E+01    3.326455E+01    3.324763E+01    3.324820E+01    3.327497E+01    3.332511E+01    3.338715E+01    3.344333E+01    1.000000E+30    1.000000E+30
   1.000000E+30    1.000000E+30    1.000000E+30    1.000000E+30    1.000000E+30    3.338536E+01    3.338700E+01    3.336422E+01    3.332529E+01    3.328157E+01    3.324233E+01    3.321379E+01    3.317134E+01    3.316145E+01    3.318608E+01    3.323975E+01    3.331600E+01    1.000000E+30    1.000000E+30    1.000000E+30
   1.000000E+30    1.000000E+30    1.000000E+30    1.000000E+30    1.000000E+30    3.323233E+01    3.329705E+01    3.330702E+01    3.327966E+01    3.325711E+01    3.319345E+01    3.314318E+01    3.306823E+01    3.304678E+01    3.308571E+01    3.316181E+01    1.000000E+30    1.000000E+30    1.000000E+30    1.000000E+30
