   6.471444E-06    5.712617E-06    3.709390E-06    5.948828E-06    7.482431E-06    9.745826E-06    1.219432E-05    1.200289E-05    7.354652E-06    6.222293E-06    5.001753E-06    4.821779E-06    5.083604E-06    4.218359E-06    5.249622E-06    5.597515E-06    8.189156E-06    9.036416E-06    1.171262E-05    9.245113E-06
   8.778556E-06    7.150754E-06    7.125414E-06    7.900741E-06    8.128731E-06    9.515015E-06    1.226066E-05    1.245934E-05    7.219254E-06    4.935711E-06    4.543897E-06    2.528375E-06    2.908258E-06    3.907878E-06    4.597226E-06    7.039679E-06    1.458967E-05    1.347933E-05    1.109148E-05    1.210545E-05
   9.987494E-06    1.037774E-05    7.420982E-06    7.756083E-06    7.055553E-06    1.171855E-05    1.226832E-05    1.047350E-05    5.197226E-06    4.971364E-06    5.010946E-06    3.233972E-06    4.594918E-06    3.979688E-06    8.469252E-06    9.555855E-06    1.012930E-05    6.319867E-06    1.292565E-05    1.057344E-05
   7.570081E-06    9.918951E-06    8.339847E-06    5.184743E-06    7.976586E-06    8.588472E-06    1.172442E-05    1.060694E-05    5.997679E-06    4.465086E-06    4.174635E-06    2.415931E-06    3.768458E-06    3.041743E-06    5.594132E-06    6.671657E-06    7.361717E-06    6.450766E-06    7.382152E-06    7.026293E-06
   5.677044E-06    6.122255E-06    8.879771E-06    4.513211E-06    5.426627E-06    1.170900E-05    7.842109E-06    1.032928E-05    5.511956E-06    5.556034E-06    6.426107E-06    3.523417E-06    2.774259E-06    3.123059E-06    5.578769E-06    7.106410E-06    8.656536E-06    4.799013E-06    1.066958E-05    1.217303E-05
   7.426089E-06    8.520262E-06    1.160277E-05    5.341260E-06    5.337049E-06    5.689198E-06    1.075569E-05    9.877914E-06    6.282789E-06    4.004328E-06    5.725016E-06    3.766956E-06    3.382496E-06    2.849236E-06    3.706939E-06    5.849618E-06    6.808713E-06    3.914405E-06    4.367912E-06    8.140782E-06
   9.151956E-06    1.104840E-05    7.469670E-06    7.091154E-06    4.977828E-06    7.080849E-06    7.659695E-06    9.651256E-06    4.451286E-06    3.308452E-06    5.299407E-06    2.369361E-06    1.936681E-06    1.829852E-06    1.793764E-06    2.441006E-06    3.647326E-06    5.819952E-06    5.104535E-06    6.960997E-06
   1.116458E-05    1.033170E-05    1.453034E-05    1.229762E-05    6.974216E-06    7.958526E-06    7.737159E-06    9.690218E-06    4.922123E-06    4.632473E-06    5.174641E-06    2.702436E-06    2.330408E-06    2.537452E-06    2.060721E-06    2.346191E-06    3.654241E-06    4.114008E-06    3.291276E-06    5.977000E-06
   1.009962E-05    6.786026E-06    1.185578E-05    9.794930E-06    8.300542E-06    8.300542E-06    8.300542E-06    7.997313E-06    6.588089E-06    2.989321E-06    3.587772E-06    4.032455E-06    1.657354E-06    1.348691E-06    1.756427E-06    2.566086E-06    2.215460E-06    4.086414E-06    3.529181E-06    3.100323E-06
   8.935061E-06    6.357244E-06    7.390726E-06    1.028010E-05    8.300542E-06    8.300542E-06    8.300542E-06    8.300542E-06    5.085269E-06    5.414894E-06    5.598505E-06    3.272719E-06    1.752062E-06    1.364202E-06    1.671266E-06    3.610856E-06    2.598831E-06    3.254417E-06    4.183953E-06    3.071831E-06
   9.682901E-06    9.101447E-06    9.346782E-06    2.169349E-05    8.300542E-06    8.300542E-06    8.300542E-06    8.300542E-06    6.472314E-06    7.045950E-06    5.968725E-06    3.993239E-06    2.741405E-06    2.981054E-06    3.675357E-06    4.037376E-06    3.516331E-06    4.625108E-06    3.627228E-06    3.485471E-06
   6.087502E-06    1.016862E-05    1.528734E-05    1.960444E-05    8.300542E-06    8.300542E-06    8.300542E-06    8.300542E-06    8.619233E-06    4.531124E-06    3.465625E-06    5.271872E-06    3.377698E-06    3.245229E-06    4.781683E-06    4.460900E-06    6.834643E-06    4.523088E-06    2.894538E-06    3.484524E-06
   8.861430E-06    8.101705E-06    1.128549E-05    1.605518E-05    8.300542E-06    8.300542E-06    8.300542E-06    8.300542E-06    6.853452E-06    6.338297E-06    4.148198E-06    6.639029E-06    4.957468E-06    4.267889E-06    3.060121E-06    4.219099E-06    4.821355E-06    3.021921E-06    3.503050E-06    1.758849E-06
   8.579802E-06    1.379449E-05    1.479929E-05    1.916267E-05    8.300542E-06    8.300542E-06    8.300542E-06    8.300542E-06    1.510434E-05    6.658078E-06    6.191379E-06    4.876557E-06    3.833866E-06    3.758846E-06    4.598796E-06    3.731173E-06    3.700073E-06    2.897397E-06    3.547018E-06    4.621997E-06
   1.135739E-05    1.246640E-05    1.810765E-05    2.323136E-05    8.300542E-06    8.300542E-06    8.300542E-06    8.300542E-06    1.222037E-05    7.074457E-06    5.120873E-06    6.475909E-06    4.568702E-06    3.692869E-06    4.530159E-06    2.818629E-06    3.068019E-06    3.574764E-06    4.314040E-06    6.603480E-06
   1.258541E-05    1.371298E-05    2.144559E-05    2.346198E-05    8.300542E-06    8.300542E-06    8.300542E-06    8.300542E-06    9.943236E-06    4.881132E-06    2.861343E-06    3.242800E-06    3.401920E-06    2.092044E-06    4.537018E-06    3.178239E-06    3.026466E-06    4.399755E-06    5.465605E-06    9.260693E-06
   1.317412E-05    2.471511E-05    3.099854E-05    1.687454E-05    8.300542E-06    8.300542E-06    8.300542E-06    8.300542E-06    5.829350E-06    4.794135E-06    3.755105E-06    4.565315E-06    4.547249E-06    3.481129E-06    2.909136E-06    2.985371E-06    5.127235E-06    3.933439E-06    6.916773E-06    1.032643E-05
   1.950562E-05    1.353502E-05    1.566563E-05    1.332270E-05    8.300542E-06    8.300542E-06    8.300542E-06    8.300542E-06    7.039860E-06    4.504612E-06    6.358021E-06    7.230781E-06    4.276681E-06    2.576850E-06    2.415863E-06    4.557369E-06    6.219642E-06    8.041120E-06    1.086493E-05    1.394666E-05
   1.839402E-05    1.566887E-05    1.320009E-05    1.236617E-05    8.300542E-06    8.300542E-06    8.300542E-06    8.300542E-06    8.841312E-06    4.071674E-06    4.876307E-06    1.071308E-05    6.451663E-06    3.524856E-06    3.857265E-06    4.320217E-06    7.506886E-06    8.775310E-06    9.004418E-06    1.045178E-05
   2.263625E-05    1.620830E-05    8.699192E-06    1.063748E-05    8.300542E-06    8.300542E-06    8.300542E-06    8.300542E-06    4.400394E-06    5.065939E-06    2.893926E-06    6.793912E-06    5.022327E-06    5.218599E-06    5.184081E-06    4.873885E-06    6.037285E-06    6.999181E-06    9.957787E-06    6.439019E-06
   8.949387E-06    1.169883E-05    4.437912E-06    7.569857E-06    8.300542E-06    8.300542E-06    8.300542E-06    8.300542E-06    8.094208E-06    6.981488E-06    5.734632E-06    8.449130E-06    1.233093E-05    7.694208E-06    5.872799E-06    5.744699E-06    4.767499E-06    5.746753E-06    5.924724E-06    6.780878E-06
   5.677253E-06    5.280522E-06    4.831557E-06    4.568952E-06    8.300542E-06    8.300542E-06    6.070880E-06    6.864638E-06    1.015311E-05    7.237536E-06    7.844232E-06    9.794656E-06    1.640747E-05    1.909779E-05    7.400899E-06    5.283847E-06    4.712649E-06    4.071921E-06    3.825921E-06    6.141100E-06
   4.695425E-06    4.959815E-06    4.864629E-06    5.457966E-06    8.797736E-06    8.300542E-06    5.250817E-06    6.250349E-06    8.382161E-06    1.233371E-05    1.710539E-05    1.221613E-05    1.071290E-05    9.388187E-06    8.136151E-06    6.567715E-06    8.081125E-06    5.030808E-06    3.517936E-06    5.309200E-06
   3.697591E-06    8.494358E-06    5.654733E-06    7.963842E-06    5.465692E-06    8.831122E-06    4.165955E-06    7.688420E-06    1.244076E-05    1.319067E-05    1.698142E-05    1.570012E-05    1.240593E-05    1.356842E-05    1.054122E-05    7.893648E-06    8.142368E-06    3.998319E-06    5.261557E-06    4.850817E-06
   4.449858E-06    9.644808E-06    9.776476E-06    1.080544E-05    7.770745E-06    7.900201E-06    5.222257E-06    7.857437E-06    1.406094E-05    1.213183E-05    1.378963E-05    1.775216E-05    2.244343E-05    1.281805E-05    1.233989E-05    7.240608E-06    6.686457E-06    6.457923E-06    6.681295E-06    7.176391E-06
   6.510990E-06    1.084656E-05    1.432728E-05    1.205898E-05    7.820363E-06    6.028895E-06    8.282091E-06    1.110022E-05    1.306192E-05    1.414940E-05    1.476769E-05    1.894007E-05    1.550439E-05    1.428775E-05    1.032308E-05    9.592118E-06    7.392108E-06    8.295961E-06    5.359167E-06    7.676748E-06
   9.112736E-06    1.025170E-05    1.189202E-05    1.350389E-05    9.667097E-06    7.839538E-06    9.532184E-06    1.003494E-05    1.760150E-05    2.184470E-05    1.421903E-05    1.749830E-05    1.457222E-05    9.414649E-06    1.125947E-05    1.041613E-05    6.986652E-06    7.824636E-06    8.582419E-06    6.262044E-06
   1.490022E-05    1.483672E-05    1.768095E-05    1.068603E-05    1.560230E-05    1.588179E-05    1.099954E-05    7.849134E-06    1.548957E-05    2.186259E-05    2.098000E-05    1.243004E-05    1.086961E-05    8.727201E-06    8.108867E-06    8.647806E-06    5.275955E-06    4.845635E-06    6.172858E-06    6.001843E-06
   3.108198E-05    2.970456E-05    2.000585E-05    1.158352E-05    6.062665E-06    6.815090E-06    1.120128E-05    7.846444E-06    9.081161E-06    1.646509E-05    1.513611E-05    1.795539E-05    1.637915E-05    6.977122E-06    5.537957E-06    5.312561E-06    3.373824E-06    4.569254E-06    4.001747E-06    8.014221E-06
   3.175330E-05    3.176582E-05    1.455360E-05    1.379413E-05    6.031419E-06    7.218379E-06    1.364888E-05    1.079580E-05    1.362880E-05    7.725908E-06    1.062049E-05    1.371005E-05    8.808012E-06    5.937340E-06    4.489245E-06    4.724474E-06    3.488889E-06    3.369263E-06    3.319788E-06    5.414649E-06
   2.648473E-05    3.650983E-05    1.482388E-05    7.662368E-06    6.421421E-06    6.787611E-06    1.030696E-05    7.927560E-06    6.349547E-06    6.483118E-06    9.174022E-06    1.229672E-05    1.023953E-05    8.380781E-06    5.999273E-06    5.372766E-06    2.476674E-06    4.123503E-06    3.656825E-06    3.181018E-06
   2.737730E-05    3.627513E-05    2.966841E-05    1.503844E-05    1.459473E-05    1.263912E-05    8.497265E-06    8.516079E-06    1.077031E-05    7.999896E-06    1.537674E-05    8.587701E-06    1.538257E-05    1.703919E-05    9.104881E-06    6.034647E-06    5.710311E-06    5.164791E-06    3.177619E-06    3.670586E-06
   8.300542E-06    2.895484E-05    2.493438E-05    1.528473E-05    1.230782E-05    1.185804E-05    9.052879E-06    1.318555E-05    9.118087E-06    9.685187E-06    1.469814E-05    1.697693E-05    1.906736E-05    8.963366E-06    6.978955E-06    5.150855E-06    7.553384E-06    4.764085E-06    4.965095E-06    4.400194E-06
   8.300542E-06    8.300542E-06    3.528178E-05    1.581887E-05    1.435603E-05    1.495593E-05    1.146464E-05    1.160221E-05    9.461287E-06    1.352085E-05    1.620556E-05    1.843437E-05    1.515988E-05    1.469782E-05    5.758351E-06    4.240589E-06    4.884823E-06    6.074619E-06    4.957735E-06    5.579773E-06
   8.300542E-06    8.300542E-06    8.300542E-06    1.417143E-05    1.209162E-05    1.431057E-05    2.553884E-05    1.717551E-05    1.004952E-05    1.274081E-05    2.385436E-05    1.198023E-05    1.832454E-05    9.497146E-06    4.472967E-06    5.684442E-06    5.740459E-06    5.763905E-06    4.540928E-06    8.003054E-06
   8.300542E-06    8.300542E-06    8.300542E-06    8.300542E-06    1.052509E-05    1.623627E-05    1.825779E-05    1.703679E-05    1.586769E-05    1.298791E-05    1.401939E-05    1.098195E-05    1.011967E-05    6.331822E-06    6.893714E-06    6.325622E-06    6.566697E-06    9.218016E-06    6.188098E-06    8.300542E-06
   8.300542E-06    8.300542E-06    8.300542E-06    8.300542E-06    7.785575E-06    1.024563E-05    1.120719E-05    1.554518E-05    1.492258E-05    9.515614E-06    1.020790E-05    7.992901E-06    7.266927E-06    9.534951E-06    9.778104E-06    9.424181E-06    1.236070E-05    7.693213E-06    5.734793E-06    8.300542E-06
   8.300542E-06    8.300542E-06    8.300542E-06    8.300542E-06    8.300542E-06    9.421796E-06    1.117477E-05    1.452451E-05    1.211531E-05    7.112363E-06    9.760893E-06    7.668581E-06    6.616731E-06    1.060685E-05    8.791269E-06    9.573039E-06    5.653906E-06    4.710562E-06    8.300542E-06    8.300542E-06
   8.300542E-06    8.300542E-06    8.300542E-06    8.300542E-06    8.300542E-06    7.781683E-06    1.069359E-05    1.011561E-05    9.191416E-06    4.168690E-06    9.380805E-06    9.796320E-06    6.026219E-06    9.167994E-06    1.058661E-05    7.907156E-06    4.687431E-06    8.300542E-06    8.300542E-06    8.300542E-06
   8.300542E-06    8.300542E-06    8.300542E-06    8.300542E-06    8.300542E-06    1.136995E-05    6.102698E-06    7.712678E-06    7.646475E-06    1.417344E-05    1.225052E-05    1.390960E-05    6.741895E-06    4.915148E-06    6.318431E-06    4.054854E-06    8.300542E-06    8.300542E-06    8.300542E-06    8.300542E-06
