   7.421719E-02   2.759581E-01   3.353839E-01   3.617676E-01   9.124244E-02   2.072881E-01   3.195534E-01   1.604837E-01   2.471096E-01   1.377393E-01   1.037852E-01   7.455144E-02   1.372044E-01   6.394635E-02   6.491294E-02   7.729951E-02   1.114798E-01   1.351349E-01   5.036631E-02   3.856514E-02
   1.147186E-01   1.878325E-01   3.705753E-01   1.286287E-01   8.021706E-02   9.408020E-02   1.062657E-01   1.748613E-01   1.363224E-01   2.863262E-01   7.829608E-02   1.467984E-01   1.358073E-01   1.149283E-01   1.022484E-01   6.171240E-02   5.397559E-02   3.755368E-02   6.627416E-02   5.867985E-02
   6.933291E-02   1.353614E-01   1.826422E-01   1.834080E-01   5.901739E-02   4.283170E-02   8.932068E-02   9.977457E-02   1.752777E-01   2.184753E-01   1.035122E-01   1.167658E-01   1.205824E-01   1.200970E-01   9.062343E-02   9.359969E-02   4.994965E-02   5.491423E-02   5.807261E-02   1.275998E-01
   2.592017E-02   1.099804E-01   7.950135E-02   8.688811E-02   9.501543E-02   6.645803E-02   6.027040E-02   6.901781E-02   8.373840E-02   1.047167E-01   8.963522E-02   7.072591E-02   7.937463E-02   1.947389E-01   1.202733E-01   5.566214E-02   5.219643E-02   3.486036E-02   6.144988E-02   7.979777E-02
   3.101533E-02   9.137408E-02   9.552723E-02   1.091026E-01   4.811422E-02   1.091434E-01   6.872068E-02   2.401642E-02   3.596688E-02   3.155384E-02   8.581776E-02   3.307713E-02   7.897841E-02   1.293517E-01   1.264401E-01   6.083066E-02   4.419228E-02   5.747829E-02   6.802952E-02   5.892595E-02
   4.254929E-02   6.199689E-02   5.916766E-02   4.730159E-02   6.127383E-02   7.910615E-02   3.582718E-02   1.345126E-02   1.679730E-02   5.498443E-02   4.257988E-02   6.312753E-02   1.370463E-01   8.167040E-02   7.229198E-02   7.076502E-02   5.844536E-02   5.596866E-02   5.166029E-02   5.728354E-02
   5.156114E-02   2.989166E-02   3.013052E-02   3.690889E-02   5.349045E-02   4.637578E-02   3.667136E-02   1.994927E-02   5.044734E-02   6.803363E-02   8.941219E-02   9.447684E-02   1.043339E-01   5.709326E-02   4.588913E-02   3.554717E-02   3.696412E-02   5.401086E-02   9.697014E-02   9.215299E-02
   3.394964E-02   2.749787E-02   2.365595E-02   2.077634E-02   1.687575E-02   7.625936E-02   3.346467E-02   6.299002E-02   7.686405E-02   7.387896E-02   6.304844E-02   5.847466E-02   7.081305E-02   4.384039E-02   7.264947E-02   2.861696E-02   5.050813E-02   4.332533E-02   1.005645E-01   1.029345E-01
   1.652395E-02   4.294582E-02   1.364351E-02   1.854908E-02   1.000000E-01   1.000000E-01   1.000000E-01   6.531749E-02   6.848374E-02   7.675544E-02   5.904452E-02   7.672986E-02   1.609291E-01   5.103451E-02   4.545624E-02   3.882761E-02   5.199088E-02   4.163469E-02   4.546577E-02   7.324272E-02
   3.092044E-02   2.294011E-02   1.164886E-02   1.846782E-02   1.000000E-01   1.000000E-01   1.000000E-01   1.000000E-01   6.856429E-02   9.140031E-02   5.712992E-02   6.730714E-02   8.178542E-02   4.222056E-02   5.212608E-02   4.843667E-02   4.084912E-02   3.248001E-02   3.664704E-02   6.111693E-02
   5.937332E-02   3.732170E-02   4.657235E-02   2.159012E-02   1.000000E-01   1.000000E-01   1.000000E-01   1.000000E-01   5.665536E-02   4.638941E-02   8.349557E-02   4.873798E-02   4.854640E-02   3.645415E-02   3.469207E-02   5.134704E-02   5.022359E-02   3.331888E-02   4.774775E-02   5.067179E-02
   6.961931E-02   3.633914E-02   6.344012E-02   9.469961E-02   1.000000E-01   1.000000E-01   1.000000E-01   1.000000E-01   6.695600E-02   7.423902E-02   1.194024E-01   7.033181E-02   8.051522E-02   3.188597E-02   4.518257E-02   2.230376E-02   1.946799E-02   1.024254E-02   2.273345E-02   4.473370E-02
   5.812640E-02   5.205534E-02   7.953104E-02   7.938318E-02   1.000000E-01   1.000000E-01   1.000000E-01   1.000000E-01   5.712202E-02   7.887640E-02   6.572890E-02   7.184173E-02   5.008588E-02   3.758721E-02   2.528815E-02   3.737145E-02   2.656805E-02   2.092299E-02   3.881907E-02   6.401998E-02
   8.254190E-02   1.000102E-01   8.736443E-02   5.877403E-02   1.000000E-01   1.000000E-01   1.000000E-01   1.000000E-01   5.926168E-02   5.759097E-02   5.528256E-02   1.426952E-01   9.166184E-02   5.194168E-02   2.453625E-02   3.275026E-02   2.328005E-02   3.301592E-02   3.830529E-02   7.146261E-02
   1.072830E-01   1.709273E-01   1.564679E-01   7.520538E-02   1.000000E-01   1.000000E-01   1.000000E-01   1.000000E-01   5.019754E-02   5.130972E-02   5.539888E-02   9.467191E-02   1.651051E-01   7.489978E-02   5.566862E-02   2.200633E-02   3.609509E-02   5.329943E-02   5.250122E-02   3.906756E-02
   1.084969E-01   8.145284E-02   8.836252E-02   7.992883E-02   1.000000E-01   1.000000E-01   1.000000E-01   1.000000E-01   5.169078E-02   4.879645E-02   5.407678E-02   1.134519E-01   1.226311E-01   1.094228E-01   6.248170E-02   3.696613E-02   3.067155E-02   4.246203E-02   3.696691E-02   5.133794E-02
   6.118877E-02   4.318481E-02   5.864122E-02   6.965696E-02   1.000000E-01   1.000000E-01   1.000000E-01   1.000000E-01   5.810248E-02   7.534161E-02   1.029323E-01   5.938656E-02   6.942963E-02   7.314537E-02   5.959289E-02   4.894157E-02   6.373944E-02   5.443783E-02   5.444413E-02   4.220547E-02
   9.656406E-02   6.629294E-02   4.619522E-02   4.352429E-02   1.000000E-01   1.000000E-01   1.000000E-01   1.000000E-01   6.949196E-02   4.646157E-02   6.865122E-02   5.779896E-02   6.834366E-02   4.508291E-02   5.594063E-02   8.306319E-02   6.553967E-02   4.206028E-02   5.854683E-02   5.315226E-02
   6.497246E-02   5.784058E-02   9.591691E-02   6.702916E-02   1.000000E-01   1.000000E-01   1.000000E-01   1.000000E-01   6.694556E-02   7.446817E-02   4.990016E-02   1.328707E-01   6.969695E-02   4.602556E-02   3.606895E-02   6.528572E-02   5.105280E-02   4.452736E-02   3.787518E-02   5.880070E-02
   3.741182E-02   1.838307E-01   6.709181E-02   7.493191E-02   1.000000E-01   1.000000E-01   1.000000E-01   1.000000E-01   6.093226E-02   6.382260E-02   8.853342E-02   8.094710E-02   7.665747E-02   6.984618E-02   7.386556E-02   6.705692E-02   5.043378E-02   4.462687E-02   2.278370E-02   3.139605E-02
   1.314944E-01   2.376870E-01   1.056212E-01   9.377394E-02   1.000000E-01   1.000000E-01   1.000000E-01   1.000000E-01   9.158316E-02   1.293652E-01   1.040374E-01   5.654609E-02   5.273040E-02   7.208463E-02   8.557145E-02   6.807848E-02   8.306316E-02   9.695077E-02   5.748275E-02   1.372896E-01
   1.117520E-01   1.594156E-01   1.349742E-01   8.236409E-02   1.000000E-01   1.000000E-01   1.298124E-01   1.537244E-01   1.411053E-01   1.196953E-01   1.236071E-01   5.023372E-02   3.934151E-02   5.872747E-02   5.171902E-02   5.134678E-02   9.488811E-02   1.403671E-01   8.708939E-02   1.074507E-01
   5.632404E-02   2.127826E-01   2.543959E-01   1.705388E-01   8.983887E-02   1.000000E-01   1.907800E-01   2.340526E-01   2.817084E-01   2.234685E-01   4.205185E-02   5.322127E-02   2.111835E-02   4.251083E-02   2.765440E-02   7.657359E-02   1.499951E-01   6.797593E-02   7.553229E-02   7.640326E-02
   1.267121E-01   2.177323E-01   1.737126E-01   2.642916E-01   1.630009E-01   1.305145E-01   1.383688E-01   2.306588E-01   4.000000E-01   3.989793E-01   1.121912E-01   5.683229E-02   6.417330E-02   1.207873E-01   1.003214E-01   9.274787E-02   1.035557E-01   8.011886E-02   7.733419E-02   9.520809E-02
   1.796133E-01   1.476111E-01   3.206280E-01   3.333867E-01   4.000000E-01   2.082866E-01   1.712839E-01   3.392906E-01   3.509493E-01   2.268839E-01   1.259361E-01   2.760992E-01   2.362245E-01   1.053968E-01   6.451672E-02   5.714171E-02   9.274352E-02   6.841858E-02   5.669247E-02   7.619495E-02
   2.926526E-01   2.847063E-01   3.323704E-01   4.000000E-01   4.000000E-01   4.000000E-01   1.753312E-01   1.643434E-01   1.798410E-01   1.975955E-01   3.086519E-01   4.000000E-01   1.821825E-01   1.234361E-01   6.458584E-02   3.803437E-02   8.281401E-02   1.126660E-01   8.423014E-02   5.169780E-02
   1.560819E-01   3.076595E-01   4.000000E-01   4.000000E-01   4.000000E-01   4.000000E-01   2.302959E-01   2.142138E-01   2.004491E-01   2.953393E-01   2.908451E-01   2.354089E-01   1.663694E-01   4.935038E-02   6.540906E-02   4.303607E-02   7.694085E-02   9.141098E-02   1.112033E-01   7.734614E-02
   8.893386E-02   3.057468E-01   4.000000E-01   4.000000E-01   4.000000E-01   4.000000E-01   2.802702E-01   1.847681E-01   3.059517E-01   2.229179E-01   3.214291E-01   2.123769E-01   2.084776E-01   8.081385E-02   5.221269E-02   4.207691E-02   7.510286E-02   5.681472E-02   7.453898E-02   8.222691E-02
   8.570149E-02   2.282221E-01   4.000000E-01   4.000000E-01   4.000000E-01   4.000000E-01   2.239095E-01   1.916991E-01   2.329782E-01   2.008935E-01   2.847781E-01   2.936993E-01   1.569294E-01   1.217922E-01   1.501789E-01   6.382541E-02   3.993022E-02   5.676782E-02   3.930676E-02   1.128004E-01
   3.379962E-02   1.258825E-01   4.000000E-01   4.000000E-01   4.000000E-01   4.000000E-01   2.106560E-01   1.800084E-01   9.848255E-02   1.521020E-01   1.703132E-01   2.535218E-01   9.954480E-02   6.361103E-02   8.780219E-02   9.672446E-02   3.219739E-02   2.792866E-02   6.159493E-02   8.005798E-02
   4.987864E-02   9.004610E-02   3.312978E-01   4.000000E-01   4.000000E-01   3.655075E-01   2.418118E-01   1.786856E-01   2.889668E-01   1.927468E-01   2.616323E-01   2.745153E-01   7.954851E-02   6.390337E-02   1.593953E-01   9.313233E-02   6.765603E-02   5.593413E-02   8.739471E-02   8.887470E-02
   9.181970E-02   2.120981E-01   2.549042E-01   4.000000E-01   4.000000E-01   3.811399E-01   4.000000E-01   4.000000E-01   4.000000E-01   4.000000E-01   4.000000E-01   4.000000E-01   1.759733E-01   1.878956E-01   1.983924E-01   1.157048E-01   8.038551E-02   5.829894E-02   1.214407E-01   1.491198E-01
   1.000000E-01   3.571169E-01   3.327287E-01   4.000000E-01   4.000000E-01   4.000000E-01   3.478564E-01   4.000000E-01   3.047681E-01   4.000000E-01   3.190253E-01   2.715774E-01   1.721848E-01   2.943539E-01   2.800898E-01   3.447219E-01   2.817556E-01   7.455253E-02   2.255875E-01   1.969211E-01
   1.000000E-01   1.000000E-01   4.000000E-01   4.000000E-01   4.000000E-01   4.000000E-01   4.000000E-01   4.000000E-01   4.000000E-01   4.000000E-01   3.312621E-01   1.673623E-01   2.155628E-01   4.000000E-01   3.369773E-01   4.000000E-01   2.251128E-01   2.492808E-01   2.221223E-01   1.923969E-01
   1.000000E-01   1.000000E-01   1.000000E-01   4.000000E-01   4.000000E-01   4.000000E-01   3.928310E-01   4.000000E-01   4.000000E-01   4.000000E-01   4.000000E-01   3.707336E-01   3.635399E-01   3.778738E-01   3.718246E-01   2.949458E-01   2.385007E-01   2.600491E-01   3.592215E-01   1.795657E-01
   1.000000E-01   1.000000E-01   1.000000E-01   1.000000E-01   3.560790E-01   2.824806E-01   2.363976E-01   4.000000E-01   4.000000E-01   4.000000E-01   3.542820E-01   3.462764E-01   4.000000E-01   4.000000E-01   4.000000E-01   3.981466E-01   4.000000E-01   2.302962E-01   3.939031E-01   1.000000E-01
   1.000000E-01   1.000000E-01   1.000000E-01   1.000000E-01   3.229788E-01   3.755527E-01   3.220805E-01   3.553165E-01   4.000000E-01   4.000000E-01   4.000000E-01   4.000000E-01   4.000000E-01   3.819385E-01   4.000000E-01   4.000000E-01   2.807340E-01   1.869954E-01   1.445520E-01   1.000000E-01
   1.000000E-01   1.000000E-01   1.000000E-01   1.000000E-01   1.000000E-01   4.000000E-01   2.896373E-01   3.320832E-01   2.289824E-01   4.000000E-01   4.000000E-01   2.399067E-01   2.018258E-01   1.513700E-01   2.640134E-01   2.303091E-01   9.312798E-02   9.137022E-02   1.000000E-01   1.000000E-01
   1.000000E-01   1.000000E-01   1.000000E-01   1.000000E-01   1.000000E-01   3.934175E-01   3.415373E-01   2.736046E-01   1.514539E-01   2.486281E-01   4.000000E-01   2.504326E-01   3.035378E-01   1.467542E-01   2.445941E-01   1.143719E-01   5.210827E-02   1.000000E-01   1.000000E-01   1.000000E-01
   1.000000E-01   1.000000E-01   1.000000E-01   1.000000E-01   1.000000E-01   4.000000E-01   4.000000E-01   4.000000E-01   3.324781E-01   1.692165E-01   2.483118E-01   2.290173E-01   2.371462E-01   1.720532E-01   1.759248E-01   8.784409E-02   1.000000E-01   1.000000E-01   1.000000E-01   1.000000E-01
