   3.840846E+01    3.837134E+01    3.829258E+01    3.819563E+01    3.804575E+01    3.784591E+01    3.763438E+01    3.734383E+01    3.698577E+01    3.664554E+01    3.631526E+01    3.585908E+01    3.536340E+01    3.497224E+01    3.449657E+01    3.411541E+01    3.410186E+01    3.409447E+01    3.408856E+01    3.408336E+01
   3.841589E+01    3.837546E+01    3.830168E+01    3.819218E+01    3.800653E+01    3.778650E+01    3.757628E+01    3.730118E+01    3.694048E+01    3.657712E+01    3.623292E+01    3.580622E+01    3.535042E+01    3.491264E+01    3.445554E+01    3.410591E+01    3.409013E+01    3.408133E+01    3.407199E+01    3.406992E+01
   3.843329E+01    3.839519E+01    3.830541E+01    3.815825E+01    3.794938E+01    3.773513E+01    3.750321E+01    3.720968E+01    3.684344E+01    3.645912E+01    3.607813E+01    3.566387E+01    3.526494E+01    3.484668E+01    3.439993E+01    3.407496E+01    3.406371E+01    3.404969E+01    3.403944E+01    3.403995E+01
   3.845272E+01    3.841222E+01    3.830572E+01    3.812460E+01    3.791731E+01    3.769408E+01    3.740965E+01    3.705717E+01    3.667348E+01    3.628904E+01    3.588778E+01    3.548061E+01    3.509199E+01    3.469180E+01    3.431998E+01    3.407620E+01    3.403044E+01    3.400136E+01    3.398733E+01    3.398857E+01
   3.847214E+01    3.842663E+01    3.833367E+01    3.814405E+01    3.789642E+01    3.760635E+01    3.723860E+01    3.686295E+01    3.649430E+01    3.605299E+01    3.559988E+01    3.521770E+01    3.485662E+01    3.452699E+01    3.424505E+01    3.404620E+01    3.398163E+01    3.394194E+01    3.392006E+01    3.391679E+01
   3.852638E+01    3.846235E+01    3.834834E+01    3.814783E+01    3.785409E+01    3.751539E+01    3.712331E+01    3.664683E+01    3.615952E+01    3.568483E+01    3.528709E+01    3.494818E+01    3.461736E+01    3.435364E+01    3.413970E+01    3.398974E+01    3.392333E+01    3.388198E+01    3.385898E+01    3.384235E+01
   3.862958E+01    3.854607E+01    3.842031E+01    3.817988E+01    3.781495E+01    3.743759E+01    3.692902E+01    3.626734E+01    3.572777E+01    3.527794E+01    3.494476E+01    3.463761E+01    3.437733E+01    3.419219E+01    3.403525E+01    3.393412E+01    3.385978E+01    3.381364E+01    3.378439E+01    3.375881E+01
   3.875573E+01    3.869114E+01    3.856913E+01    3.832420E+01    3.776732E+01    3.735890E+01    3.675457E+01    3.585160E+01    3.526510E+01    3.487481E+01    3.462609E+01    3.439429E+01    3.420302E+01    3.406031E+01    3.394405E+01    3.385998E+01    3.375597E+01    3.370600E+01    3.368598E+01    3.367996E+01
   3.886785E+01    3.883336E+01    3.877232E+01    3.870276E+01    1.000000E+30    1.000000E+30    1.000000E+30    3.525991E+01    3.481860E+01    3.461024E+01    3.441712E+01    3.420268E+01    3.404242E+01    3.391561E+01    3.380938E+01    3.375097E+01    3.360449E+01    3.359802E+01    3.360998E+01    3.362050E+01
   3.894509E+01    3.893517E+01    3.890423E+01    3.886764E+01    1.000000E+30    1.000000E+30    1.000000E+30    1.000000E+30    3.445269E+01    3.433223E+01    3.417875E+01    3.400806E+01    3.388531E+01    3.374524E+01    3.366422E+01    3.362036E+01    3.341476E+01    3.352537E+01    3.356451E+01    3.357848E+01
   3.898552E+01    3.897752E+01    3.896337E+01    3.895168E+01    1.000000E+30    1.000000E+30    1.000000E+30    1.000000E+30    3.417242E+01    3.410965E+01    3.400248E+01    3.387660E+01    3.371455E+01    3.352752E+01    3.353851E+01    3.356463E+01    3.351063E+01    3.353443E+01    3.354926E+01    3.355673E+01
   3.899494E+01    3.899193E+01    3.898340E+01    3.897927E+01    1.000000E+30    1.000000E+30    1.000000E+30    1.000000E+30    3.400812E+01    3.397449E+01    3.388574E+01    3.375856E+01    3.355702E+01    3.317447E+01    3.342898E+01    3.353585E+01    3.353332E+01    3.354273E+01    3.354994E+01    3.355408E+01
   3.898886E+01    3.898539E+01    3.898210E+01    3.898170E+01    1.000000E+30    1.000000E+30    1.000000E+30    1.000000E+30    3.391132E+01    3.388926E+01    3.382233E+01    3.371628E+01    3.359320E+01    3.345390E+01    3.348879E+01    3.354459E+01    3.354874E+01    3.355243E+01    3.355647E+01    3.355920E+01
   3.896001E+01    3.896493E+01    3.896508E+01    3.896552E+01    1.000000E+30    1.000000E+30    1.000000E+30    1.000000E+30    3.386654E+01    3.384587E+01    3.379832E+01    3.371538E+01    3.362732E+01    3.356585E+01    3.355675E+01    3.357564E+01    3.357167E+01    3.356906E+01    3.357008E+01    3.357103E+01
   3.889682E+01    3.891768E+01    3.892262E+01    3.892283E+01    1.000000E+30    1.000000E+30    1.000000E+30    1.000000E+30    3.383914E+01    3.382108E+01    3.378239E+01    3.372451E+01    3.365969E+01    3.361746E+01    3.360326E+01    3.360444E+01    3.359732E+01    3.359274E+01    3.359150E+01    3.359064E+01
   3.880101E+01    3.882046E+01    3.881539E+01    3.880615E+01    1.000000E+30    1.000000E+30    1.000000E+30    1.000000E+30    3.382034E+01    3.380187E+01    3.376925E+01    3.372583E+01    3.367544E+01    3.364208E+01    3.363019E+01    3.363178E+01    3.362065E+01    3.361547E+01    3.361123E+01    3.360929E+01
   3.862172E+01    3.862379E+01    3.859766E+01    3.858482E+01    1.000000E+30    1.000000E+30    1.000000E+30    1.000000E+30    3.380238E+01    3.378296E+01    3.375110E+01    3.371464E+01    3.367905E+01    3.365370E+01    3.364397E+01    3.364697E+01    3.363487E+01    3.363037E+01    3.362574E+01    3.362311E+01
   3.834065E+01    3.832192E+01    3.831640E+01    3.831241E+01    1.000000E+30    1.000000E+30    1.000000E+30    1.000000E+30    3.378389E+01    3.376055E+01    3.372934E+01    3.370215E+01    3.367581E+01    3.365277E+01    3.364375E+01    3.365040E+01    3.364007E+01    3.363617E+01    3.363504E+01    3.363437E+01
   3.800095E+01    3.795488E+01    3.794563E+01    3.793435E+01    1.000000E+30    1.000000E+30    1.000000E+30    1.000000E+30    3.377353E+01    3.375208E+01    3.372071E+01    3.369034E+01    3.366218E+01    3.363616E+01    3.362527E+01    3.364433E+01    3.363978E+01    3.363926E+01    3.364024E+01    3.364159E+01
   3.759684E+01    3.754411E+01    3.748949E+01    3.749657E+01    1.000000E+30    1.000000E+30    1.000000E+30    1.000000E+30    3.378060E+01    3.375168E+01    3.371070E+01    3.367596E+01    3.364162E+01    3.360949E+01    3.358472E+01    3.363042E+01    3.363499E+01    3.363999E+01    3.364378E+01    3.364607E+01
   3.725053E+01    3.719480E+01    3.715354E+01    3.716170E+01    1.000000E+30    1.000000E+30    1.000000E+30    1.000000E+30    3.380274E+01    3.376307E+01    3.370983E+01    3.366438E+01    3.362639E+01    3.358274E+01    3.350254E+01    3.360436E+01    3.362852E+01    3.364044E+01    3.364665E+01    3.364946E+01
   3.698963E+01    3.692902E+01    3.691435E+01    3.686093E+01    1.000000E+30    1.000000E+30    3.406341E+01    3.395758E+01    3.384555E+01    3.377511E+01    3.370965E+01    3.365863E+01    3.362627E+01    3.359996E+01    3.357670E+01    3.360852E+01    3.363106E+01    3.364373E+01    3.365074E+01    3.365423E+01
   3.673804E+01    3.669712E+01    3.663227E+01    3.647307E+01    3.621972E+01    1.000000E+30    3.415453E+01    3.400820E+01    3.386984E+01    3.377082E+01    3.369345E+01    3.364663E+01    3.362491E+01    3.361278E+01    3.360693E+01    3.362123E+01    3.363864E+01    3.365113E+01    3.365741E+01    3.366117E+01
   3.649433E+01    3.646986E+01    3.637568E+01    3.621638E+01    3.581291E+01    3.504777E+01    3.440344E+01    3.406795E+01    3.388304E+01    3.374598E+01    3.365872E+01    3.362642E+01    3.361686E+01    3.361438E+01    3.361834E+01    3.363187E+01    3.364815E+01    3.365990E+01    3.366612E+01    3.366919E+01
   3.631517E+01    3.627469E+01    3.616670E+01    3.597756E+01    3.557586E+01    3.498291E+01    3.441396E+01    3.405313E+01    3.384053E+01    3.368375E+01    3.360061E+01    3.358818E+01    3.359776E+01    3.360788E+01    3.362077E+01    3.363882E+01    3.365669E+01    3.366971E+01    3.367540E+01    3.367751E+01
   3.610995E+01    3.605827E+01    3.594179E+01    3.573899E+01    3.535646E+01    3.483018E+01    3.431711E+01    3.398816E+01    3.377763E+01    3.360888E+01    3.349247E+01    3.352232E+01    3.356318E+01    3.359269E+01    3.361862E+01    3.364398E+01    3.366224E+01    3.367432E+01    3.368020E+01    3.368253E+01
   3.587139E+01    3.582793E+01    3.571995E+01    3.547390E+01    3.509919E+01    3.464188E+01    3.420792E+01    3.392048E+01    3.370957E+01    3.350826E+01    3.313371E+01    3.342678E+01    3.352938E+01    3.358057E+01    3.361379E+01    3.364231E+01    3.366150E+01    3.367365E+01    3.368138E+01    3.368427E+01
   3.567775E+01    3.562035E+01    3.548109E+01    3.518921E+01    3.486818E+01    3.446216E+01    3.403408E+01    3.381166E+01    3.366625E+01    3.353065E+01    3.341704E+01    3.347946E+01    3.353489E+01    3.357889E+01    3.361076E+01    3.363628E+01    3.365599E+01    3.366920E+01    3.367809E+01    3.368321E+01
   3.552740E+01    3.547569E+01    3.531375E+01    3.503346E+01    3.467411E+01    3.419394E+01    3.368762E+01    3.362705E+01    3.360587E+01    3.356195E+01    3.351704E+01    3.352603E+01    3.354935E+01    3.358217E+01    3.361194E+01    3.363129E+01    3.364981E+01    3.366451E+01    3.367436E+01    3.368037E+01
   3.543526E+01    3.537023E+01    3.520179E+01    3.494514E+01    3.453730E+01    3.390988E+01    3.280833E+01    3.342544E+01    3.356544E+01    3.357737E+01    3.355793E+01    3.355393E+01    3.356129E+01    3.358080E+01    3.360398E+01    3.362503E+01    3.364281E+01    3.365931E+01    3.367101E+01    3.367801E+01
   3.535991E+01    3.528253E+01    3.512039E+01    3.490666E+01    3.454362E+01    3.402550E+01    3.354893E+01    3.358374E+01    3.361538E+01    3.360637E+01    3.358386E+01    3.356817E+01    3.356115E+01    3.356883E+01    3.358691E+01    3.360956E+01    3.363267E+01    3.365332E+01    3.366777E+01    3.367739E+01
   3.529219E+01    3.519290E+01    3.505606E+01    3.485477E+01    3.458174E+01    3.420502E+01    3.383601E+01    3.371938E+01    3.366760E+01    3.362550E+01    3.358254E+01    3.355347E+01    3.353635E+01    3.354058E+01    3.356149E+01    3.358825E+01    3.361386E+01    3.364130E+01    3.366256E+01    3.367604E+01
   1.000000E+30    3.510923E+01    3.495851E+01    3.476743E+01    3.454979E+01    3.425998E+01    3.395009E+01    3.378100E+01    3.369201E+01    3.361999E+01    3.355644E+01    3.350668E+01    3.348357E+01    3.349295E+01    3.352171E+01    3.355715E+01    3.359171E+01    3.362469E+01    3.365248E+01    3.367374E+01
   1.000000E+30    1.000000E+30    3.483919E+01    3.464896E+01    3.443066E+01    3.419643E+01    3.396790E+01    3.379786E+01    3.367206E+01    3.358087E+01    3.350617E+01    3.344139E+01    3.339267E+01    3.342460E+01    3.346812E+01    3.352001E+01    3.356341E+01    3.360406E+01    3.364083E+01    3.367220E+01
   1.000000E+30    1.000000E+30    1.000000E+30    3.447295E+01    3.423230E+01    3.405031E+01    3.389638E+01    3.375399E+01    3.362260E+01    3.353348E+01    3.345145E+01    3.336443E+01    3.321208E+01    3.335542E+01    3.341909E+01    3.347911E+01    3.353243E+01    3.357699E+01    3.361623E+01    3.366358E+01
   1.000000E+30    1.000000E+30    1.000000E+30    1.000000E+30    3.401794E+01    3.391336E+01    3.380295E+01    3.367675E+01    3.356024E+01    3.348371E+01    3.341184E+01    3.335322E+01    3.331331E+01    3.335225E+01    3.339908E+01    3.345137E+01    3.350229E+01    3.354775E+01    3.357798E+01    1.000000E+30
   1.000000E+30    1.000000E+30    1.000000E+30    1.000000E+30    3.391027E+01    3.377319E+01    3.367578E+01    3.357518E+01    3.348942E+01    3.342343E+01    3.336763E+01    3.333241E+01    3.331717E+01    3.333666E+01    3.337650E+01    3.342931E+01    3.348034E+01    3.352736E+01    3.355924E+01    1.000000E+30
   1.000000E+30    1.000000E+30    1.000000E+30    1.000000E+30    1.000000E+30    3.357582E+01    3.353593E+01    3.347367E+01    3.341938E+01    3.336239E+01    3.331712E+01    3.329086E+01    3.327423E+01    3.327850E+01    3.331447E+01    3.337394E+01    3.344153E+01    3.350165E+01    1.000000E+30    1.000000E+30
   1.000000E+30    1.000000E+30    1.000000E+30    1.000000E+30    1.000000E+30    3.343608E+01    3.343355E+01    3.340416E+01    3.335914E+01    3.331084E+01    3.326907E+01    3.323957E+01    3.319824E+01    3.319302E+01    3.322669E+01    3.329082E+01    3.337288E+01    1.000000E+30    1.000000E+30    1.000000E+30
   1.000000E+30    1.000000E+30    1.000000E+30    1.000000E+30    1.000000E+30    3.326766E+01    3.333161E+01    3.333719E+01    3.330642E+01    3.328186E+01    3.321733E+01    3.316627E+01    3.309149E+01    3.307438E+01    3.312319E+01    3.321073E+01    1.000000E+30    1.000000E+30    1.000000E+30    1.000000E+30
