   3.821338E+01    3.817345E+01    3.809496E+01    3.800080E+01    3.785560E+01    3.766353E+01    3.746022E+01    3.717180E+01    3.680628E+01    3.646364E+01    3.614028E+01    3.570218E+01    3.524255E+01    3.488480E+01    3.445883E+01    3.411424E+01    3.411407E+01    3.411080E+01    3.410690E+01    3.410236E+01
   3.821907E+01    3.817731E+01    3.810332E+01    3.799514E+01    3.781403E+01    3.760282E+01    3.740067E+01    3.712883E+01    3.676340E+01    3.639979E+01    3.606248E+01    3.565019E+01    3.522789E+01    3.483012E+01    3.442215E+01    3.410709E+01    3.410663E+01    3.410145E+01    3.409393E+01    3.409220E+01
   3.823421E+01    3.819439E+01    3.810428E+01    3.795729E+01    3.775496E+01    3.755127E+01    3.732740E+01    3.703746E+01    3.666971E+01    3.628922E+01    3.591864E+01    3.552239E+01    3.515264E+01    3.477244E+01    3.437611E+01    3.407921E+01    3.408150E+01    3.407203E+01    3.406643E+01    3.406684E+01
   3.824799E+01    3.820640E+01    3.810011E+01    3.792192E+01    3.772211E+01    3.750908E+01    3.723463E+01    3.688891E+01    3.650758E+01    3.612964E+01    3.574245E+01    3.535490E+01    3.499628E+01    3.463351E+01    3.430387E+01    3.408362E+01    3.405236E+01    3.403037E+01    3.402102E+01    3.402270E+01
   3.826214E+01    3.821560E+01    3.812314E+01    3.793712E+01    3.769847E+01    3.742254E+01    3.706622E+01    3.670120E+01    3.633911E+01    3.591004E+01    3.547844E+01    3.511690E+01    3.478712E+01    3.449055E+01    3.423984E+01    3.406027E+01    3.401195E+01    3.398056E+01    3.396535E+01    3.396496E+01
   3.831174E+01    3.824868E+01    3.813679E+01    3.793880E+01    3.765541E+01    3.733054E+01    3.695529E+01    3.649602E+01    3.602377E+01    3.556694E+01    3.519379E+01    3.487968E+01    3.457962E+01    3.434225E+01    3.414980E+01    3.401186E+01    3.396166E+01    3.392953E+01    3.391260E+01    3.390105E+01
   3.840604E+01    3.832557E+01    3.820259E+01    3.796867E+01    3.761625E+01    3.725490E+01    3.676886E+01    3.613855E+01    3.562220E+01    3.519771E+01    3.488860E+01    3.460844E+01    3.437494E+01    3.420745E+01    3.406253E+01    3.396574E+01    3.390613E+01    3.387117E+01    3.384904E+01    3.382945E+01
   3.851480E+01    3.845348E+01    3.833956E+01    3.810354E+01    3.757024E+01    3.718008E+01    3.660465E+01    3.575127E+01    3.519850E+01    3.483620E+01    3.460921E+01    3.440155E+01    3.423107E+01    3.410135E+01    3.398976E+01    3.390116E+01    3.381280E+01    3.377616E+01    3.376320E+01    3.376058E+01
   3.860572E+01    3.857268E+01    3.851797E+01    3.845306E+01    1.000000E+30    1.000000E+30    1.000000E+30    3.519863E+01    3.479074E+01    3.460021E+01    3.442850E+01    3.424154E+01    3.410097E+01    3.398612E+01    3.387992E+01    3.380314E+01    3.366616E+01    3.367542E+01    3.369391E+01    3.370700E+01
   3.866577E+01    3.865489E+01    3.862908E+01    3.859956E+01    1.000000E+30    1.000000E+30    1.000000E+30    1.000000E+30    3.445709E+01    3.435148E+01    3.422146E+01    3.407808E+01    3.397498E+01    3.385231E+01    3.376316E+01    3.368737E+01    3.345736E+01    3.360282E+01    3.365206E+01    3.366918E+01
   3.869301E+01    3.868610E+01    3.867638E+01    3.867120E+01    1.000000E+30    1.000000E+30    1.000000E+30    1.000000E+30    3.420244E+01    3.415112E+01    3.406550E+01    3.396669E+01    3.383916E+01    3.368668E+01    3.367050E+01    3.366195E+01    3.359572E+01    3.362336E+01    3.364011E+01    3.364920E+01
   3.869152E+01    3.869024E+01    3.868674E+01    3.868708E+01    1.000000E+30    1.000000E+30    1.000000E+30    1.000000E+30    3.404840E+01    3.402475E+01    3.395855E+01    3.386295E+01    3.370962E+01    3.341607E+01    3.359062E+01    3.364883E+01    3.363124E+01    3.363531E+01    3.364105E+01    3.364489E+01
   3.867641E+01    3.867411E+01    3.867410E+01    3.867839E+01    1.000000E+30    1.000000E+30    1.000000E+30    1.000000E+30    3.395217E+01    3.393674E+01    3.389058E+01    3.381466E+01    3.372092E+01    3.361202E+01    3.362708E+01    3.365336E+01    3.364488E+01    3.364280E+01    3.364454E+01    3.364610E+01
   3.863321E+01    3.864354E+01    3.864793E+01    3.865162E+01    1.000000E+30    1.000000E+30    1.000000E+30    1.000000E+30    3.390388E+01    3.388652E+01    3.385083E+01    3.379190E+01    3.372558E+01    3.367516E+01    3.366182E+01    3.366613E+01    3.365603E+01    3.365060E+01    3.364982E+01    3.365041E+01
   3.854532E+01    3.857577E+01    3.858932E+01    3.859327E+01    1.000000E+30    1.000000E+30    1.000000E+30    1.000000E+30    3.386862E+01    3.385325E+01    3.382062E+01    3.377661E+01    3.372828E+01    3.369248E+01    3.367826E+01    3.367442E+01    3.366403E+01    3.365804E+01    3.365629E+01    3.365660E+01
   3.841959E+01    3.844544E+01    3.844797E+01    3.843978E+01    1.000000E+30    1.000000E+30    1.000000E+30    1.000000E+30    3.383619E+01    3.382049E+01    3.379199E+01    3.375644E+01    3.371698E+01    3.369101E+01    3.368166E+01    3.367981E+01    3.366777E+01    3.366305E+01    3.366150E+01    3.366207E+01
   3.818914E+01    3.819800E+01    3.817339E+01    3.815732E+01    1.000000E+30    1.000000E+30    1.000000E+30    1.000000E+30    3.379840E+01    3.378013E+01    3.375168E+01    3.372094E+01    3.369516E+01    3.367966E+01    3.367440E+01    3.367712E+01    3.366796E+01    3.366413E+01    3.366364E+01    3.366461E+01
   3.783707E+01    3.781638E+01    3.781248E+01    3.780734E+01    1.000000E+30    1.000000E+30    1.000000E+30    1.000000E+30    3.375228E+01    3.373375E+01    3.371048E+01    3.368920E+01    3.367219E+01    3.365957E+01    3.365824E+01    3.367019E+01    3.366422E+01    3.366250E+01    3.366264E+01    3.366446E+01
   3.740487E+01    3.734418E+01    3.732921E+01    3.731237E+01    1.000000E+30    1.000000E+30    1.000000E+30    1.000000E+30    3.371640E+01    3.370518E+01    3.368654E+01    3.366778E+01    3.364787E+01    3.363189E+01    3.363036E+01    3.365672E+01    3.365623E+01    3.365738E+01    3.365842E+01    3.365937E+01
   3.687746E+01    3.680134E+01    3.671903E+01    3.672447E+01    1.000000E+30    1.000000E+30    1.000000E+30    1.000000E+30    3.369759E+01    3.368643E+01    3.366650E+01    3.364758E+01    3.362437E+01    3.360213E+01    3.358671E+01    3.363852E+01    3.364509E+01    3.364968E+01    3.365254E+01    3.365365E+01
   3.641017E+01    3.632674E+01    3.625765E+01    3.626068E+01    1.000000E+30    1.000000E+30    1.000000E+30    1.000000E+30    3.368673E+01    3.367391E+01    3.365434E+01    3.363311E+01    3.360985E+01    3.357711E+01    3.350925E+01    3.361324E+01    3.363446E+01    3.364347E+01    3.364722E+01    3.364926E+01
   3.605761E+01    3.596317E+01    3.592446E+01    3.582618E+01    1.000000E+30    1.000000E+30    3.371711E+01    3.369955E+01    3.368201E+01    3.366472E+01    3.364492E+01    3.362586E+01    3.361041E+01    3.359423E+01    3.358008E+01    3.362168E+01    3.363427E+01    3.364127E+01    3.364477E+01    3.364654E+01
   3.573104E+01    3.565317E+01    3.552393E+01    3.523914E+01    3.482104E+01    1.000000E+30    3.371629E+01    3.369664E+01    3.367464E+01    3.365391E+01    3.363282E+01    3.361788E+01    3.361049E+01    3.360640E+01    3.360854E+01    3.363503E+01    3.363752E+01    3.364143E+01    3.364401E+01    3.364513E+01
   3.543800E+01    3.536707E+01    3.517066E+01    3.483934E+01    3.416587E+01    3.380515E+01    3.372182E+01    3.368743E+01    3.366132E+01    3.363158E+01    3.361056E+01    3.360555E+01    3.360670E+01    3.360993E+01    3.361820E+01    3.363876E+01    3.363921E+01    3.364151E+01    3.364365E+01    3.364459E+01
   3.526530E+01    3.517151E+01    3.492732E+01    3.439314E+01    3.284976E+01    3.351928E+01    3.366489E+01    3.366694E+01    3.363463E+01    3.359221E+01    3.356976E+01    3.358056E+01    3.359612E+01    3.360688E+01    3.361818E+01    3.363136E+01    3.363666E+01    3.364087E+01    3.364330E+01    3.364435E+01
   3.513408E+01    3.502722E+01    3.482113E+01    3.444495E+01    3.381750E+01    3.374999E+01    3.371886E+01    3.366722E+01    3.361184E+01    3.354912E+01    3.349698E+01    3.353647E+01    3.357364E+01    3.359676E+01    3.361369E+01    3.362726E+01    3.363455E+01    3.363892E+01    3.364190E+01    3.364350E+01
   3.500788E+01    3.492951E+01    3.477149E+01    3.450857E+01    3.417145E+01    3.394235E+01    3.378928E+01    3.368635E+01    3.360068E+01    3.349676E+01    3.324841E+01    3.347568E+01    3.355243E+01    3.358598E+01    3.360550E+01    3.362008E+01    3.362921E+01    3.363539E+01    3.363973E+01    3.364178E+01
   3.492992E+01    3.486581E+01    3.471881E+01    3.448147E+01    3.426704E+01    3.404236E+01    3.382541E+01    3.370743E+01    3.362620E+01    3.354568E+01    3.347246E+01    3.351706E+01    3.355402E+01    3.358063E+01    3.359706E+01    3.361032E+01    3.362071E+01    3.362846E+01    3.363434E+01    3.363803E+01
   3.487780E+01    3.482985E+01    3.469515E+01    3.447941E+01    3.425050E+01    3.400978E+01    3.377229E+01    3.368504E+01    3.363629E+01    3.358860E+01    3.354813E+01    3.354803E+01    3.355902E+01    3.357478E+01    3.358944E+01    3.359950E+01    3.361035E+01    3.362035E+01    3.362712E+01    3.363250E+01
   3.484751E+01    3.479755E+01    3.467177E+01    3.448987E+01    3.424381E+01    3.394873E+01    3.355073E+01    3.364384E+01    3.363644E+01    3.360376E+01    3.357166E+01    3.355776E+01    3.355483E+01    3.355950E+01    3.357246E+01    3.358587E+01    3.359800E+01    3.361029E+01    3.361938E+01    3.362547E+01
   3.482234E+01    3.476914E+01    3.464787E+01    3.449458E+01    3.426989E+01    3.398997E+01    3.375510E+01    3.368898E+01    3.364846E+01    3.361234E+01    3.357402E+01    3.354948E+01    3.353624E+01    3.353603E+01    3.354812E+01    3.356386E+01    3.358144E+01    3.359818E+01    3.360975E+01    3.361707E+01
   3.479330E+01    3.472737E+01    3.462627E+01    3.447842E+01    3.429424E+01    3.405946E+01    3.382959E+01    3.371586E+01    3.365575E+01    3.360105E+01    3.355248E+01    3.351608E+01    3.349828E+01    3.349959E+01    3.351573E+01    3.353473E+01    3.355763E+01    3.357906E+01    3.359633E+01    3.360664E+01
   1.000000E+30    3.468006E+01    3.456802E+01    3.442187E+01    3.426375E+01    3.406190E+01    3.384751E+01    3.372138E+01    3.364424E+01    3.357288E+01    3.351137E+01    3.345760E+01    3.343046E+01    3.343888E+01    3.346643E+01    3.349799E+01    3.352917E+01    3.355608E+01    3.357850E+01    3.359556E+01
   1.000000E+30    1.000000E+30    3.449183E+01    3.433659E+01    3.417002E+01    3.399774E+01    3.383171E+01    3.370589E+01    3.360214E+01    3.352178E+01    3.344925E+01    3.337737E+01    3.331442E+01    3.335491E+01    3.340246E+01    3.345363E+01    3.349316E+01    3.352905E+01    3.355768E+01    3.358411E+01
   1.000000E+30    1.000000E+30    1.000000E+30    3.419826E+01    3.401301E+01    3.387815E+01    3.376667E+01    3.365611E+01    3.354643E+01    3.346845E+01    3.338785E+01    3.328287E+01    3.307129E+01    3.326791E+01    3.334384E+01    3.340532E+01    3.345589E+01    3.349565E+01    3.352776E+01    3.357050E+01
   1.000000E+30    1.000000E+30    1.000000E+30    1.000000E+30    3.384316E+01    3.376626E+01    3.368463E+01    3.358622E+01    3.348906E+01    3.342022E+01    3.334948E+01    3.328200E+01    3.322774E+01    3.327362E+01    3.332426E+01    3.337461E+01    3.342110E+01    3.346208E+01    3.348821E+01    1.000000E+30
   1.000000E+30    1.000000E+30    1.000000E+30    1.000000E+30    3.375508E+01    3.364960E+01    3.357597E+01    3.349806E+01    3.342614E+01    3.336560E+01    3.331142E+01    3.327230E+01    3.325021E+01    3.326860E+01    3.330473E+01    3.335100E+01    3.339552E+01    3.343546E+01    3.346607E+01    1.000000E+30
   1.000000E+30    1.000000E+30    1.000000E+30    1.000000E+30    1.000000E+30    3.348843E+01    3.345962E+01    3.341097E+01    3.336447E+01    3.331183E+01    3.326824E+01    3.324032E+01    3.321948E+01    3.321982E+01    3.324546E+01    3.329367E+01    3.335259E+01    3.340552E+01    1.000000E+30    1.000000E+30
   1.000000E+30    1.000000E+30    1.000000E+30    1.000000E+30    1.000000E+30    3.337097E+01    3.337377E+01    3.335203E+01    3.331277E+01    3.326745E+01    3.322666E+01    3.319610E+01    3.315232E+01    3.314084E+01    3.316237E+01    3.321186E+01    3.328331E+01    1.000000E+30    1.000000E+30    1.000000E+30
   1.000000E+30    1.000000E+30    1.000000E+30    1.000000E+30    1.000000E+30    3.322358E+01    3.328770E+01    3.329802E+01    3.326997E+01    3.324613E+01    3.318097E+01    3.312981E+01    3.305428E+01    3.303105E+01    3.306598E+01    3.313741E+01    1.000000E+30    1.000000E+30    1.000000E+30    1.000000E+30
