   3.818899E+01    3.815385E+01    3.808371E+01    3.799927E+01    3.786839E+01    3.769136E+01    3.750054E+01    3.722596E+01    3.686690E+01    3.652381E+01    3.619586E+01    3.575351E+01    3.528402E+01    3.491975E+01    3.447737E+01    3.411397E+01    3.409896E+01    3.408775E+01    3.407771E+01    3.406794E+01
   3.819273E+01    3.815553E+01    3.808939E+01    3.799208E+01    3.782594E+01    3.762750E+01    3.743366E+01    3.717113E+01    3.681205E+01    3.644718E+01    3.610527E+01    3.568673E+01    3.525636E+01    3.485147E+01    3.442940E+01    3.410055E+01    3.407947E+01    3.406418E+01    3.404695E+01    3.404322E+01
   3.820312E+01    3.816767E+01    3.808602E+01    3.795185E+01    3.776204E+01    3.756801E+01    3.735129E+01    3.706638E+01    3.670098E+01    3.631632E+01    3.593775E+01    3.553048E+01    3.515151E+01    3.476440E+01    3.435859E+01    3.405946E+01    3.402943E+01    3.400230E+01    3.398504E+01    3.398639E+01
   3.820988E+01    3.817166E+01    3.807403E+01    3.790889E+01    3.772044E+01    3.751561E+01    3.724650E+01    3.690052E+01    3.651601E+01    3.613016E+01    3.572778E+01    3.532415E+01    3.494961E+01    3.457616E+01    3.424217E+01    3.402859E+01    3.395609E+01    3.390699E+01    3.388461E+01    3.388863E+01
   3.821435E+01    3.816992E+01    3.808445E+01    3.791005E+01    3.768408E+01    3.741444E+01    3.706098E+01    3.669074E+01    3.631850E+01    3.587264E+01    3.541428E+01    3.503127E+01    3.467771E+01    3.436703E+01    3.412160E+01    3.395755E+01    3.385795E+01    3.379275E+01    3.375736E+01    3.375463E+01
   3.824529E+01    3.818541E+01    3.808015E+01    3.789378E+01    3.762168E+01    3.730290E+01    3.692656E+01    3.645470E+01    3.595738E+01    3.546996E+01    3.506502E+01    3.472159E+01    3.439212E+01    3.414532E+01    3.396437E+01    3.385652E+01    3.374626E+01    3.367846E+01    3.364101E+01    3.361352E+01
   3.830421E+01    3.823192E+01    3.811752E+01    3.789887E+01    3.756267E+01    3.720653E+01    3.671055E+01    3.604446E+01    3.548735E+01    3.501767E+01    3.467319E+01    3.435409E+01    3.408905E+01    3.392056E+01    3.380019E+01    3.374273E+01    3.362309E+01    3.354854E+01    3.349975E+01    3.345488E+01
   3.837059E+01    3.831770E+01    3.821179E+01    3.799016E+01    3.749964E+01    3.711488E+01    3.651737E+01    3.559516E+01    3.497953E+01    3.456341E+01    3.429738E+01    3.404730E+01    3.384698E+01    3.371393E+01    3.363328E+01    3.361094E+01    3.342680E+01    3.334258E+01    3.331016E+01    3.330243E+01
   3.842074E+01    3.838980E+01    3.833453E+01    3.826982E+01    1.000000E+30    1.000000E+30    1.000000E+30    3.496870E+01    3.448656E+01    3.425623E+01    3.403666E+01    3.378454E+01    3.359997E+01    3.346609E+01    3.338457E+01    3.340193E+01    3.312693E+01    3.312545E+01    3.315563E+01    3.318208E+01
   3.843479E+01    3.842155E+01    3.839230E+01    3.836449E+01    1.000000E+30    1.000000E+30    1.000000E+30    1.000000E+30    3.407289E+01    3.392904E+01    3.373440E+01    3.350346E+01    3.333355E+01    3.313966E+01    3.307783E+01    3.307983E+01    3.272512E+01    3.296607E+01    3.305471E+01    3.309090E+01
   3.841733E+01    3.840609E+01    3.839497E+01    3.838812E+01    1.000000E+30    1.000000E+30    1.000000E+30    1.000000E+30    3.374540E+01    3.365873E+01    3.350150E+01    3.329763E+01    3.300661E+01    3.264096E+01    3.277598E+01    3.288382E+01    3.287712E+01    3.296499E+01    3.300900E+01    3.303462E+01
   3.837554E+01    3.837355E+01    3.836849E+01    3.836839E+01    1.000000E+30    1.000000E+30    1.000000E+30    1.000000E+30    3.355114E+01    3.349288E+01    3.334288E+01    3.310617E+01    3.266624E+01    3.165068E+01    3.248379E+01    3.278830E+01    3.290776E+01    3.296910E+01    3.300058E+01    3.301692E+01
   3.832660E+01    3.832122E+01    3.831981E+01    3.832701E+01    1.000000E+30    1.000000E+30    1.000000E+30    1.000000E+30    3.343542E+01    3.339684E+01    3.327719E+01    3.307752E+01    3.283018E+01    3.252500E+01    3.267774E+01    3.283751E+01    3.293475E+01    3.298293E+01    3.300563E+01    3.301705E+01
   3.823485E+01    3.825289E+01    3.825949E+01    3.826255E+01    1.000000E+30    1.000000E+30    1.000000E+30    1.000000E+30    3.338212E+01    3.334806E+01    3.326873E+01    3.312104E+01    3.295817E+01    3.284721E+01    3.286081E+01    3.292360E+01    3.297359E+01    3.300461E+01    3.302347E+01    3.303160E+01
   3.807498E+01    3.812603E+01    3.814719E+01    3.815042E+01    1.000000E+30    1.000000E+30    1.000000E+30    1.000000E+30    3.334736E+01    3.331685E+01    3.325434E+01    3.315858E+01    3.304717E+01    3.297761E+01    3.296662E+01    3.298392E+01    3.301107E+01    3.303435E+01    3.304854E+01    3.305399E+01
   3.786572E+01    3.790454E+01    3.790656E+01    3.789249E+01    1.000000E+30    1.000000E+30    1.000000E+30    1.000000E+30    3.331809E+01    3.328573E+01    3.323197E+01    3.316174E+01    3.307925E+01    3.302371E+01    3.300968E+01    3.301760E+01    3.303564E+01    3.305182E+01    3.306214E+01    3.306756E+01
   3.750219E+01    3.751127E+01    3.747363E+01    3.745331E+01    1.000000E+30    1.000000E+30    1.000000E+30    1.000000E+30    3.327108E+01    3.323698E+01    3.318313E+01    3.312286E+01    3.306564E+01    3.302453E+01    3.301139E+01    3.301734E+01    3.303503E+01    3.305165E+01    3.306409E+01    3.307345E+01
   3.697073E+01    3.694114E+01    3.693692E+01    3.693134E+01    1.000000E+30    1.000000E+30    1.000000E+30    1.000000E+30    3.319135E+01    3.315719E+01    3.311175E+01    3.306868E+01    3.302563E+01    3.298441E+01    3.296981E+01    3.298777E+01    3.301838E+01    3.304362E+01    3.306096E+01    3.307610E+01
   3.633880E+01    3.625287E+01    3.623454E+01    3.621134E+01    1.000000E+30    1.000000E+30    1.000000E+30    1.000000E+30    3.310157E+01    3.308876E+01    3.305886E+01    3.301870E+01    3.296786E+01    3.290650E+01    3.287399E+01    3.292748E+01    3.298679E+01    3.303116E+01    3.305867E+01    3.307471E+01
   3.558516E+01    3.548039E+01    3.536752E+01    3.537429E+01    1.000000E+30    1.000000E+30    1.000000E+30    1.000000E+30    3.302794E+01    3.302212E+01    3.299338E+01    3.295362E+01    3.288783E+01    3.279893E+01    3.270334E+01    3.282983E+01    3.294965E+01    3.301836E+01    3.305870E+01    3.307887E+01
   3.493592E+01    3.482172E+01    3.472625E+01    3.472804E+01    1.000000E+30    1.000000E+30    1.000000E+30    1.000000E+30    3.294760E+01    3.294933E+01    3.293867E+01    3.290106E+01    3.283181E+01    3.269708E+01    3.237653E+01    3.273871E+01    3.292899E+01    3.301951E+01    3.306440E+01    3.308471E+01
   3.445888E+01    3.432963E+01    3.427349E+01    3.413505E+01    1.000000E+30    1.000000E+30    3.272547E+01    3.278705E+01    3.286161E+01    3.288581E+01    3.289210E+01    3.287701E+01    3.284365E+01    3.278594E+01    3.271613E+01    3.285015E+01    3.297046E+01    3.304336E+01    3.308417E+01    3.310444E+01
   3.403475E+01    3.392607E+01    3.373997E+01    3.334728E+01    3.278053E+01    1.000000E+30    3.261514E+01    3.270653E+01    3.278921E+01    3.283679E+01    3.285810E+01    3.286549E+01    3.286468E+01    3.286153E+01    3.286785E+01    3.294026E+01    3.302666E+01    3.308794E+01    3.311865E+01    3.313744E+01
   3.368021E+01    3.357182E+01    3.329047E+01    3.282271E+01    3.194894E+01    3.193886E+01    3.235733E+01    3.258092E+01    3.269824E+01    3.276816E+01    3.281744E+01    3.285107E+01    3.287574E+01    3.290152E+01    3.294265E+01    3.301218E+01    3.308621E+01    3.313621E+01    3.316219E+01    3.317541E+01
   3.350772E+01    3.336618E+01    3.300807E+01    3.220995E+01    2.983687E+01    3.145338E+01    3.217300E+01    3.247752E+01    3.261164E+01    3.268598E+01    3.274842E+01    3.281741E+01    3.287477E+01    3.292541E+01    3.298698E+01    3.306658E+01    3.314005E+01    3.318810E+01    3.320728E+01    3.321426E+01
   3.345025E+01    3.328437E+01    3.298937E+01    3.245715E+01    3.162556E+01    3.189138E+01    3.223753E+01    3.243993E+01    3.254170E+01    3.260993E+01    3.265902E+01    3.276155E+01    3.285665E+01    3.294052E+01    3.302491E+01    3.311505E+01    3.317651E+01    3.321684E+01    3.323330E+01    3.323994E+01
   3.344529E+01    3.331462E+01    3.307743E+01    3.274017E+01    3.235258E+01    3.223092E+01    3.226838E+01    3.238226E+01    3.248127E+01    3.252094E+01    3.243947E+01    3.270094E+01    3.284702E+01    3.295281E+01    3.304556E+01    3.313167E+01    3.318782E+01    3.322327E+01    3.324515E+01    3.325283E+01
   3.349231E+01    3.339462E+01    3.317227E+01    3.285932E+01    3.258136E+01    3.231354E+01    3.213139E+01    3.223010E+01    3.239007E+01    3.250866E+01    3.258671E+01    3.272233E+01    3.283789E+01    3.295123E+01    3.303874E+01    3.311572E+01    3.317540E+01    3.321456E+01    3.324097E+01    3.325619E+01
   3.354993E+01    3.347761E+01    3.328988E+01    3.296539E+01    3.258048E+01    3.212176E+01    3.166145E+01    3.198602E+01    3.226716E+01    3.246757E+01    3.261100E+01    3.272650E+01    3.281467E+01    3.292776E+01    3.302583E+01    3.309024E+01    3.315254E+01    3.320071E+01    3.323275E+01    3.325223E+01
   3.360306E+01    3.354353E+01    3.338623E+01    3.309941E+01    3.261516E+01    3.182461E+01    3.017354E+01    3.167803E+01    3.220414E+01    3.245316E+01    3.261189E+01    3.271560E+01    3.277840E+01    3.286469E+01    3.296534E+01    3.305064E+01    3.312170E+01    3.318257E+01    3.322386E+01    3.324791E+01
   3.366801E+01    3.363017E+01    3.348450E+01    3.327103E+01    3.287292E+01    3.225791E+01    3.171065E+01    3.206585E+01    3.233773E+01    3.247575E+01    3.258832E+01    3.267624E+01    3.270943E+01    3.277020E+01    3.286748E+01    3.297229E+01    3.307819E+01    3.316216E+01    3.321632E+01    3.325052E+01
   3.370070E+01    3.366160E+01    3.356703E+01    3.340551E+01    3.316118E+01    3.276752E+01    3.241305E+01    3.244380E+01    3.248190E+01    3.252241E+01    3.253268E+01    3.253772E+01    3.255012E+01    3.261596E+01    3.274295E+01    3.287387E+01    3.300478E+01    3.312603E+01    3.320711E+01    3.325448E+01
   1.000000E+30    3.368052E+01    3.360297E+01    3.348196E+01    3.332398E+01    3.308782E+01    3.280644E+01    3.266295E+01    3.259296E+01    3.253114E+01    3.243462E+01    3.231720E+01    3.226847E+01    3.238338E+01    3.257002E+01    3.275912E+01    3.294013E+01    3.308536E+01    3.319000E+01    3.326041E+01
   1.000000E+30    1.000000E+30    3.361862E+01    3.351104E+01    3.337895E+01    3.322467E+01    3.302253E+01    3.282824E+01    3.267061E+01    3.250716E+01    3.230471E+01    3.203793E+01    3.176668E+01    3.205327E+01    3.235680E+01    3.265480E+01    3.287938E+01    3.305095E+01    3.318500E+01    3.327768E+01
   1.000000E+30    1.000000E+30    1.000000E+30    3.349064E+01    3.335600E+01    3.323565E+01    3.309844E+01    3.292020E+01    3.272477E+01    3.251693E+01    3.222509E+01    3.176150E+01    3.059329E+01    3.175167E+01    3.222281E+01    3.257903E+01    3.284288E+01    3.302445E+01    3.315572E+01    3.327626E+01
   1.000000E+30    1.000000E+30    1.000000E+30    1.000000E+30    3.328867E+01    3.321322E+01    3.310869E+01    3.294868E+01    3.275932E+01    3.258484E+01    3.234176E+01    3.205017E+01    3.175383E+01    3.201018E+01    3.232424E+01    3.261536E+01    3.284809E+01    3.300891E+01    3.310002E+01    1.000000E+30
   1.000000E+30    1.000000E+30    1.000000E+30    1.000000E+30    3.325750E+01    3.317390E+01    3.308786E+01    3.296399E+01    3.280734E+01    3.266239E+01    3.250550E+01    3.233983E+01    3.219777E+01    3.229830E+01    3.251147E+01    3.272197E+01    3.289007E+01    3.301852E+01    3.308550E+01    1.000000E+30
   1.000000E+30    1.000000E+30    1.000000E+30    1.000000E+30    1.000000E+30    3.309600E+01    3.304708E+01    3.296462E+01    3.285426E+01    3.274210E+01    3.263538E+01    3.254889E+01    3.249504E+01    3.254751E+01    3.266412E+01    3.279378E+01    3.291256E+01    3.301543E+01    1.000000E+30    1.000000E+30
   1.000000E+30    1.000000E+30    1.000000E+30    1.000000E+30    1.000000E+30    3.304758E+01    3.302775E+01    3.297295E+01    3.288617E+01    3.279026E+01    3.271072E+01    3.264975E+01    3.262944E+01    3.265754E+01    3.272110E+01    3.280120E+01    3.288666E+01    1.000000E+30    1.000000E+30    1.000000E+30
   1.000000E+30    1.000000E+30    1.000000E+30    1.000000E+30    1.000000E+30    3.298753E+01    3.302547E+01    3.300376E+01    3.292510E+01    3.284572E+01    3.274279E+01    3.268341E+01    3.265187E+01    3.267061E+01    3.271235E+01    3.276960E+01    1.000000E+30    1.000000E+30    1.000000E+30    1.000000E+30
