   3.853047E+01    3.849511E+01    3.842132E+01    3.832997E+01    3.818802E+01    3.799723E+01    3.779264E+01    3.750647E+01    3.714628E+01    3.679983E+01    3.646059E+01    3.598831E+01    3.547324E+01    3.506209E+01    3.455546E+01    3.414217E+01    3.416295E+01    3.417196E+01    3.417774E+01    3.417646E+01
   3.853881E+01    3.850054E+01    3.843084E+01    3.832706E+01    3.815047E+01    3.793902E+01    3.773420E+01    3.746242E+01    3.710027E+01    3.673102E+01    3.637795E+01    3.593675E+01    3.546247E+01    3.500176E+01    3.451326E+01    3.413234E+01    3.414892E+01    3.415641E+01    3.415728E+01    3.416021E+01
   3.855841E+01    3.852180E+01    3.843662E+01    3.829617E+01    3.809614E+01    3.788866E+01    3.766142E+01    3.737044E+01    3.700281E+01    3.661290E+01    3.622254E+01    3.579445E+01    3.537843E+01    3.493697E+01    3.445712E+01    3.409834E+01    3.411548E+01    3.411832E+01    3.411752E+01    3.412315E+01
   3.858239E+01    3.854382E+01    3.844191E+01    3.826728E+01    3.806663E+01    3.784880E+01    3.756886E+01    3.721843E+01    3.683273E+01    3.644233E+01    3.603120E+01    3.560965E+01    3.520264E+01    3.477796E+01    3.437580E+01    3.410625E+01    3.407571E+01    3.405718E+01    3.405087E+01    3.405891E+01
   3.860853E+01    3.856561E+01    3.847561E+01    3.829131E+01    3.804914E+01    3.776428E+01    3.739998E+01    3.702470E+01    3.665326E+01    3.620460E+01    3.573870E+01    3.534035E+01    3.495713E+01    3.460282E+01    3.429434E+01    3.407265E+01    3.401399E+01    3.398027E+01    3.396224E+01    3.396512E+01
   3.867201E+01    3.860987E+01    3.849867E+01    3.830159E+01    3.801176E+01    3.767646E+01    3.728621E+01    3.680831E+01    3.631518E+01    3.583028E+01    3.541698E+01    3.505756E+01    3.469994E+01    3.441037E+01    3.417152E+01    3.400192E+01    3.393468E+01    3.389800E+01    3.387916E+01    3.386481E+01
   3.878798E+01    3.870426E+01    3.857974E+01    3.834083E+01    3.797744E+01    3.760122E+01    3.709208E+01    3.642442E+01    3.587400E+01    3.540867E+01    3.505710E+01    3.472207E+01    3.443042E+01    3.422057E+01    3.404109E+01    3.392569E+01    3.384118E+01    3.379949E+01    3.377576E+01    3.374989E+01
   3.892529E+01    3.886006E+01    3.873876E+01    3.849461E+01    3.793338E+01    3.752361E+01    3.691544E+01    3.599860E+01    3.539404E+01    3.498237E+01    3.471128E+01    3.444664E+01    3.422110E+01    3.405198E+01    3.391471E+01    3.381648E+01    3.367842E+01    3.363779E+01    3.363448E+01    3.363874E+01
   3.904568E+01    3.901165E+01    3.895234E+01    3.888398E+01    1.000000E+30    1.000000E+30    1.000000E+30    3.539070E+01    3.492507E+01    3.469727E+01    3.447535E+01    3.421589E+01    3.401214E+01    3.384781E+01    3.371476E+01    3.364301E+01    3.341771E+01    3.346404E+01    3.351684E+01    3.355090E+01
   3.913109E+01    3.912214E+01    3.909282E+01    3.905671E+01    1.000000E+30    1.000000E+30    1.000000E+30    1.000000E+30    3.453736E+01    3.439547E+01    3.419966E+01    3.396874E+01    3.378882E+01    3.357909E+01    3.348172E+01    3.342270E+01    3.303674E+01    3.333882E+01    3.345172E+01    3.349465E+01
   3.917881E+01    3.917193E+01    3.915858E+01    3.914764E+01    1.000000E+30    1.000000E+30    1.000000E+30    1.000000E+30    3.423653E+01    3.415107E+01    3.399584E+01    3.379487E+01    3.351467E+01    3.316470E+01    3.326760E+01    3.336164E+01    3.330314E+01    3.339604E+01    3.344586E+01    3.347413E+01
   3.919404E+01    3.919150E+01    3.918366E+01    3.918002E+01    1.000000E+30    1.000000E+30    1.000000E+30    1.000000E+30    3.406614E+01    3.400743E+01    3.386127E+01    3.363625E+01    3.323184E+01    3.232465E+01    3.305121E+01    3.334131E+01    3.339173E+01    3.343635E+01    3.346472E+01    3.348376E+01
   3.919223E+01    3.918946E+01    3.918678E+01    3.918644E+01    1.000000E+30    1.000000E+30    1.000000E+30    1.000000E+30    3.397140E+01    3.393322E+01    3.381529E+01    3.362402E+01    3.339528E+01    3.311731E+01    3.325033E+01    3.340400E+01    3.344942E+01    3.347421E+01    3.349099E+01    3.350260E+01
   3.916848E+01    3.917315E+01    3.917355E+01    3.917456E+01    1.000000E+30    1.000000E+30    1.000000E+30    1.000000E+30    3.393251E+01    3.390163E+01    3.382596E+01    3.368341E+01    3.353069E+01    3.342918E+01    3.343974E+01    3.349970E+01    3.351588E+01    3.352360E+01    3.353263E+01    3.353740E+01
   3.911176E+01    3.913145E+01    3.913655E+01    3.913755E+01    1.000000E+30    1.000000E+30    1.000000E+30    1.000000E+30    3.391328E+01    3.388633E+01    3.383057E+01    3.374036E+01    3.363442E+01    3.357158E+01    3.355974E+01    3.357320E+01    3.357866E+01    3.358294E+01    3.358636E+01    3.358616E+01
   3.902251E+01    3.904180E+01    3.903819E+01    3.903038E+01    1.000000E+30    1.000000E+30    1.000000E+30    1.000000E+30    3.390595E+01    3.387807E+01    3.383179E+01    3.376856E+01    3.369224E+01    3.364042E+01    3.362481E+01    3.363165E+01    3.362864E+01    3.362837E+01    3.362507E+01    3.362309E+01
   3.885256E+01    3.885600E+01    3.883233E+01    3.882019E+01    1.000000E+30    1.000000E+30    1.000000E+30    1.000000E+30    3.389767E+01    3.387044E+01    3.382559E+01    3.377337E+01    3.371839E+01    3.367554E+01    3.365878E+01    3.366140E+01    3.365343E+01    3.365325E+01    3.364935E+01    3.364739E+01
   3.858343E+01    3.856607E+01    3.856148E+01    3.855789E+01    1.000000E+30    1.000000E+30    1.000000E+30    1.000000E+30    3.388543E+01    3.385138E+01    3.380560E+01    3.376555E+01    3.372293E+01    3.368233E+01    3.366250E+01    3.366556E+01    3.366036E+01    3.366121E+01    3.366345E+01    3.366556E+01
   3.825580E+01    3.821143E+01    3.820259E+01    3.819173E+01    1.000000E+30    1.000000E+30    1.000000E+30    1.000000E+30    3.387377E+01    3.384276E+01    3.379693E+01    3.375060E+01    3.370551E+01    3.365872E+01    3.363215E+01    3.365107E+01    3.365670E+01    3.366473E+01    3.367145E+01    3.367640E+01
   3.786434E+01    3.781287E+01    3.775932E+01    3.776599E+01    1.000000E+30    1.000000E+30    1.000000E+30    1.000000E+30    3.388007E+01    3.383968E+01    3.377984E+01    3.372700E+01    3.367160E+01    3.361481E+01    3.356389E+01    3.361616E+01    3.364546E+01    3.366482E+01    3.367716E+01    3.368389E+01
   3.752783E+01    3.747321E+01    3.743224E+01    3.743954E+01    1.000000E+30    1.000000E+30    1.000000E+30    1.000000E+30    3.390234E+01    3.384882E+01    3.377425E+01    3.370679E+01    3.364618E+01    3.357128E+01    3.343103E+01    3.356747E+01    3.363540E+01    3.366676E+01    3.368238E+01    3.368936E+01
   3.727462E+01    3.721498E+01    3.719933E+01    3.714524E+01    1.000000E+30    1.000000E+30    3.421709E+01    3.408784E+01    3.394898E+01    3.385710E+01    3.376807E+01    3.369559E+01    3.364675E+01    3.360355E+01    3.356134E+01    3.360667E+01    3.364999E+01    3.367637E+01    3.369127E+01    3.369873E+01
   3.703183E+01    3.699062E+01    3.692453E+01    3.676350E+01    3.650663E+01    1.000000E+30    3.431539E+01    3.414272E+01    3.397181E+01    3.384369E+01    3.373903E+01    3.367534E+01    3.364573E+01    3.362880E+01    3.361926E+01    3.364076E+01    3.367094E+01    3.369370E+01    3.370531E+01    3.371263E+01
   3.679866E+01    3.677238E+01    3.667633E+01    3.651241E+01    3.609309E+01    3.528805E+01    3.458773E+01    3.420495E+01    3.397805E+01    3.379775E+01    3.368000E+01    3.364120E+01    3.363354E+01    3.363417E+01    3.364338E+01    3.366597E+01    3.369275E+01    3.371235E+01    3.372274E+01    3.372815E+01
   3.663025E+01    3.658861E+01    3.647870E+01    3.628342E+01    3.586549E+01    3.523516E+01    3.461009E+01    3.418889E+01    3.391521E+01    3.369477E+01    3.357533E+01    3.357447E+01    3.360294E+01    3.362672E+01    3.365159E+01    3.368296E+01    3.371095E+01    3.373164E+01    3.374041E+01    3.374374E+01
   3.644139E+01    3.638813E+01    3.627063E+01    3.606362E+01    3.566730E+01    3.510544E+01    3.453160E+01    3.412644E+01    3.383434E+01    3.357182E+01    3.337558E+01    3.345813E+01    3.354808E+01    3.360854E+01    3.365347E+01    3.369074E+01    3.372132E+01    3.374085E+01    3.374982E+01    3.375335E+01
   3.622319E+01    3.617806E+01    3.606909E+01    3.582630E+01    3.544990E+01    3.496552E+01    3.447692E+01    3.409775E+01    3.376957E+01    3.341515E+01    3.267679E+01    3.329751E+01    3.350600E+01    3.360077E+01    3.365312E+01    3.369001E+01    3.372188E+01    3.374128E+01    3.375317E+01    3.375749E+01
   3.604747E+01    3.599074E+01    3.585378E+01    3.557267E+01    3.526472E+01    3.486331E+01    3.440684E+01    3.409208E+01    3.382275E+01    3.355041E+01    3.332000E+01    3.344101E+01    3.354305E+01    3.361056E+01    3.365394E+01    3.368246E+01    3.371518E+01    3.373631E+01    3.375001E+01    3.375767E+01
   3.591102E+01    3.586073E+01    3.570572E+01    3.544111E+01    3.511153E+01    3.468636E+01    3.422754E+01    3.401646E+01    3.386293E+01    3.370082E+01    3.356828E+01    3.356352E+01    3.359445E+01    3.363353E+01    3.366204E+01    3.367698E+01    3.370837E+01    3.373161E+01    3.374672E+01    3.375554E+01
   3.582669E+01    3.576432E+01    3.560406E+01    3.536656E+01    3.500932E+01    3.451005E+01    3.376841E+01    3.392945E+01    3.388272E+01    3.377863E+01    3.367670E+01    3.363706E+01    3.363384E+01    3.364885E+01    3.366125E+01    3.367264E+01    3.370208E+01    3.372728E+01    3.374441E+01    3.375438E+01
   3.575666E+01    3.568149E+01    3.552357E+01    3.532123E+01    3.499128E+01    3.454369E+01    3.413372E+01    3.401288E+01    3.392360E+01    3.383512E+01    3.374014E+01    3.367854E+01    3.364664E+01    3.364113E+01    3.364837E+01    3.366073E+01    3.369450E+01    3.372361E+01    3.374356E+01    3.375677E+01
   3.569116E+01    3.559157E+01    3.545401E+01    3.525369E+01    3.498761E+01    3.463010E+01    3.425892E+01    3.406213E+01    3.394855E+01    3.384062E+01    3.373814E+01    3.366724E+01    3.361825E+01    3.360889E+01    3.362170E+01    3.363940E+01    3.367642E+01    3.371433E+01    3.374182E+01    3.375918E+01
   1.000000E+30    3.550508E+01    3.534732E+01    3.514687E+01    3.491946E+01    3.461643E+01    3.428122E+01    3.407075E+01    3.393769E+01    3.380988E+01    3.369333E+01    3.359810E+01    3.354569E+01    3.354725E+01    3.357635E+01    3.361185E+01    3.365818E+01    3.370045E+01    3.373478E+01    3.376046E+01
   1.000000E+30    1.000000E+30    3.521554E+01    3.500628E+01    3.476473E+01    3.450329E+01    3.424646E+01    3.404512E+01    3.387484E+01    3.373659E+01    3.361416E+01    3.350018E+01    3.340683E+01    3.345296E+01    3.351364E+01    3.358218E+01    3.363496E+01    3.368320E+01    3.372681E+01    3.376289E+01
   1.000000E+30    1.000000E+30    1.000000E+30    3.480033E+01    3.452309E+01    3.431292E+01    3.413336E+01    3.396075E+01    3.378954E+01    3.366298E+01    3.353511E+01    3.338826E+01    3.311172E+01    3.335675E+01    3.345933E+01    3.355219E+01    3.361018E+01    3.366010E+01    3.370413E+01    3.375618E+01
   1.000000E+30    1.000000E+30    1.000000E+30    1.000000E+30    3.426499E+01    3.414119E+01    3.400916E+01    3.385317E+01    3.370307E+01    3.359786E+01    3.349104E+01    3.339525E+01    3.332046E+01    3.337809E+01    3.345097E+01    3.353178E+01    3.358594E+01    3.363393E+01    3.366607E+01    1.000000E+30
   1.000000E+30    1.000000E+30    1.000000E+30    1.000000E+30    3.413374E+01    3.396744E+01    3.384825E+01    3.372248E+01    3.361260E+01    3.352486E+01    3.344723E+01    3.339249E+01    3.336138E+01    3.338741E+01    3.344572E+01    3.351993E+01    3.356976E+01    3.361619E+01    3.364807E+01    1.000000E+30
   1.000000E+30    1.000000E+30    1.000000E+30    1.000000E+30    1.000000E+30    3.372460E+01    3.367352E+01    3.359408E+01    3.352505E+01    3.345268E+01    3.339499E+01    3.336019E+01    3.333864E+01    3.334874E+01    3.339978E+01    3.348073E+01    3.353849E+01    3.359310E+01    1.000000E+30    1.000000E+30
   1.000000E+30    1.000000E+30    1.000000E+30    1.000000E+30    1.000000E+30    3.355386E+01    3.354560E+01    3.350521E+01    3.344876E+01    3.339032E+01    3.334270E+01    3.330947E+01    3.326705E+01    3.326968E+01    3.332134E+01    3.341450E+01    3.348018E+01    1.000000E+30    1.000000E+30    1.000000E+30
   1.000000E+30    1.000000E+30    1.000000E+30    1.000000E+30    1.000000E+30    3.335354E+01    3.341619E+01    3.341453E+01    3.337833E+01    3.335098E+01    3.328453E+01    3.323083E+01    3.315280E+01    3.314342E+01    3.321916E+01    3.335785E+01    1.000000E+30    1.000000E+30    1.000000E+30    1.000000E+30
