   3.828443E+01    3.824563E+01    3.818733E+01    3.812121E+01    3.801714E+01    3.787630E+01    3.771683E+01    3.744992E+01    3.705851E+01    3.668436E+01    3.633828E+01    3.587512E+01    3.541137E+01    3.504491E+01    3.460039E+01    3.420645E+01    3.434739E+01    3.440605E+01    3.444400E+01    3.445253E+01
   3.828918E+01    3.825321E+01    3.819495E+01    3.811207E+01    3.797512E+01    3.781413E+01    3.764798E+01    3.739400E+01    3.701009E+01    3.661924E+01    3.625894E+01    3.581798E+01    3.539181E+01    3.498892E+01    3.456256E+01    3.420126E+01    3.433845E+01    3.439332E+01    3.442154E+01    3.443652E+01
   3.830644E+01    3.826900E+01    3.819608E+01    3.807508E+01    3.791861E+01    3.776095E+01    3.756878E+01    3.729113E+01    3.690882E+01    3.650822E+01    3.611761E+01    3.570013E+01    3.532367E+01    3.493554E+01    3.452348E+01    3.416567E+01    3.428709E+01    3.434035E+01    3.437424E+01    3.439092E+01
   3.832282E+01    3.828621E+01    3.819766E+01    3.804956E+01    3.788871E+01    3.771448E+01    3.747215E+01    3.713865E+01    3.674465E+01    3.634848E+01    3.594295E+01    3.553421E+01    3.516581E+01    3.479159E+01    3.444713E+01    3.419356E+01    3.424035E+01    3.426522E+01    3.428953E+01    3.431237E+01
   3.834750E+01    3.830790E+01    3.822736E+01    3.806730E+01    3.786519E+01    3.763219E+01    3.730257E+01    3.694852E+01    3.657614E+01    3.613039E+01    3.568143E+01    3.529604E+01    3.495127E+01    3.464092E+01    3.437574E+01    3.417228E+01    3.417914E+01    3.418225E+01    3.419141E+01    3.421180E+01
   3.841640E+01    3.836187E+01    3.826378E+01    3.808137E+01    3.782876E+01    3.753665E+01    3.719059E+01    3.674301E+01    3.625848E+01    3.578155E+01    3.539360E+01    3.505840E+01    3.473777E+01    3.448109E+01    3.426866E+01    3.410815E+01    3.409822E+01    3.409586E+01    3.409900E+01    3.409914E+01
   3.853025E+01    3.845590E+01    3.834246E+01    3.812512E+01    3.779756E+01    3.746276E+01    3.700102E+01    3.638257E+01    3.585130E+01    3.540956E+01    3.508483E+01    3.478044E+01    3.452394E+01    3.433464E+01    3.416526E+01    3.404845E+01    3.401025E+01    3.400179E+01    3.399686E+01    3.398122E+01
   3.863321E+01    3.857739E+01    3.848281E+01    3.826523E+01    3.775994E+01    3.739064E+01    3.683444E+01    3.599038E+01    3.542345E+01    3.504506E+01    3.480194E+01    3.457179E+01    3.437739E+01    3.422283E+01    3.408080E+01    3.395856E+01    3.387048E+01    3.385671E+01    3.386357E+01    3.387110E+01
   3.870040E+01    3.867204E+01    3.863628E+01    3.858443E+01    1.000000E+30    1.000000E+30    1.000000E+30    3.543353E+01    3.501049E+01    3.480713E+01    3.462143E+01    3.441464E+01    3.424929E+01    3.410519E+01    3.395649E+01    3.382596E+01    3.365102E+01    3.370538E+01    3.375522E+01    3.378564E+01
   3.874466E+01    3.873466E+01    3.872519E+01    3.871285E+01    1.000000E+30    1.000000E+30    1.000000E+30    1.000000E+30    3.467019E+01    3.455678E+01    3.441388E+01    3.425449E+01    3.413220E+01    3.397962E+01    3.383707E+01    3.368206E+01    3.331731E+01    3.359649E+01    3.369569E+01    3.373097E+01
   3.876305E+01    3.876209E+01    3.876494E+01    3.877663E+01    1.000000E+30    1.000000E+30    1.000000E+30    1.000000E+30    3.441027E+01    3.435384E+01    3.425974E+01    3.415120E+01    3.401726E+01    3.385543E+01    3.377315E+01    3.370215E+01    3.359398E+01    3.365328E+01    3.368789E+01    3.370718E+01
   3.875434E+01    3.875849E+01    3.876874E+01    3.878062E+01    1.000000E+30    1.000000E+30    1.000000E+30    1.000000E+30    3.425107E+01    3.422258E+01    3.415079E+01    3.405358E+01    3.391454E+01    3.369761E+01    3.373732E+01    3.372401E+01    3.368048E+01    3.368673E+01    3.369814E+01    3.370747E+01
   3.873242E+01    3.873526E+01    3.874484E+01    3.875988E+01    1.000000E+30    1.000000E+30    1.000000E+30    1.000000E+30    3.414677E+01    3.412797E+01    3.407628E+01    3.399648E+01    3.390068E+01    3.379246E+01    3.375939E+01    3.374307E+01    3.371459E+01    3.370690E+01    3.371008E+01    3.371392E+01
   3.867477E+01    3.869641E+01    3.871162E+01    3.872468E+01    1.000000E+30    1.000000E+30    1.000000E+30    1.000000E+30    3.409224E+01    3.406888E+01    3.402543E+01    3.395697E+01    3.387928E+01    3.381511E+01    3.377807E+01    3.375657E+01    3.373488E+01    3.372437E+01    3.372375E+01    3.372581E+01
   3.855702E+01    3.860391E+01    3.863853E+01    3.865435E+01    1.000000E+30    1.000000E+30    1.000000E+30    1.000000E+30    3.404683E+01    3.402410E+01    3.397919E+01    3.392190E+01    3.385842E+01    3.380452E+01    3.377579E+01    3.375813E+01    3.374199E+01    3.373564E+01    3.373575E+01    3.373868E+01
   3.839632E+01    3.843385E+01    3.846319E+01    3.846613E+01    1.000000E+30    1.000000E+30    1.000000E+30    1.000000E+30    3.399900E+01    3.397292E+01    3.392865E+01    3.387564E+01    3.381619E+01    3.377435E+01    3.375716E+01    3.374594E+01    3.373430E+01    3.373402E+01    3.373839E+01    3.374413E+01
   3.810936E+01    3.814094E+01    3.814190E+01    3.812912E+01    1.000000E+30    1.000000E+30    1.000000E+30    1.000000E+30    3.393407E+01    3.390070E+01    3.385005E+01    3.379654E+01    3.375257E+01    3.372619E+01    3.371584E+01    3.371703E+01    3.371771E+01    3.372154E+01    3.373140E+01    3.374138E+01
   3.770659E+01    3.770122E+01    3.771628E+01    3.771684E+01    1.000000E+30    1.000000E+30    1.000000E+30    1.000000E+30    3.384480E+01    3.380784E+01    3.376276E+01    3.372010E+01    3.368483E+01    3.365664E+01    3.365279E+01    3.368116E+01    3.369474E+01    3.370795E+01    3.371866E+01    3.373205E+01
   3.722100E+01    3.716123E+01    3.715341E+01    3.713789E+01    1.000000E+30    1.000000E+30    1.000000E+30    1.000000E+30    3.376362E+01    3.374226E+01    3.370550E+01    3.366523E+01    3.361605E+01    3.356865E+01    3.355576E+01    3.362698E+01    3.366055E+01    3.368636E+01    3.370193E+01    3.371124E+01
   3.662621E+01    3.654216E+01    3.644857E+01    3.645802E+01    1.000000E+30    1.000000E+30    1.000000E+30    1.000000E+30    3.371006E+01    3.369202E+01    3.365243E+01    3.360904E+01    3.354513E+01    3.347062E+01    3.340253E+01    3.355254E+01    3.362054E+01    3.366026E+01    3.368349E+01    3.369399E+01
   3.609048E+01    3.600415E+01    3.592836E+01    3.593607E+01    1.000000E+30    1.000000E+30    1.000000E+30    1.000000E+30    3.366823E+01    3.365123E+01    3.361854E+01    3.357098E+01    3.350312E+01    3.338532E+01    3.311713E+01    3.347095E+01    3.358989E+01    3.364444E+01    3.366967E+01    3.368207E+01
   3.570181E+01    3.560322E+01    3.556822E+01    3.547198E+01    1.000000E+30    1.000000E+30    3.362152E+01    3.362470E+01    3.363263E+01    3.361965E+01    3.359519E+01    3.356024E+01    3.351986E+01    3.346315E+01    3.340229E+01    3.353268E+01    3.360462E+01    3.364654E+01    3.366882E+01    3.367990E+01
   3.535806E+01    3.528445E+01    3.515466E+01    3.488081E+01    3.447344E+01    1.000000E+30    3.359402E+01    3.359713E+01    3.360026E+01    3.359318E+01    3.357519E+01    3.355478E+01    3.353932E+01    3.352575E+01    3.352483E+01    3.359427E+01    3.363210E+01    3.366136E+01    3.367730E+01    3.368566E+01
   3.506759E+01    3.500391E+01    3.481348E+01    3.449604E+01    3.385512E+01    3.355844E+01    3.354477E+01    3.355153E+01    3.355546E+01    3.354503E+01    3.353907E+01    3.354251E+01    3.354851E+01    3.355876E+01    3.358150E+01    3.363416E+01    3.365974E+01    3.367800E+01    3.369006E+01    3.369568E+01
   3.491005E+01    3.482289E+01    3.458802E+01    3.407459E+01    3.258484E+01    3.326691E+01    3.345013E+01    3.348957E+01    3.348950E+01    3.346854E+01    3.347038E+01    3.350900E+01    3.354623E+01    3.357472E+01    3.361004E+01    3.365974E+01    3.368082E+01    3.369668E+01    3.370481E+01    3.370785E+01
   3.481944E+01    3.471794E+01    3.451678E+01    3.414479E+01    3.352652E+01    3.346382E+01    3.345926E+01    3.344737E+01    3.342429E+01    3.338967E+01    3.336165E+01    3.344593E+01    3.352254E+01    3.357897E+01    3.362645E+01    3.367443E+01    3.369497E+01    3.370815E+01    3.371412E+01    3.371801E+01
   3.478766E+01    3.469763E+01    3.451453E+01    3.423260E+01    3.386239E+01    3.360302E+01    3.345107E+01    3.339959E+01    3.337067E+01    3.329640E+01    3.303454E+01    3.336733E+01    3.350598E+01    3.357984E+01    3.363313E+01    3.367529E+01    3.369799E+01    3.371326E+01    3.372222E+01    3.372624E+01
   3.481047E+01    3.472957E+01    3.453031E+01    3.421943E+01    3.393029E+01    3.361470E+01    3.333846E+01    3.329655E+01    3.332811E+01    3.333419E+01    3.331695E+01    3.342864E+01    3.351738E+01    3.358395E+01    3.363370E+01    3.366852E+01    3.369453E+01    3.371303E+01    3.372591E+01    3.373337E+01
   3.484948E+01    3.477965E+01    3.458138E+01    3.424522E+01    3.386714E+01    3.342803E+01    3.299920E+01    3.312744E+01    3.326438E+01    3.335529E+01    3.341228E+01    3.348198E+01    3.353792E+01    3.359320E+01    3.363841E+01    3.366243E+01    3.368964E+01    3.371196E+01    3.372696E+01    3.373846E+01
   3.488062E+01    3.481004E+01    3.462262E+01    3.431871E+01    3.385571E+01    3.319625E+01    3.200339E+01    3.292853E+01    3.324452E+01    3.338059E+01    3.346297E+01    3.352026E+01    3.355858E+01    3.360034E+01    3.363552E+01    3.365784E+01    3.368449E+01    3.370927E+01    3.372666E+01    3.373879E+01
   3.491283E+01    3.485132E+01    3.467351E+01    3.442164E+01    3.402743E+01    3.347713E+01    3.301893E+01    3.320452E+01    3.336511E+01    3.344243E+01    3.351531E+01    3.355339E+01    3.357912E+01    3.360413E+01    3.362751E+01    3.364829E+01    3.367921E+01    3.370778E+01    3.372757E+01    3.374089E+01
   3.492729E+01    3.486599E+01    3.473525E+01    3.452277E+01    3.424571E+01    3.385386E+01    3.350908E+01    3.348888E+01    3.350203E+01    3.353539E+01    3.356336E+01    3.356658E+01    3.357608E+01    3.359161E+01    3.361370E+01    3.363588E+01    3.367223E+01    3.370599E+01    3.372983E+01    3.374522E+01
   1.000000E+30    3.486216E+01    3.473873E+01    3.455498E+01    3.435200E+01    3.408532E+01    3.379960E+01    3.366727E+01    3.361422E+01    3.360029E+01    3.358057E+01    3.355103E+01    3.353197E+01    3.354640E+01    3.357984E+01    3.361486E+01    3.366343E+01    3.370008E+01    3.372856E+01    3.374907E+01
   1.000000E+30    1.000000E+30    3.472482E+01    3.453760E+01    3.434973E+01    3.416161E+01    3.395701E+01    3.379477E+01    3.369043E+01    3.362663E+01    3.356897E+01    3.349781E+01    3.342898E+01    3.347609E+01    3.352984E+01    3.359085E+01    3.364408E+01    3.368959E+01    3.372251E+01    3.375190E+01
   1.000000E+30    1.000000E+30    1.000000E+30    3.444151E+01    3.424995E+01    3.411155E+01    3.398913E+01    3.384892E+01    3.371610E+01    3.362742E+01    3.354082E+01    3.341897E+01    3.318058E+01    3.339622E+01    3.348500E+01    3.356513E+01    3.362552E+01    3.367299E+01    3.370578E+01    3.374972E+01
   1.000000E+30    1.000000E+30    1.000000E+30    1.000000E+30    3.410552E+01    3.402536E+01    3.393450E+01    3.381654E+01    3.369164E+01    3.360562E+01    3.351942E+01    3.343552E+01    3.336900E+01    3.341769E+01    3.348096E+01    3.355125E+01    3.360674E+01    3.365217E+01    3.367740E+01    1.000000E+30
   1.000000E+30    1.000000E+30    1.000000E+30    1.000000E+30    3.402280E+01    3.390677E+01    3.382359E+01    3.373234E+01    3.363618E+01    3.355610E+01    3.348808E+01    3.343749E+01    3.340807E+01    3.343121E+01    3.348170E+01    3.354465E+01    3.359243E+01    3.362805E+01    3.365737E+01    1.000000E+30
   1.000000E+30    1.000000E+30    1.000000E+30    1.000000E+30    1.000000E+30    3.372292E+01    3.368787E+01    3.362688E+01    3.356468E+01    3.349565E+01    3.344301E+01    3.340950E+01    3.338633E+01    3.339933E+01    3.343895E+01    3.350650E+01    3.355754E+01    3.360003E+01    1.000000E+30    1.000000E+30
   1.000000E+30    1.000000E+30    1.000000E+30    1.000000E+30    1.000000E+30    3.357681E+01    3.357629E+01    3.354412E+01    3.349297E+01    3.343732E+01    3.339338E+01    3.336145E+01    3.331618E+01    3.331639E+01    3.335876E+01    3.343829E+01    3.349897E+01    1.000000E+30    1.000000E+30    1.000000E+30
   1.000000E+30    1.000000E+30    1.000000E+30    1.000000E+30    1.000000E+30    3.338633E+01    3.344864E+01    3.345161E+01    3.342078E+01    3.339936E+01    3.333553E+01    3.328316E+01    3.319778E+01    3.318088E+01    3.324943E+01    3.337748E+01    1.000000E+30    1.000000E+30    1.000000E+30    1.000000E+30
