   3.834008E+01    3.830368E+01    3.824568E+01    3.817862E+01    3.807316E+01    3.792894E+01    3.776572E+01    3.749971E+01    3.711444E+01    3.674293E+01    3.639417E+01    3.592515E+01    3.544463E+01    3.506474E+01    3.459790E+01    3.418825E+01    3.428410E+01    3.432153E+01    3.434438E+01    3.434484E+01
   3.834485E+01    3.831010E+01    3.825263E+01    3.817000E+01    3.803148E+01    3.786595E+01    3.769533E+01    3.744058E+01    3.706100E+01    3.667099E+01    3.630760E+01    3.586099E+01    3.541919E+01    3.499942E+01    3.455133E+01    3.417686E+01    3.426309E+01    3.429460E+01    3.430505E+01    3.431462E+01
   3.836090E+01    3.832515E+01    3.825304E+01    3.813316E+01    3.797331E+01    3.780977E+01    3.761309E+01    3.733344E+01    3.695223E+01    3.654860E+01    3.615104E+01    3.572250E+01    3.533018E+01    3.492445E+01    3.449024E+01    3.412952E+01    3.419044E+01    3.421107E+01    3.422382E+01    3.423879E+01
   3.837640E+01    3.834059E+01    3.825263E+01    3.810428E+01    3.794002E+01    3.776022E+01    3.751172E+01    3.717273E+01    3.677577E+01    3.637327E+01    3.595486E+01    3.553000E+01    3.513897E+01    3.474107E+01    3.437419E+01    3.411622E+01    3.409635E+01    3.407935E+01    3.408183E+01    3.410531E+01
   3.839832E+01    3.835885E+01    3.827892E+01    3.811828E+01    3.791279E+01    3.767135E+01    3.733434E+01    3.697127E+01    3.659115E+01    3.613187E+01    3.565948E+01    3.525178E+01    3.487389E+01    3.453210E+01    3.424691E+01    3.403841E+01    3.396404E+01    3.391795E+01    3.389869E+01    3.391694E+01
   3.846035E+01    3.840539E+01    3.830697E+01    3.812547E+01    3.786887E+01    3.756922E+01    3.721176E+01    3.674913E+01    3.624661E+01    3.574685E+01    3.532845E+01    3.495893E+01    3.459395E+01    3.430118E+01    3.406466E+01    3.390392E+01    3.379426E+01    3.374216E+01    3.372115E+01    3.370525E+01
   3.856307E+01    3.848958E+01    3.837679E+01    3.815995E+01    3.782967E+01    3.748654E+01    3.700781E+01    3.635859E+01    3.579834E+01    3.532145E+01    3.496066E+01    3.460681E+01    3.429470E+01    3.406526E+01    3.386619E+01    3.374276E+01    3.358462E+01    3.352724E+01    3.350191E+01    3.346313E+01
   3.865832E+01    3.860361E+01    3.850656E+01    3.828817E+01    3.778434E+01    3.740618E+01    3.682570E+01    3.592909E+01    3.531778E+01    3.489543E+01    3.461066E+01    3.432215E+01    3.406443E+01    3.385479E+01    3.366561E+01    3.352392E+01    3.320157E+01    3.315934E+01    3.319470E+01    3.322576E+01
   3.872180E+01    3.869325E+01    3.865310E+01    3.859823E+01    1.000000E+30    1.000000E+30    1.000000E+30    3.532401E+01    3.485106E+01    3.461304E+01    3.437752E+01    3.409257E+01    3.384432E+01    3.360814E+01    3.335104E+01    3.313948E+01    3.250784E+01    3.273338E+01    3.292519E+01    3.303443E+01
   3.875862E+01    3.874824E+01    3.873427E+01    3.871815E+01    1.000000E+30    1.000000E+30    1.000000E+30    1.000000E+30    3.446585E+01    3.431785E+01    3.410797E+01    3.385323E+01    3.362805E+01    3.331587E+01    3.300360E+01    3.255850E+01    3.129935E+01    3.240266E+01    3.279276E+01    3.293070E+01
   3.876815E+01    3.876491E+01    3.876449E+01    3.877143E+01    1.000000E+30    1.000000E+30    1.000000E+30    1.000000E+30    3.416955E+01    3.408019E+01    3.391707E+01    3.370199E+01    3.339996E+01    3.297937E+01    3.284748E+01    3.265911E+01    3.239251E+01    3.268351E+01    3.283871E+01    3.292469E+01
   3.875122E+01    3.875403E+01    3.876055E+01    3.876945E+01    1.000000E+30    1.000000E+30    1.000000E+30    1.000000E+30    3.400175E+01    3.393906E+01    3.378990E+01    3.356603E+01    3.318112E+01    3.237026E+01    3.277544E+01    3.281766E+01    3.278440E+01    3.286271E+01    3.293082E+01    3.298503E+01
   3.872241E+01    3.872339E+01    3.873037E+01    3.874353E+01    1.000000E+30    1.000000E+30    1.000000E+30    1.000000E+30    3.390471E+01    3.386427E+01    3.374357E+01    3.355101E+01    3.331863E+01    3.302092E+01    3.301362E+01    3.301874E+01    3.299067E+01    3.299724E+01    3.302596E+01    3.305394E+01
   3.865577E+01    3.867683E+01    3.869012E+01    3.870086E+01    1.000000E+30    1.000000E+30    1.000000E+30    1.000000E+30    3.386322E+01    3.382812E+01    3.374797E+01    3.359857E+01    3.343084E+01    3.329819E+01    3.323670E+01    3.320629E+01    3.317153E+01    3.314697E+01    3.315210E+01    3.315968E+01
   3.852665E+01    3.857520E+01    3.860692E+01    3.861997E+01    1.000000E+30    1.000000E+30    1.000000E+30    1.000000E+30    3.383667E+01    3.380522E+01    3.374238E+01    3.364365E+01    3.352170E+01    3.343130E+01    3.337901E+01    3.334062E+01    3.331924E+01    3.330530E+01    3.330242E+01    3.329927E+01
   3.835280E+01    3.839134E+01    3.841469E+01    3.841405E+01    1.000000E+30    1.000000E+30    1.000000E+30    1.000000E+30    3.381667E+01    3.378400E+01    3.373056E+01    3.365915E+01    3.356894E+01    3.349815E+01    3.346184E+01    3.343804E+01    3.342752E+01    3.342165E+01    3.341030E+01    3.340546E+01
   3.804510E+01    3.807162E+01    3.806350E+01    3.804910E+01    1.000000E+30    1.000000E+30    1.000000E+30    1.000000E+30    3.378647E+01    3.375451E+01    3.370460E+01    3.364764E+01    3.358615E+01    3.353326E+01    3.350344E+01    3.349065E+01    3.348562E+01    3.348831E+01    3.347982E+01    3.347581E+01
   3.760722E+01    3.759497E+01    3.760464E+01    3.760346E+01    1.000000E+30    1.000000E+30    1.000000E+30    1.000000E+30    3.373741E+01    3.370408E+01    3.366281E+01    3.362420E+01    3.358152E+01    3.353682E+01    3.350980E+01    3.350406E+01    3.350932E+01    3.351595E+01    3.352344E+01    3.353028E+01
   3.707730E+01    3.700765E+01    3.699428E+01    3.697519E+01    1.000000E+30    1.000000E+30    1.000000E+30    1.000000E+30    3.368106E+01    3.366326E+01    3.363322E+01    3.359893E+01    3.355678E+01    3.350769E+01    3.347523E+01    3.349149E+01    3.351581E+01    3.353449E+01    3.354876E+01    3.356024E+01
   3.642554E+01    3.632829E+01    3.621968E+01    3.622544E+01    1.000000E+30    1.000000E+30    1.000000E+30    1.000000E+30    3.363554E+01    3.362483E+01    3.359642E+01    3.356405E+01    3.351552E+01    3.345420E+01    3.338834E+01    3.345076E+01    3.351055E+01    3.354486E+01    3.356590E+01    3.357727E+01
   3.583601E+01    3.572702E+01    3.562918E+01    3.562676E+01    1.000000E+30    1.000000E+30    1.000000E+30    1.000000E+30    3.358924E+01    3.358454E+01    3.356817E+01    3.353704E+01    3.348821E+01    3.339980E+01    3.319987E+01    3.340493E+01    3.350715E+01    3.355406E+01    3.357759E+01    3.358842E+01
   3.539527E+01    3.526611E+01    3.519968E+01    3.504873E+01    1.000000E+30    1.000000E+30    3.345130E+01    3.349150E+01    3.353649E+01    3.354607E+01    3.354198E+01    3.352455E+01    3.349834E+01    3.345724E+01    3.340546E+01    3.347373E+01    3.353457E+01    3.357084E+01    3.359148E+01    3.360231E+01
   3.500090E+01    3.487971E+01    3.467260E+01    3.422348E+01    3.358886E+01    1.000000E+30    3.335334E+01    3.342927E+01    3.348673E+01    3.351309E+01    3.351806E+01    3.351387E+01    3.350817E+01    3.350096E+01    3.349633E+01    3.352882E+01    3.356888E+01    3.359667E+01    3.361106E+01    3.362059E+01
   3.466892E+01    3.453599E+01    3.419864E+01    3.360498E+01    3.245239E+01    3.260354E+01    3.310089E+01    3.332811E+01    3.342116E+01    3.345856E+01    3.347875E+01    3.349626E+01    3.351018E+01    3.352273E+01    3.354013E+01    3.357036E+01    3.360245E+01    3.362258E+01    3.363420E+01    3.364034E+01
   3.451914E+01    3.435497E+01    3.391184E+01    3.278929E+01    2.897024E+01    3.189937E+01    3.292168E+01    3.325856E+01    3.335923E+01    3.338330E+01    3.340401E+01    3.345650E+01    3.350170E+01    3.353279E+01    3.356394E+01    3.359895E+01    3.363024E+01    3.364967E+01    3.365756E+01    3.366047E+01
   3.449354E+01    3.431449E+01    3.397483E+01    3.330611E+01    3.217504E+01    3.267876E+01    3.311223E+01    3.328058E+01    3.332206E+01    3.331048E+01    3.328567E+01    3.338674E+01    3.347418E+01    3.353509E+01    3.358203E+01    3.362414E+01    3.364977E+01    3.366588E+01    3.367190E+01    3.367540E+01
   3.451679E+01    3.438404E+01    3.413574E+01    3.377850E+01    3.336429E+01    3.328407E+01    3.331566E+01    3.333507E+01    3.331835E+01    3.323235E+01    3.290942E+01    3.330334E+01    3.345783E+01    3.353700E+01    3.359103E+01    3.363276E+01    3.365659E+01    3.367251E+01    3.368187E+01    3.368563E+01
   3.458877E+01    3.449703E+01    3.428580E+01    3.400226E+01    3.378085E+01    3.359494E+01    3.344146E+01    3.339834E+01    3.337866E+01    3.333165E+01    3.327519E+01    3.338391E+01    3.347278E+01    3.354055E+01    3.358951E+01    3.362680E+01    3.365323E+01    3.367197E+01    3.368519E+01    3.369298E+01
   3.466428E+01    3.459827E+01    3.442779E+01    3.415391E+01    3.388608E+01    3.364788E+01    3.342149E+01    3.340932E+01    3.341928E+01    3.341387E+01    3.340645E+01    3.344565E+01    3.348938E+01    3.354167E+01    3.358747E+01    3.361690E+01    3.364491E+01    3.366862E+01    3.368497E+01    3.369686E+01
   3.471812E+01    3.466167E+01    3.451695E+01    3.428962E+01    3.398436E+01    3.363744E+01    3.313966E+01    3.338533E+01    3.345069E+01    3.345880E+01    3.345979E+01    3.347371E+01    3.349073E+01    3.352321E+01    3.356455E+01    3.360105E+01    3.363245E+01    3.366193E+01    3.368278E+01    3.369655E+01
   3.476907E+01    3.472537E+01    3.458611E+01    3.439898E+01    3.412998E+01    3.379253E+01    3.352713E+01    3.351187E+01    3.351299E+01    3.349692E+01    3.348082E+01    3.347212E+01    3.346587E+01    3.348325E+01    3.352236E+01    3.356705E+01    3.361369E+01    3.365405E+01    3.368100E+01    3.369862E+01
   3.479425E+01    3.474875E+01    3.464550E+01    3.448086E+01    3.427466E+01    3.399503E+01    3.373082E+01    3.362783E+01    3.356918E+01    3.351511E+01    3.345963E+01    3.340997E+01    3.338539E+01    3.340480E+01    3.346020E+01    3.351996E+01    3.358289E+01    3.364035E+01    3.367922E+01    3.370268E+01
   1.000000E+30    3.475131E+01    3.464933E+01    3.449763E+01    3.433029E+01    3.410882E+01    3.385596E+01    3.370040E+01    3.359880E+01    3.350097E+01    3.339345E+01    3.327809E+01    3.321522E+01    3.326195E+01    3.335806E+01    3.345633E+01    3.355033E+01    3.362160E+01    3.367282E+01    3.370734E+01
   1.000000E+30    1.000000E+30    3.463371E+01    3.446940E+01    3.429965E+01    3.412355E+01    3.392686E+01    3.375125E+01    3.359516E+01    3.345052E+01    3.328757E+01    3.308331E+01    3.287571E+01    3.304431E+01    3.322074E+01    3.338895E+01    3.351076E+01    3.360137E+01    3.366695E+01    3.371502E+01
   1.000000E+30    1.000000E+30    1.000000E+30    3.437082E+01    3.418478E+01    3.404501E+01    3.391395E+01    3.375217E+01    3.357226E+01    3.340978E+01    3.319803E+01    3.286418E+01    3.206121E+01    3.282589E+01    3.311959E+01    3.333146E+01    3.348057E+01    3.357960E+01    3.364635E+01    3.371393E+01
   1.000000E+30    1.000000E+30    1.000000E+30    1.000000E+30    3.403368E+01    3.394848E+01    3.384677E+01    3.370255E+01    3.353587E+01    3.339544E+01    3.321693E+01    3.300958E+01    3.280756E+01    3.297239E+01    3.316442E+01    3.333532E+01    3.346811E+01    3.356006E+01    3.360962E+01    1.000000E+30
   1.000000E+30    1.000000E+30    1.000000E+30    1.000000E+30    3.394983E+01    3.382891E+01    3.373532E+01    3.362171E+01    3.349236E+01    3.337337E+01    3.325339E+01    3.314007E+01    3.305309E+01    3.311953E+01    3.324676E+01    3.337310E+01    3.347322E+01    3.354697E+01    3.359147E+01    1.000000E+30
   1.000000E+30    1.000000E+30    1.000000E+30    1.000000E+30    1.000000E+30    3.364712E+01    3.360299E+01    3.352641E+01    3.344106E+01    3.334679E+01    3.326522E+01    3.320522E+01    3.316848E+01    3.319899E+01    3.327292E+01    3.336569E+01    3.345316E+01    3.352509E+01    1.000000E+30    1.000000E+30
   1.000000E+30    1.000000E+30    1.000000E+30    1.000000E+30    1.000000E+30    3.350877E+01    3.350034E+01    3.345578E+01    3.338723E+01    3.331196E+01    3.325186E+01    3.320678E+01    3.316635E+01    3.317529E+01    3.322640E+01    3.330408E+01    3.339404E+01    1.000000E+30    1.000000E+30    1.000000E+30
   1.000000E+30    1.000000E+30    1.000000E+30    1.000000E+30    1.000000E+30    3.333332E+01    3.338905E+01    3.338127E+01    3.333373E+01    3.329350E+01    3.321621E+01    3.315865E+01    3.308369E+01    3.307399E+01    3.313286E+01    3.322697E+01    1.000000E+30    1.000000E+30    1.000000E+30    1.000000E+30
