   3.684795E+01    3.682214E+01    3.677131E+01    3.669686E+01    3.660086E+01    3.648579E+01    3.635449E+01    3.621015E+01    3.605542E+01    3.589270E+01    3.572338E+01    3.554718E+01    3.536248E+01    3.516761E+01    3.496127E+01    3.474249E+01    3.478146E+01    3.481114E+01    3.483107E+01    3.484105E+01
   3.685359E+01    3.682726E+01    3.677539E+01    3.669934E+01    3.660127E+01    3.648383E+01    3.635004E+01    3.620328E+01    3.604649E+01    3.588233E+01    3.571253E+01    3.553663E+01    3.535247E+01    3.515822E+01    3.495254E+01    3.473402E+01    3.477287E+01    3.480232E+01    3.482206E+01    3.483194E+01
   3.686523E+01    3.683790E+01    3.678394E+01    3.670467E+01    3.660239E+01    3.648007E+01    3.634122E+01    3.618970E+01    3.602882E+01    3.586174E+01    3.569080E+01    3.551537E+01    3.533193E+01    3.513881E+01    3.493469E+01    3.471770E+01    3.475570E+01    3.478450E+01    3.480387E+01    3.481359E+01
   3.688370E+01    3.685498E+01    3.679799E+01    3.671380E+01    3.660480E+01    3.647471E+01    3.632785E+01    3.616896E+01    3.600215E+01    3.583062E+01    3.565788E+01    3.548271E+01    3.529985E+01    3.510841E+01    3.490698E+01    3.469347E+01    3.472952E+01    3.475728E+01    3.477624E+01    3.478590E+01
   3.691027E+01    3.687999E+01    3.681931E+01    3.672845E+01    3.660953E+01    3.646787E+01    3.630909E+01    3.613931E+01    3.596465E+01    3.578825E+01    3.561248E+01    3.543625E+01    3.525480E+01    3.506604E+01    3.486862E+01    3.466103E+01    3.469363E+01    3.472006E+01    3.473902E+01    3.474898E+01
   3.694635E+01    3.691497E+01    3.685084E+01    3.675185E+01    3.661823E+01    3.645996E+01    3.628372E+01    3.609669E+01    3.591101E+01    3.572980E+01    3.555271E+01    3.537643E+01    3.519680E+01    3.501140E+01    3.481904E+01    3.461904E+01    3.464685E+01    3.467228E+01    3.469232E+01    3.470336E+01
   3.699293E+01    3.696215E+01    3.689730E+01    3.679075E+01    3.663301E+01    3.645203E+01    3.625158E+01    3.603540E+01    3.583585E+01    3.565185E+01    3.547626E+01    3.530242E+01    3.512582E+01    3.494435E+01    3.475741E+01    3.456524E+01    3.458576E+01    3.461243E+01    3.463656E+01    3.465046E+01
   3.704931E+01    3.702283E+01    3.696567E+01    3.686233E+01    3.665293E+01    3.644639E+01    3.621818E+01    3.594108E+01    3.572880E+01    3.554987E+01    3.538202E+01    3.521426E+01    3.504210E+01    3.486476E+01    3.468283E+01    3.449604E+01    3.450225E+01    3.453807E+01    3.457333E+01    3.459336E+01
   3.711086E+01    3.709347E+01    3.706080E+01    3.702290E+01    1.000000E+30    1.000000E+30    1.000000E+30    3.576636E+01    3.557262E+01    3.542123E+01    3.527179E+01    3.511415E+01    3.494684E+01    3.477287E+01    3.459603E+01    3.440735E+01    3.437321E+01    3.444748E+01    3.450782E+01    3.453831E+01
   3.716799E+01    3.715812E+01    3.714122E+01    3.712578E+01    1.000000E+30    1.000000E+30    1.000000E+30    1.000000E+30    3.535852E+01    3.527492E+01    3.515403E+01    3.500788E+01    3.484217E+01    3.466752E+01    3.450466E+01    3.430708E+01    3.411927E+01    3.435411E+01    3.445472E+01    3.449583E+01
   3.721240E+01    3.720738E+01    3.719915E+01    3.719202E+01    1.000000E+30    1.000000E+30    1.000000E+30    1.000000E+30    3.520886E+01    3.514938E+01    3.504597E+01    3.490572E+01    3.473073E+01    3.453408E+01    3.443088E+01    3.430591E+01    3.429223E+01    3.437752E+01    3.444355E+01    3.447648E+01
   3.723871E+01    3.723618E+01    3.723210E+01    3.722855E+01    1.000000E+30    1.000000E+30    1.000000E+30    1.000000E+30    3.509981E+01    3.505118E+01    3.495922E+01    3.482315E+01    3.462512E+01    3.429030E+01    3.436192E+01    3.430616E+01    3.434827E+01    3.440276E+01    3.444776E+01    3.447203E+01
   3.724472E+01    3.724327E+01    3.724098E+01    3.723908E+01    1.000000E+30    1.000000E+30    1.000000E+30    1.000000E+30    3.502064E+01    3.497962E+01    3.490098E+01    3.478693E+01    3.463880E+01    3.447132E+01    3.440323E+01    3.432488E+01    3.437498E+01    3.442015E+01    3.445499E+01    3.447382E+01
   3.723011E+01    3.722911E+01    3.722761E+01    3.722642E+01    1.000000E+30    1.000000E+30    1.000000E+30    1.000000E+30    3.496370E+01    3.492875E+01    3.486226E+01    3.476866E+01    3.465441E+01    3.453396E+01    3.443731E+01    3.434139E+01    3.438989E+01    3.443061E+01    3.446051E+01    3.447640E+01
   3.719535E+01    3.719452E+01    3.719333E+01    3.719242E+01    1.000000E+30    1.000000E+30    1.000000E+30    1.000000E+30    3.492276E+01    3.489226E+01    3.483459E+01    3.475469E+01    3.465858E+01    3.455465E+01    3.445297E+01    3.434885E+01    3.439595E+01    3.443463E+01    3.446234E+01    3.447684E+01
   3.714110E+01    3.714027E+01    3.713910E+01    3.713822E+01    1.000000E+30    1.000000E+30    1.000000E+30    1.000000E+30    3.489328E+01    3.486549E+01    3.481306E+01    3.474037E+01    3.465245E+01    3.455504E+01    3.445321E+01    3.434660E+01    3.439383E+01    3.443234E+01    3.445963E+01    3.447378E+01
   3.706796E+01    3.706693E+01    3.706550E+01    3.706445E+01    1.000000E+30    1.000000E+30    1.000000E+30    1.000000E+30    3.487242E+01    3.484555E+01    3.479481E+01    3.472419E+01    3.463823E+01    3.454199E+01    3.444031E+01    3.433499E+01    3.438385E+01    3.442393E+01    3.445224E+01    3.446683E+01
   3.697653E+01    3.697500E+01    3.697282E+01    3.697121E+01    1.000000E+30    1.000000E+30    1.000000E+30    1.000000E+30    3.485919E+01    3.483142E+01    3.477908E+01    3.470610E+01    3.461681E+01    3.451669E+01    3.441326E+01    3.431338E+01    3.436622E+01    3.440994E+01    3.444070E+01    3.445648E+01
   3.686745E+01    3.686483E+01    3.686097E+01    3.685805E+01    1.000000E+30    1.000000E+30    1.000000E+30    1.000000E+30    3.485448E+01    3.482368E+01    3.476650E+01    3.468704E+01    3.458882E+01    3.447718E+01    3.436510E+01    3.427930E+01    3.434130E+01    3.439178E+01    3.442647E+01    3.444403E+01
   3.674180E+01    3.673698E+01    3.672953E+01    3.672350E+01    1.000000E+30    1.000000E+30    1.000000E+30    1.000000E+30    3.486134E+01    3.482417E+01    3.475872E+01    3.466950E+01    3.455702E+01    3.442072E+01    3.427334E+01    3.422925E+01    3.431156E+01    3.437238E+01    3.441190E+01    3.443137E+01
   3.660176E+01    3.659279E+01    3.657787E+01    3.656421E+01    1.000000E+30    1.000000E+30    1.000000E+30    1.000000E+30    3.488617E+01    3.483491E+01    3.475734E+01    3.465808E+01    3.453192E+01    3.435779E+01    3.406057E+01    3.417089E+01    3.428696E+01    3.435733E+01    3.440000E+01    3.442052E+01
   3.645135E+01    3.643533E+01    3.640575E+01    3.637201E+01    1.000000E+30    1.000000E+30    3.511095E+01    3.504835E+01    3.494315E+01    3.485417E+01    3.476046E+01    3.465650E+01    3.453741E+01    3.439887E+01    3.425152E+01    3.420839E+01    3.429157E+01    3.435303E+01    3.439295E+01    3.441261E+01
   3.629698E+01    3.627171E+01    3.621826E+01    3.612587E+01    3.595448E+01    1.000000E+30    3.515376E+01    3.507270E+01    3.496643E+01    3.486094E+01    3.475695E+01    3.465306E+01    3.454491E+01    3.443099E+01    3.432029E+01    3.423727E+01    3.430138E+01    3.435332E+01    3.438889E+01    3.440686E+01
   3.614773E+01    3.611634E+01    3.605002E+01    3.593910E+01    3.576340E+01    3.549656E+01    3.525802E+01    3.510428E+01    3.497174E+01    3.484938E+01    3.473685E+01    3.463693E+01    3.454055E+01    3.444247E+01    3.434422E+01    3.425016E+01    3.430685E+01    3.435305E+01    3.438521E+01    3.440165E+01
   3.600943E+01    3.597573E+01    3.590635E+01    3.579720E+01    3.564361E+01    3.545055E+01    3.526036E+01    3.509767E+01    3.495005E+01    3.481128E+01    3.468722E+01    3.460000E+01    3.452059E+01    3.443690E+01    3.434705E+01    3.425144E+01    3.430633E+01    3.434992E+01    3.438008E+01    3.439549E+01
   3.588425E+01    3.585037E+01    3.578220E+01    3.567923E+01    3.554332E+01    3.538290E+01    3.521723E+01    3.505882E+01    3.490282E+01    3.474189E+01    3.458320E+01    3.453767E+01    3.448759E+01    3.442048E+01    3.433891E+01    3.424536E+01    3.430065E+01    3.434339E+01    3.437260E+01    3.438745E+01
   3.577219E+01    3.573869E+01    3.567213E+01    3.557376E+01    3.544709E+01    3.530042E+01    3.514757E+01    3.499969E+01    3.484421E+01    3.465356E+01    3.434638E+01    3.446173E+01    3.445421E+01    3.440162E+01    3.432620E+01    3.423511E+01    3.429106E+01    3.433362E+01    3.436245E+01    3.437705E+01
   3.567285E+01    3.563935E+01    3.557315E+01    3.547571E+01    3.534993E+01    3.520306E+01    3.505223E+01    3.492889E+01    3.480442E+01    3.466603E+01    3.452259E+01    3.448906E+01    3.444835E+01    3.438879E+01    3.431276E+01    3.422249E+01    3.427844E+01    3.432090E+01    3.434959E+01    3.436410E+01
   3.558618E+01    3.555192E+01    3.548469E+01    3.538513E+01    3.525285E+01    3.508830E+01    3.490770E+01    3.483981E+01    3.476240E+01    3.466770E+01    3.457199E+01    3.450586E+01    3.444416E+01    3.437578E+01    3.429731E+01    3.420746E+01    3.426295E+01    3.430532E+01    3.433404E+01    3.434860E+01
   3.551293E+01    3.547677E+01    3.540787E+01    3.530653E+01    3.516734E+01    3.496889E+01    3.463031E+01    3.474205E+01    3.471990E+01    3.465327E+01    3.457466E+01    3.450102E+01    3.442976E+01    3.435641E+01    3.427718E+01    3.418908E+01    3.424431E+01    3.428688E+01    3.431590E+01    3.433067E+01
   3.545504E+01    3.541371E+01    3.534293E+01    3.524536E+01    3.512063E+01    3.496873E+01    3.480523E+01    3.475752E+01    3.470320E+01    3.463317E+01    3.455517E+01    3.447688E+01    3.440082E+01    3.432663E+01    3.424999E+01    3.416634E+01    3.422218E+01    3.426558E+01    3.429535E+01    3.431059E+01
   3.541771E+01    3.535952E+01    3.528434E+01    3.519099E+01    3.508115E+01    3.496027E+01    3.484311E+01    3.476016E+01    3.468392E+01    3.460366E+01    3.451907E+01    3.443395E+01    3.435367E+01    3.428317E+01    3.421397E+01    3.413856E+01    3.419647E+01    3.424160E+01    3.427275E+01    3.428888E+01
   1.000000E+30    3.530185E+01    3.522356E+01    3.513319E+01    3.503294E+01    3.492863E+01    3.482760E+01    3.473752E+01    3.465093E+01    3.456153E+01    3.446717E+01    3.437008E+01    3.428065E+01    3.422237E+01    3.416835E+01    3.410594E+01    3.416756E+01    3.421533E+01    3.424862E+01    3.426649E+01
   1.000000E+30    1.000000E+30    3.515468E+01    3.506545E+01    3.496923E+01    3.487459E+01    3.478242E+01    3.469332E+01    3.460347E+01    3.450798E+01    3.440231E+01    3.428316E+01    3.416051E+01    3.414122E+01    3.411528E+01    3.407036E+01    3.413666E+01    3.418734E+01    3.422343E+01    3.424522E+01
   1.000000E+30    1.000000E+30    1.000000E+30    3.498501E+01    3.488457E+01    3.479910E+01    3.471569E+01    3.463192E+01    3.454452E+01    3.444872E+01    3.433601E+01    3.418437E+01    3.391973E+01    3.405053E+01    3.406540E+01    3.403648E+01    3.410564E+01    3.415780E+01    3.419614E+01    3.422901E+01
   1.000000E+30    1.000000E+30    1.000000E+30    1.000000E+30    3.476570E+01    3.470266E+01    3.463083E+01    3.455616E+01    3.447708E+01    3.439078E+01    3.429372E+01    3.418294E+01    3.406878E+01    3.405910E+01    3.404361E+01    3.401006E+01    3.407597E+01    3.412607E+01    3.415795E+01    1.000000E+30
   1.000000E+30    1.000000E+30    1.000000E+30    1.000000E+30    3.469058E+01    3.459614E+01    3.453043E+01    3.446712E+01    3.440010E+01    3.432766E+01    3.424977E+01    3.416928E+01    3.409700E+01    3.405750E+01    3.402431E+01    3.398493E+01    3.404658E+01    3.409667E+01    3.413539E+01    1.000000E+30
   1.000000E+30    1.000000E+30    1.000000E+30    1.000000E+30    1.000000E+30    3.444185E+01    3.440921E+01    3.436410E+01    3.431159E+01    3.425371E+01    3.419256E+01    3.413158E+01    3.407659E+01    3.403377E+01    3.399571E+01    3.395532E+01    3.401334E+01    3.406285E+01    1.000000E+30    1.000000E+30
   1.000000E+30    1.000000E+30    1.000000E+30    1.000000E+30    1.000000E+30    3.430138E+01    3.428214E+01    3.425058E+01    3.421117E+01    3.416658E+01    3.411934E+01    3.407216E+01    3.402826E+01    3.398960E+01    3.395411E+01    3.391829E+01    3.397333E+01    1.000000E+30    1.000000E+30    1.000000E+30
   1.000000E+30    1.000000E+30    1.000000E+30    1.000000E+30    1.000000E+30    3.416164E+01    3.414906E+01    3.412686E+01    3.409831E+01    3.406568E+01    3.403039E+01    3.399417E+01    3.395903E+01    3.392664E+01    3.389742E+01    3.387265E+01    1.000000E+30    1.000000E+30    1.000000E+30    1.000000E+30
