   7.334204E-05    6.474212E-05    4.203918E-05    6.741914E-05    8.479973E-05    1.104512E-04    1.382005E-04    1.360309E-04    8.335159E-05    7.051836E-05    5.668576E-05    5.464609E-05    5.761340E-05    4.780742E-05    5.949491E-05    6.343765E-05    9.280918E-05    1.024113E-04    1.327412E-04    1.047765E-04
   9.948895E-05    8.104079E-05    8.075360E-05    8.954052E-05    9.212437E-05    1.078354E-04    1.389523E-04    1.412039E-04    8.181711E-05    5.593730E-05    5.149681E-05    2.865453E-05    3.295982E-05    4.428868E-05    5.210119E-05    7.978195E-05    1.653473E-04    1.527636E-04    1.257017E-04    1.371933E-04
   1.131901E-04    1.176128E-04    8.410332E-05    8.790108E-05    7.996186E-05    1.328084E-04    1.390391E-04    1.186981E-04    5.890109E-05    5.634137E-05    5.678995E-05    3.665119E-05    5.207504E-05    4.510252E-05    9.598356E-05    1.082982E-04    1.147971E-04    7.162419E-05    1.464887E-04    1.198307E-04
   8.579309E-05    1.124133E-04    9.451698E-05    5.875962E-05    9.040009E-05    9.733469E-05    1.328749E-04    1.202104E-04    6.797277E-05    5.060362E-05    4.731189E-05    2.738018E-05    4.270862E-05    3.447262E-05    6.339931E-05    7.561109E-05    8.343166E-05    7.310769E-05    8.366326E-05    7.963024E-05
   6.433896E-05    6.938462E-05    1.006360E-04    5.114903E-05    6.150094E-05    1.327002E-04    8.887604E-05    1.170636E-04    6.246799E-05    6.296753E-05    7.282822E-05    3.993152E-05    3.144118E-05    3.539419E-05    6.322520E-05    8.053822E-05    9.810608E-05    5.438808E-05    1.209203E-04    1.379592E-04
   8.416121E-05    9.656167E-05    1.314963E-04    6.053347E-05    6.048574E-05    6.447670E-05    1.218962E-04    1.119482E-04    7.120397E-05    4.538177E-05    6.488264E-05    4.269159E-05    3.833443E-05    3.229091E-05    4.201141E-05    6.629478E-05    7.716437E-05    4.436266E-05    4.950233E-05    9.226095E-05
   1.037208E-04    1.252136E-04    8.465511E-05    8.036532E-05    5.641463E-05    8.024854E-05    8.680870E-05    1.093794E-04    5.044723E-05    3.749528E-05    6.005914E-05    2.685239E-05    2.194876E-05    2.073805E-05    2.032905E-05    2.766436E-05    4.133580E-05    6.595856E-05    5.785062E-05    7.889024E-05
   1.265302E-04    1.170910E-04    1.646750E-04    1.393712E-04    7.904005E-05    9.019540E-05    8.768662E-05    1.098210E-04    5.578330E-05    5.250065E-05    5.864514E-05    3.062719E-05    2.641094E-05    2.875740E-05    2.335452E-05    2.658980E-05    4.141418E-05    4.662479E-05    3.730062E-05    6.773842E-05
   1.144608E-04    7.690726E-05    1.343637E-04    1.110077E-04    1.445639E-04    1.445639E-04    1.445639E-04    9.063498E-05    7.466400E-05    3.387851E-05    4.066087E-05    4.570054E-05    1.878309E-05    1.528496E-05    1.990591E-05    2.908192E-05    2.510821E-05    4.631207E-05    3.999685E-05    3.513652E-05
   1.012627E-04    7.204779E-05    8.376043E-05    1.165062E-04    1.445639E-04    1.445639E-04    1.445639E-04    1.445639E-04    5.763227E-05    6.136797E-05    6.344887E-05    3.709032E-05    1.985643E-05    1.546075E-05    1.894076E-05    4.092248E-05    2.945302E-05    3.688290E-05    4.741749E-05    3.481362E-05
   1.097381E-04    1.031483E-04    1.059288E-04    2.458563E-04    1.445639E-04    1.445639E-04    1.445639E-04    1.445639E-04    7.335190E-05    7.985302E-05    6.764463E-05    4.525609E-05    3.106884E-05    3.378482E-05    4.165348E-05    4.575631E-05    3.985121E-05    5.241719E-05    4.110803E-05    3.950147E-05
   6.899076E-05    1.152429E-04    1.732542E-04    2.221807E-04    1.445639E-04    1.445639E-04    1.445639E-04    1.445639E-04    9.768332E-05    5.135204E-05    3.927655E-05    5.974707E-05    3.828006E-05    3.677877E-05    5.419167E-05    5.055619E-05    7.745824E-05    5.126097E-05    3.280432E-05    3.949074E-05
   1.004282E-04    9.181808E-05    1.279005E-04    1.819562E-04    1.445639E-04    1.445639E-04    1.445639E-04    1.445639E-04    7.767141E-05    7.183306E-05    4.701228E-05    7.524131E-05    5.618388E-05    4.836875E-05    3.468091E-05    4.781581E-05    5.464128E-05    3.424797E-05    3.970069E-05    1.993335E-05
   9.723644E-05    1.563355E-04    1.677230E-04    2.171740E-04    1.445639E-04    1.445639E-04    1.445639E-04    1.445639E-04    1.711802E-04    7.545720E-05    7.016801E-05    5.526690E-05    4.344989E-05    4.259967E-05    5.211899E-05    4.228606E-05    4.193359E-05    3.283672E-05    4.019899E-05    5.238193E-05
   1.287153E-04    1.412840E-04    2.052173E-04    2.632851E-04    1.445639E-04    1.445639E-04    1.445639E-04    1.445639E-04    1.384957E-04    8.017609E-05    5.803577E-05    7.339264E-05    5.177792E-05    4.185195E-05    5.134111E-05    3.194403E-05    3.477041E-05    4.051345E-05    4.889179E-05    7.483843E-05
   1.426327E-04    1.554116E-04    2.430467E-04    2.658988E-04    1.445639E-04    1.445639E-04    1.445639E-04    1.445639E-04    1.126885E-04    5.531874E-05    3.242812E-05    3.675123E-05    3.855457E-05    2.370951E-05    5.141884E-05    3.601955E-05    3.429948E-05    4.986321E-05    6.194268E-05    1.049531E-04
   1.493047E-04    2.801008E-04    3.513121E-04    1.912422E-04    1.445639E-04    1.445639E-04    1.445639E-04    1.445639E-04    6.606508E-05    5.433280E-05    4.255728E-05    5.173953E-05    5.153479E-05    3.945226E-05    3.296977E-05    3.383375E-05    5.810788E-05    4.457837E-05    7.838904E-05    1.170313E-04
   2.210607E-04    1.533949E-04    1.775414E-04    1.509886E-04    1.445639E-04    1.445639E-04    1.445639E-04    1.445639E-04    7.978400E-05    5.105158E-05    7.205659E-05    8.194774E-05    4.846839E-05    2.920390E-05    2.737941E-05    5.164948E-05    7.048833E-05    9.113146E-05    1.231342E-04    1.580600E-04
   2.084627E-04    1.775781E-04    1.495990E-04    1.401480E-04    1.445639E-04    1.445639E-04    1.445639E-04    1.445639E-04    1.002002E-04    4.614501E-05    5.526407E-05    1.214133E-04    7.311786E-05    3.994782E-05    4.371508E-05    4.896180E-05    8.507689E-05    9.945217E-05    1.020487E-04    1.184519E-04
   2.565407E-04    1.836916E-04    9.858951E-05    1.205565E-04    1.445639E-04    1.445639E-04    1.445639E-04    1.445639E-04    4.987045E-05    5.741320E-05    3.279738E-05    7.699663E-05    5.691893E-05    5.914332E-05    5.875212E-05    5.523662E-05    6.842164E-05    7.932298E-05    1.128534E-04    7.297457E-05
   1.014250E-04    1.325849E-04    5.029565E-05    8.579056E-05    1.445639E-04    1.445639E-04    1.445639E-04    1.445639E-04    9.173312E-05    7.912246E-05    6.499162E-05    9.575551E-05    1.397486E-04    8.719985E-05    6.655749E-05    6.510571E-05    5.403092E-05    6.512899E-05    6.714596E-05    7.684891E-05
   6.434134E-05    5.984510E-05    5.475690E-05    5.178076E-05    1.445639E-04    1.445639E-04    6.880238E-05    7.779818E-05    1.150670E-04    8.202430E-05    8.890009E-05    1.110046E-04    1.859488E-04    2.164386E-04    8.387572E-05    5.988279E-05    5.340930E-05    4.614781E-05    4.335985E-05    6.959819E-05
   5.321410E-05    5.621048E-05    5.513171E-05    6.185611E-05    9.970633E-05    1.445639E-04    5.950845E-05    7.083633E-05    9.499654E-05    1.397802E-04    1.938585E-04    1.384476E-04    1.214112E-04    1.063980E-04    9.220846E-05    7.443309E-05    9.158485E-05    5.701506E-05    3.986940E-05    6.017012E-05
   4.190546E-05    9.626809E-05    6.408611E-05    9.025566E-05    6.194367E-05    1.000847E-04    4.721351E-05    8.713425E-05    1.409934E-04    1.494923E-04    1.924535E-04    1.779323E-04    1.405987E-04    1.537734E-04    1.194655E-04    8.946013E-05    9.227892E-05    4.531367E-05    5.963018E-05    5.497518E-05
   5.043104E-05    1.093063E-04    1.107986E-04    1.224599E-04    8.806725E-05    8.953440E-05    5.918478E-05    8.904974E-05    1.593552E-04    1.374922E-04    1.562804E-04    2.011885E-04    2.543555E-04    1.452692E-04    1.398502E-04    8.205912E-05    7.577882E-05    7.318881E-05    7.572032E-05    8.133133E-05
   7.379023E-05    1.229261E-04    1.623737E-04    1.366666E-04    8.862958E-05    6.832656E-05    9.386243E-05    1.258007E-04    1.480331E-04    1.603577E-04    1.673649E-04    2.146513E-04    1.757140E-04    1.619257E-04    1.169933E-04    1.087092E-04    8.377609E-05    9.401962E-05    6.073641E-05    8.700197E-05
   1.032763E-04    1.161844E-04    1.347744E-04    1.530420E-04    1.095589E-04    8.884689E-05    1.080300E-04    1.137277E-04    1.994810E-04    2.475699E-04    1.611468E-04    1.983114E-04    1.651496E-04    1.066979E-04    1.276056E-04    1.180479E-04    7.918099E-05    8.867801E-05    9.726610E-05    7.096887E-05
   1.688668E-04    1.681472E-04    2.003814E-04    1.211068E-04    1.768237E-04    1.799912E-04    1.246598E-04    8.895565E-05    1.755461E-04    2.477727E-04    2.377701E-04    1.408719E-04    1.231872E-04    9.890694E-05    9.189925E-05    9.800715E-05    5.979335E-05    5.491645E-05    6.995811E-05    6.801997E-05
   3.522576E-04    3.366471E-04    2.267299E-04    1.312781E-04    6.870928E-05    7.723664E-05    1.269461E-04    8.892517E-05    1.029184E-04    1.866019E-04    1.715403E-04    2.034916E-04    1.856279E-04    7.907298E-05    6.276267E-05    6.020821E-05    3.823615E-05    5.178418E-05    4.535252E-05    9.082661E-05
   3.598659E-04    3.600078E-04    1.649385E-04    1.563314E-04    6.835516E-05    8.180719E-05    1.546852E-04    1.223508E-04    1.544576E-04    8.755910E-05    1.203639E-04    1.553784E-04    9.982278E-05    6.728895E-05    5.087742E-05    5.354331E-05    3.954021E-05    3.818446E-05    3.762375E-05    6.136519E-05
   3.001563E-04    4.137725E-04    1.680017E-04    8.683899E-05    7.277511E-05    7.692522E-05    1.168106E-04    8.984446E-05    7.196056E-05    7.347435E-05    1.039708E-04    1.393609E-04    1.160464E-04    9.498090E-05    6.799084E-05    6.089053E-05    2.806859E-05    4.673240E-05    4.144346E-05    3.605104E-05
   3.102718E-04    4.111125E-04    3.362374E-04    1.704334E-04    1.654047E-04    1.432414E-04    9.630103E-05    9.651426E-05    1.220618E-04    9.066426E-05    1.742674E-04    9.732596E-05    1.743334E-04    1.931082E-04    1.031873E-04    6.839174E-05    6.471599E-05    5.853351E-05    3.601253E-05    4.159941E-05
   1.445639E-04    3.281504E-04    2.825859E-04    1.732246E-04    1.394867E-04    1.343893E-04    1.025979E-04    1.494342E-04    1.033369E-04    1.097640E-04    1.665767E-04    1.924026E-04    2.160938E-04    1.015834E-04    7.909376E-05    5.837556E-05    8.560386E-05    5.399223E-05    5.627032E-05    4.986819E-05
   1.445639E-04    1.445639E-04    3.998548E-04    1.792780E-04    1.626995E-04    1.694982E-04    1.299308E-04    1.314899E-04    1.072265E-04    1.532342E-04    1.836605E-04    2.089200E-04    1.718096E-04    1.665730E-04    6.526043E-05    4.805936E-05    5.536058E-05    6.884475E-05    5.618690E-05    6.323657E-05
   1.445639E-04    1.445639E-04    1.445639E-04    1.606074E-04    1.370365E-04    1.621843E-04    2.894363E-04    1.946531E-04    1.138931E-04    1.443939E-04    2.703457E-04    1.357741E-04    2.076753E-04    1.076329E-04    5.069294E-05    6.442280E-05    6.505765E-05    6.532338E-05    5.146315E-05    9.070006E-05
   1.445639E-04    1.445639E-04    1.445639E-04    1.445639E-04    1.192827E-04    1.840086E-04    2.069188E-04    1.930810E-04    1.798314E-04    1.471943E-04    1.588843E-04    1.244605E-04    1.146880E-04    7.175967E-05    7.812771E-05    7.168941E-05    7.442156E-05    1.044694E-04    7.013083E-05    1.445639E-04
   1.445639E-04    1.445639E-04    1.445639E-04    1.445639E-04    8.823532E-05    1.161155E-04    1.270131E-04    1.761763E-04    1.691202E-04    1.078422E-04    1.156880E-04    9.058499E-05    8.235739E-05    1.080613E-04    1.108170E-04    1.068059E-04    1.400861E-04    8.718857E-05    6.499344E-05    1.445639E-04
   1.445639E-04    1.445639E-04    1.445639E-04    1.445639E-04    1.445639E-04    1.067789E-04    1.266457E-04    1.646089E-04    1.373050E-04    8.060569E-05    1.106220E-04    8.690941E-05    7.498860E-05    1.202093E-04    9.963304E-05    1.084930E-04    6.407673E-05    5.338565E-05    1.445639E-04    1.445639E-04
   1.445639E-04    1.445639E-04    1.445639E-04    1.445639E-04    1.445639E-04    8.819122E-05    1.211923E-04    1.146420E-04    1.041680E-04    4.724452E-05    1.063144E-04    1.110235E-04    6.829623E-05    1.039025E-04    1.199800E-04    8.961323E-05    5.312350E-05    1.445639E-04    1.445639E-04    1.445639E-04
   1.445639E-04    1.445639E-04    1.445639E-04    1.445639E-04    1.445639E-04    1.288577E-04    6.916298E-05    8.740916E-05    8.665888E-05    1.606302E-04    1.388373E-04    1.576400E-04    7.640711E-05    5.570425E-05    7.160792E-05    4.595439E-05    1.445639E-04    1.445639E-04    1.445639E-04    1.445639E-04
