1.414611000000000167E-02 1.412087000000000064E-02 1.407449000000000026E-02 1.399985000000000118E-02 1.388949999999999907E-02 1.373474000000000049E-02 1.353464000000000056E-02 1.330233000000000110E-02 1.304612000000000133E-02 1.277613000000000186E-02 1.250262999999999895E-02 1.223527999999999942E-02 1.198302000000000048E-02 1.175397000000000074E-02 1.155699000000000136E-02 1.140128999999999969E-02 1.128347999999999851E-02 1.120073000000000076E-02 1.116846999999999979E-02 1.117696999999999961E-02
1.424930000000000120E-02 1.424058999999999915E-02 1.421141000000000071E-02 1.415200999999999959E-02 1.405043999999999911E-02 1.389297000000000101E-02 1.367453999999999892E-02 1.341345000000000037E-02 1.312220000000000053E-02 1.281468000000000017E-02 1.250358000000000025E-02 1.220004000000000054E-02 1.191430999999999914E-02 1.165628999999999971E-02 1.143578999999999950E-02 1.126840000000000133E-02 1.114929999999999914E-02 1.107661999999999883E-02 1.107789999999999990E-02 1.110614000000000046E-02
1.434832000000000121E-02 1.435971000000000122E-02 1.435386000000000127E-02 1.431880000000000132E-02 1.423600000000000039E-02 1.408133999999999948E-02 1.384161999999999892E-02 1.354452999999999907E-02 1.321105000000000022E-02 1.286045000000000070E-02 1.250740000000000011E-02 1.216354000000000046E-02 1.183953999999999909E-02 1.154686000000000080E-02 1.129870000000000006E-02 1.111617999999999981E-02 1.099950000000000060E-02 1.096533000000000056E-02 1.099409000000000150E-02 1.104702999999999935E-02
1.443491000000000045E-02 1.446866999999999945E-02 1.449193000000000009E-02 1.449229999999999963E-02 1.444558999999999947E-02 1.430555000000000021E-02 1.403797000000000031E-02 1.369278999999999982E-02 1.330931000000000128E-02 1.291203999999999963E-02 1.251532999999999986E-02 1.212949000000000145E-02 1.176401000000000009E-02 1.143022999999999956E-02 1.114557000000000048E-02 1.094224000000000065E-02 1.083911000000000076E-02 1.086332000000000096E-02 1.092891999999999995E-02 1.100967999999999912E-02
1.450074999999999975E-02 1.455394999999999953E-02 1.460525000000000018E-02 1.464890999999999936E-02 1.466536000000000055E-02 1.457197000000000180E-02 1.425499000000000037E-02 1.384143999999999999E-02 1.340932999999999882E-02 1.297992000000000069E-02 1.255686000000000128E-02 1.214094999999999931E-02 1.173283000000000138E-02 1.133582999999999986E-02 1.098538000000000119E-02 1.074430000000000003E-02 1.070812000000000153E-02 1.079588000000000075E-02 1.090187000000000100E-02 1.101887000000000005E-02
1.452306000000000083E-02 1.458431000000000137E-02 1.465110000000000023E-02 1.472374000000000079E-02 1.480221999999999961E-02 1.488745999999999993E-02 1.439990000000000193E-02 1.393258000000000170E-02 1.348189999999999979E-02 1.304440999999999934E-02 1.261676000000000117E-02 1.219573000000000011E-02 1.177824000000000058E-02 1.136142999999999875E-02 1.094282000000000067E-02 1.052046000000000057E-02 1.069649999999999941E-02 1.085408000000000033E-02 1.099456999999999865E-02 1.111952000000000079E-02
1.446503000000000198E-02 1.451912999999999988E-02 1.457759000000000138E-02 1.463961000000000082E-02 1.470118000000000119E-02 1.465559000000000132E-02 1.434482000000000118E-02 1.393669000000000158E-02 1.351634999999999989E-02 1.310013000000000150E-02 1.269039999999999925E-02 1.228652000000000043E-02 1.188784000000000021E-02 1.149658999999999924E-02 1.112815000000000158E-02 1.086143000000000178E-02 1.087869999999999983E-02 1.101077999999999953E-02 1.113809000000000153E-02 1.125350999999999956E-02
1.438859000000000145E-02 1.443559999999999982E-02 1.448455000000000055E-02 1.453291000000000131E-02 1.457451000000000059E-02 1.446166999999999939E-02 1.421765000000000008E-02 1.388770999999999929E-02 1.352343999999999942E-02 1.314959000000000093E-02 1.277619999999999971E-02 1.240781000000000002E-02 1.204860999999999953E-02 1.170743999999999951E-02 1.140627999999999954E-02 1.118989000000000095E-02 1.112889000000000066E-02 1.121861000000000039E-02 1.132044999999999926E-02 1.141736999999999960E-02
1.430411000000000182E-02 1.434274000000000139E-02 1.438112000000000071E-02 1.441622000000000042E-02 1.000000000000000021E-02 1.000000000000000021E-02 1.000000000000000021E-02 1.382605000000000119E-02 1.351977000000000040E-02 1.319728000000000047E-02 1.287099000000000056E-02 1.254886000000000022E-02 1.223816999999999960E-02 1.194912999999999878E-02 1.169796000000000030E-02 1.150657000000000069E-02 1.142568000000000056E-02 1.145782000000000050E-02 1.153191000000000112E-02 1.160578000000000130E-02
1.421392999999999962E-02 1.424404999999999942E-02 1.427249000000000052E-02 1.429653999999999994E-02 1.000000000000000021E-02 1.000000000000000021E-02 1.000000000000000021E-02 1.000000000000000021E-02 1.351662000000000002E-02 1.324633000000000060E-02 1.297085000000000078E-02 1.269892999999999890E-02 1.243829000000000115E-02 1.219726000000000143E-02 1.198543999999999998E-02 1.181357000000000067E-02 1.172250000000000028E-02 1.171551000000000016E-02 1.176274000000000070E-02 1.181195999999999982E-02
1.412026000000000080E-02 1.414241000000000109E-02 1.416220999999999973E-02 1.417745000000000116E-02 1.000000000000000021E-02 1.000000000000000021E-02 1.000000000000000021E-02 1.000000000000000021E-02 1.351780999999999990E-02 1.329694000000000015E-02 1.307163000000000075E-02 1.284979999999999976E-02 1.263798999999999999E-02 1.244154999999999914E-02 1.226459000000000056E-02 1.211097000000000042E-02 1.201511999999999893E-02 1.198388999999999878E-02 1.200509000000000125E-02 1.202924000000000181E-02
1.402487000000000004E-02 1.403985999999999949E-02 1.405238999999999967E-02 1.406076000000000201E-02 1.000000000000000021E-02 1.000000000000000021E-02 1.000000000000000021E-02 1.000000000000000021E-02 1.352247999999999992E-02 1.334699999999999949E-02 1.316912000000000117E-02 1.299542999999999879E-02 1.283079000000000164E-02 1.267751999999999941E-02 1.253478000000000057E-02 1.240029000000000131E-02 1.230264000000000010E-02 1.225716000000000132E-02 1.225236000000000033E-02 1.225128999999999975E-02
1.392905000000000011E-02 1.393772000000000066E-02 1.394420000000000034E-02 1.394724000000000137E-02 1.000000000000000021E-02 1.000000000000000021E-02 1.000000000000000021E-02 1.000000000000000021E-02 1.353250000000000113E-02 1.339862000000000171E-02 1.326311999999999977E-02 1.313099000000000037E-02 1.301169000000000110E-02 1.290218000000000094E-02 1.279619000000000069E-02 1.268340999999999913E-02 1.258482000000000177E-02 1.252966999999999970E-02 1.249807999999999995E-02 1.247184999999999960E-02
1.383370000000000086E-02 1.383677999999999991E-02 1.383817000000000033E-02 1.383706000000000172E-02 1.000000000000000021E-02 1.000000000000000021E-02 1.000000000000000021E-02 1.000000000000000021E-02 1.354231000000000011E-02 1.344686999999999966E-02 1.335248999999999985E-02 1.326310999999999983E-02 1.318173000000000088E-02 1.311069000000000123E-02 1.304796000000000081E-02 1.296254999999999977E-02 1.286056999999999999E-02 1.279422000000000025E-02 1.273476999999999942E-02 1.268434000000000055E-02
1.373942000000000045E-02 1.373743000000000013E-02 1.373440000000000077E-02 1.372991999999999962E-02 1.000000000000000021E-02 1.000000000000000021E-02 1.000000000000000021E-02 1.000000000000000021E-02 1.354746000000000075E-02 1.348617000000000045E-02 1.342838000000000018E-02 1.337733000000000151E-02 1.333596000000000087E-02 1.330586999999999916E-02 1.328308999999999913E-02 1.324022000000000046E-02 1.313623000000000048E-02 1.303908999999999971E-02 1.295322999999999961E-02 1.288200999999999929E-02
1.364659000000000011E-02 1.363983000000000036E-02 1.363274000000000083E-02 1.362529000000000171E-02 1.000000000000000021E-02 1.000000000000000021E-02 1.000000000000000021E-02 1.000000000000000021E-02 1.354500000000000148E-02 1.351356999999999906E-02 1.348735000000000038E-02 1.346868000000000024E-02 1.346003999999999950E-02 1.346395999999999878E-02 1.348292000000000067E-02 1.351925999999999996E-02 1.336974000000000148E-02 1.324615999999999988E-02 1.314391999999999991E-02 1.305915000000000027E-02
1.355550999999999978E-02 1.354403000000000031E-02 1.353292000000000037E-02 1.352305000000000174E-02 1.000000000000000021E-02 1.000000000000000021E-02 1.000000000000000021E-02 1.000000000000000021E-02 1.353296000000000013E-02 1.352748000000000145E-02 1.352792999999999878E-02 1.353517000000000088E-02 1.354975999999999924E-02 1.357105000000000117E-02 1.357018000000000113E-02 1.357548000000000088E-02 1.351509000000000044E-02 1.340457000000000107E-02 1.330254999999999979E-02 1.321323000000000115E-02
1.346648999999999936E-02 1.345008999999999962E-02 1.343469999999999907E-02 1.342456000000000205E-02 1.000000000000000021E-02 1.000000000000000021E-02 1.000000000000000021E-02 1.000000000000000021E-02 1.348473000000000033E-02 1.350802000000000079E-02 1.353215999999999967E-02 1.355536000000000067E-02 1.357616000000000031E-02 1.359410999999999953E-02 1.361118000000000050E-02 1.363317999999999995E-02 1.361037000000000011E-02 1.352703999999999886E-02 1.343362000000000028E-02 1.334586000000000106E-02
1.337995000000000156E-02 1.335822000000000051E-02 1.333795999999999940E-02 1.332651999999999969E-02 1.000000000000000021E-02 1.000000000000000021E-02 1.000000000000000021E-02 1.000000000000000021E-02 1.342625000000000068E-02 1.346540000000000063E-02 1.350680000000000110E-02 1.354817000000000000E-02 1.358762999999999985E-02 1.362431000000000059E-02 1.365896999999999945E-02 1.369404999999999928E-02 1.368922999999999841E-02 1.363102000000000064E-02 1.354554000000000001E-02 1.346111000000000009E-02
1.329652000000000091E-02 1.326887000000000032E-02 1.324287999999999854E-02 1.322786000000000101E-02 1.000000000000000021E-02 1.000000000000000021E-02 1.000000000000000021E-02 1.000000000000000021E-02 1.336940999999999997E-02 1.342595999999999894E-02 1.348616000000000051E-02 1.354707000000000133E-02 1.360614999999999915E-02 1.366160999999999938E-02 1.371274000000000104E-02 1.375982000000000073E-02 1.376721000000000195E-02 1.372575000000000184E-02 1.364500999999999908E-02 1.356301999999999855E-02
1.321717000000000031E-02 1.318289000000000093E-02 1.315005999999999987E-02 1.312767999999999921E-02 1.000000000000000021E-02 1.000000000000000021E-02 1.000000000000000021E-02 1.000000000000000021E-02 1.331253000000000124E-02 1.338829000000000061E-02 1.346899000000000013E-02 1.355096000000000078E-02 1.363089999999999961E-02 1.370588000000000015E-02 1.377354000000000078E-02 1.383299000000000160E-02 1.384808000000000046E-02 1.381490999999999969E-02 1.373569999999999999E-02 1.365431000000000110E-02
1.314326000000000209E-02 1.310171999999999899E-02 1.306079999999999915E-02 1.302565999999999967E-02 1.000000000000000021E-02 1.000000000000000021E-02 1.309861000000000011E-02 1.316834000000000060E-02 1.325442999999999934E-02 1.335142999999999920E-02 1.345441999999999992E-02 1.355912000000000089E-02 1.366155999999999968E-02 1.375761999999999992E-02 1.384292000000000161E-02 1.391534000000000000E-02 1.393410000000000135E-02 1.389948000000000052E-02 1.381889000000000034E-02 1.373613999999999911E-02
1.307666999999999857E-02 1.302753000000000071E-02 1.297737000000000022E-02 1.292921999999999995E-02 1.291572000000000033E-02 1.000000000000000021E-02 1.299857999999999916E-02 1.308678999999999919E-02 1.319491000000000067E-02 1.331517999999999938E-02 1.344189000000000148E-02 1.357069000000000157E-02 1.369739000000000026E-02 1.381693999999999978E-02 1.392241000000000138E-02 1.400811000000000070E-02 1.402667999999999970E-02 1.397879000000000135E-02 1.389404999999999980E-02 1.380821999999999952E-02
1.301970000000000037E-02 1.296342000000000154E-02 1.290357999999999956E-02 1.284261000000000083E-02 1.279976000000000030E-02 1.281694000000000062E-02 1.289068000000000158E-02 1.300253000000000173E-02 1.313581000000000124E-02 1.328046000000000088E-02 1.343109000000000143E-02 1.358409999999999999E-02 1.373606000000000132E-02 1.388200000000000198E-02 1.401250000000000065E-02 1.411342000000000152E-02 1.412557000000000049E-02 1.405016000000000077E-02 1.395883000000000020E-02 1.386899000000000118E-02
1.297481999999999976E-02 1.291317000000000159E-02 1.284520000000000106E-02 1.277119999999999991E-02 1.269516000000000047E-02 1.268209000000000003E-02 1.277937000000000170E-02 1.292337999999999994E-02 1.308619999999999922E-02 1.325285000000000005E-02 1.342173999999999971E-02 1.359290000000000151E-02 1.376660000000000036E-02 1.394201000000000121E-02 1.410871000000000000E-02 1.423362000000000065E-02 1.420792000000000062E-02 1.410744000000000060E-02 1.400895000000000092E-02 1.391596000000000152E-02
1.294399000000000070E-02 1.288027999999999916E-02 1.280882000000000027E-02 1.272817000000000046E-02 1.263659000000000136E-02 1.253195000000000003E-02 1.271047999999999970E-02 1.288745999999999989E-02 1.306364000000000136E-02 1.323987999999999901E-02 1.341723999999999868E-02 1.359695000000000174E-02 1.378044999999999964E-02 1.396940999999999981E-02 1.416566000000000006E-02 1.437116000000000088E-02 1.424968000000000068E-02 1.413972999999999966E-02 1.403925999999999959E-02 1.394673999999999914E-02
1.292937999999999900E-02 1.286796000000000120E-02 1.280035000000000027E-02 1.272670000000000051E-02 1.265024000000000010E-02 1.263832000000000150E-02 1.275172999999999932E-02 1.290805000000000077E-02 1.307474999999999957E-02 1.324600000000000083E-02 1.342041000000000067E-02 1.359768000000000088E-02 1.377761999999999910E-02 1.395898000000000104E-02 1.413446999999999967E-02 1.426054000000000037E-02 1.423499000000000118E-02 1.413991000000000033E-02 1.404740000000000155E-02 1.396053000000000051E-02
1.293071999999999971E-02 1.287536000000000062E-02 1.281614000000000017E-02 1.275468999999999908E-02 1.270434000000000146E-02 1.273250999999999897E-02 1.282829999999999908E-02 1.295685999999999886E-02 1.310673999999999867E-02 1.326522999999999938E-02 1.342854000000000096E-02 1.359445999999999918E-02 1.376057999999999969E-02 1.392058000000000011E-02 1.406314999999999996E-02 1.416561000000000035E-02 1.419125000000000074E-02 1.411570000000000012E-02 1.403651999999999851E-02 1.395906000000000056E-02
1.294257999999999867E-02 1.289482999999999949E-02 1.284537999999999999E-02 1.279611000000000116E-02 1.277767999999999959E-02 1.281531999999999984E-02 1.290252000000000066E-02 1.301557000000000061E-02 1.314602999999999952E-02 1.328781999999999880E-02 1.343599000000000009E-02 1.358611000000000020E-02 1.373353000000000074E-02 1.387254000000000091E-02 1.399593000000000191E-02 1.408466999999999879E-02 1.412325000000000039E-02 1.407848000000000085E-02 1.401251000000000059E-02 1.394569000000000017E-02
1.296235000000000095E-02 1.292272000000000039E-02 1.288292000000000083E-02 1.284442000000000049E-02 1.284605999999999942E-02 1.288783999999999937E-02 1.296840999999999966E-02 1.306977000000000139E-02 1.318559000000000050E-02 1.331147000000000059E-02 1.344303999999999985E-02 1.357601999999999941E-02 1.370594999999999973E-02 1.382798999999999834E-02 1.393702999999999956E-02 1.401599000000000074E-02 1.405790000000000164E-02 1.403493000000000102E-02 1.398052000000000149E-02 1.392401999999999876E-02
1.298758000000000030E-02 1.295593999999999912E-02 1.292521000000000121E-02 1.289624999999999973E-02 1.290788000000000005E-02 1.295122000000000113E-02 1.302602000000000100E-02 1.311777000000000082E-02 1.322105000000000155E-02 1.333266999999999959E-02 1.344904000000000065E-02 1.356643999999999906E-02 1.368102000000000033E-02 1.378888999999999983E-02 1.388640000000000187E-02 1.395789000000000057E-02 1.400014000000000119E-02 1.398849000000000099E-02 1.394409999999999920E-02 1.389704999999999933E-02
1.301608000000000105E-02 1.299203000000000163E-02 1.296972000000000055E-02 1.294947999999999932E-02 1.296322999999999920E-02 1.300666999999999969E-02 1.307628000000000089E-02 1.315970999999999981E-02 1.325217000000000062E-02 1.335131000000000165E-02 1.345428000000000075E-02 1.355801000000000055E-02 1.365937000000000054E-02 1.375528999999999988E-02 1.384309000000000060E-02 1.390884000000000044E-02 1.394974000000000040E-02 1.394123000000000064E-02 1.390567000000000192E-02 1.386710000000000199E-02
1.000000000000000021E-02 1.302893000000000107E-02 1.301439999999999889E-02 1.300240000000000076E-02 1.301264999999999887E-02 1.305528999999999891E-02 1.312024999999999997E-02 1.319623999999999971E-02 1.327925999999999933E-02 1.336754999999999888E-02 1.345890000000000107E-02 1.355085000000000144E-02 1.364087000000000112E-02 1.372658000000000038E-02 1.380597000000000074E-02 1.386745999999999986E-02 1.390599000000000002E-02 1.389464999999999971E-02 1.386700999999999906E-02 1.383596999999999952E-02
1.000000000000000021E-02 1.000000000000000021E-02 1.305728000000000097E-02 1.305317000000000109E-02 1.305697000000000108E-02 1.309808000000000153E-02 1.315889000000000121E-02 1.322805999999999982E-02 1.330271999999999878E-02 1.338160000000000044E-02 1.346295999999999951E-02 1.354481999999999908E-02 1.362514000000000086E-02 1.370204999999999861E-02 1.377401999999999967E-02 1.383254999999999901E-02 1.386741000000000015E-02 1.385015000000000204E-02 1.382962999999999901E-02 1.380512000000000059E-02
1.000000000000000021E-02 1.000000000000000021E-02 1.000000000000000021E-02 1.309909000000000073E-02 1.310586000000000043E-02 1.313593999999999873E-02 1.319287000000000064E-02 1.325558999999999939E-02 1.332286000000000060E-02 1.339364000000000006E-02 1.346648000000000116E-02 1.353974999999999970E-02 1.361181000000000023E-02 1.368111000000000153E-02 1.374641000000000057E-02 1.380307000000000062E-02 1.381944000000000054E-02 1.380940999999999939E-02 1.379491000000000051E-02 1.377567000000000028E-02
1.000000000000000021E-02 1.000000000000000021E-02 1.000000000000000021E-02 1.000000000000000021E-02 1.314959999999999914E-02 1.316961999999999994E-02 1.322183000000000212E-02 1.327883000000000015E-02 1.333982999999999870E-02 1.340376999999999888E-02 1.346943000000000099E-02 1.353547000000000083E-02 1.360054000000000124E-02 1.366338000000000101E-02 1.372287999999999980E-02 1.377815000000000116E-02 1.377947000000000026E-02 1.377451000000000023E-02 1.376390000000000079E-02 1.000000000000000021E-02
1.000000000000000021E-02 1.000000000000000021E-02 1.000000000000000021E-02 1.000000000000000021E-02 1.318872000000000100E-02 1.320963000000000172E-02 1.324235999999999989E-02 1.329782000000000013E-02 1.335383000000000056E-02 1.341213999999999948E-02 1.347182000000000067E-02 1.353181000000000002E-02 1.359105000000000035E-02 1.364854999999999888E-02 1.369577000000000121E-02 1.372462000000000161E-02 1.373275000000000017E-02 1.373315999999999946E-02 1.372667999999999978E-02 1.000000000000000021E-02
1.000000000000000021E-02 1.000000000000000021E-02 1.000000000000000021E-02 1.000000000000000021E-02 1.000000000000000021E-02 1.324308999999999903E-02 1.326947000000000196E-02 1.330939000000000080E-02 1.335795000000000038E-02 1.341180000000000150E-02 1.346659000000000050E-02 1.352063000000000050E-02 1.357210000000000014E-02 1.361857999999999992E-02 1.365631000000000136E-02 1.367817000000000165E-02 1.368549999999999975E-02 1.369032000000000061E-02 1.000000000000000021E-02 1.000000000000000021E-02
1.000000000000000021E-02 1.000000000000000021E-02 1.000000000000000021E-02 1.000000000000000021E-02 1.000000000000000021E-02 1.327075999999999950E-02 1.329382000000000133E-02 1.332703000000000013E-02 1.336751999999999906E-02 1.341242000000000129E-02 1.345933000000000025E-02 1.350608000000000017E-02 1.355040000000000064E-02 1.358956000000000053E-02 1.362011000000000124E-02 1.363814000000000172E-02 1.364305000000000205E-02 1.000000000000000021E-02 1.000000000000000021E-02 1.000000000000000021E-02
1.000000000000000021E-02 1.000000000000000021E-02 1.000000000000000021E-02 1.000000000000000021E-02 1.000000000000000021E-02 1.329334999999999892E-02 1.331393999999999980E-02 1.334217999999999862E-02 1.337637000000000027E-02 1.341441000000000161E-02 1.345421999999999937E-02 1.349375000000000054E-02 1.353083000000000063E-02 1.356314000000000131E-02 1.358816000000000017E-02 1.360354000000000077E-02 1.000000000000000021E-02 1.000000000000000021E-02 1.000000000000000021E-02 1.000000000000000021E-02
