   7.019320E-05    7.019320E-05    7.019320E-05    7.019320E-05    7.019320E-05    7.019320E-05    7.019320E-05    7.019320E-05    7.019320E-05    7.019320E-05    7.019320E-05    7.019320E-05    7.019320E-05    7.019320E-05    7.019320E-05    7.019320E-05    7.019320E-05    7.019320E-05    7.019320E-05    7.019320E-05
   7.019320E-05    7.019320E-05    7.019320E-05    7.019320E-05    7.019320E-05    7.019320E-05    7.019320E-05    7.019320E-05    7.019320E-05    7.019320E-05    7.019320E-05    7.019320E-05    7.019320E-05    7.019320E-05    7.019320E-05    7.019320E-05    7.019320E-05    7.019320E-05    7.019320E-05    7.019320E-05
   7.019320E-05    7.019320E-05    7.019320E-05    7.019320E-05    7.019320E-05    7.019320E-05    7.019320E-05    7.019320E-05    7.019320E-05    7.019320E-05    7.019320E-05    7.019320E-05    7.019320E-05    7.019320E-05    7.019320E-05    7.019320E-05    7.019320E-05    7.019320E-05    7.019320E-05    7.019320E-05
   7.019320E-05    7.019320E-05    7.019320E-05    7.019320E-05    7.019320E-05    7.019320E-05    7.019320E-05    7.019320E-05    7.019320E-05    7.019320E-05    7.019320E-05    7.019320E-05    7.019320E-05    7.019320E-05    7.019320E-05    7.019320E-05    7.019320E-05    7.019320E-05    7.019320E-05    7.019320E-05
   7.019320E-05    7.019320E-05    7.019320E-05    7.019320E-05    7.019320E-05    7.019320E-05    7.019320E-05    7.019320E-05    7.019320E-05    7.019320E-05    7.019320E-05    7.019320E-05    7.019320E-05    7.019320E-05    7.019320E-05    7.019320E-05    7.019320E-05    7.019320E-05    7.019320E-05    7.019320E-05
   7.019320E-05    7.019320E-05    7.019320E-05    7.019320E-05    7.019320E-05    7.019320E-05    7.019320E-05    7.019320E-05    7.019320E-05    7.019320E-05    7.019320E-05    7.019320E-05    7.019320E-05    7.019320E-05    7.019320E-05    7.019320E-05    7.019320E-05    7.019320E-05    7.019320E-05    7.019320E-05
   7.019320E-05    7.019320E-05    7.019320E-05    7.019320E-05    7.019320E-05    7.019320E-05    7.019320E-05    7.019320E-05    7.019320E-05    7.019320E-05    7.019320E-05    7.019320E-05    7.019320E-05    7.019320E-05    7.019320E-05    7.019320E-05    7.019320E-05    7.019320E-05    7.019320E-05    7.019320E-05
   7.019320E-05    7.019320E-05    7.019320E-05    7.019320E-05    7.019320E-05    7.019320E-05    7.019320E-05    7.019320E-05    7.019320E-05    7.019320E-05    7.019320E-05    7.019320E-05    7.019320E-05    7.019320E-05    7.019320E-05    7.019320E-05    7.019320E-05    7.019320E-05    7.019320E-05    7.019320E-05
   7.019320E-05    7.019320E-05    7.019320E-05    7.019320E-05    8.849865E-05    8.849865E-05    8.849865E-05    7.019320E-05    7.019320E-05    7.019320E-05    7.019320E-05    7.019320E-05    7.019320E-05    7.019320E-05    7.019320E-05    7.019320E-05    7.019320E-05    7.019320E-05    7.019320E-05    7.019320E-05
   7.019320E-05    7.019320E-05    7.019320E-05    7.019320E-05    8.849865E-05    8.849865E-05    8.849865E-05    8.849865E-05    7.019320E-05    7.019320E-05    7.019320E-05    7.019320E-05    7.019320E-05    7.019320E-05    7.019320E-05    7.019320E-05    7.019320E-05    7.019320E-05    7.019320E-05    7.019320E-05
   7.019320E-05    7.019320E-05    7.019320E-05    7.019320E-05    8.849865E-05    8.849865E-05    8.849865E-05    8.849865E-05    7.019320E-05    7.019320E-05    7.019320E-05    7.019320E-05    7.019320E-05    7.019320E-05    7.019320E-05    7.019320E-05    7.019320E-05    7.019320E-05    7.019320E-05    7.019320E-05
   7.019320E-05    7.019320E-05    7.019320E-05    7.019320E-05    8.849865E-05    8.849865E-05    8.849865E-05    8.849865E-05    7.019320E-05    7.019320E-05    7.019320E-05    7.019320E-05    7.019320E-05    7.019320E-05    7.019320E-05    7.019320E-05    7.019320E-05    7.019320E-05    7.019320E-05    7.019320E-05
   7.019320E-05    7.019320E-05    7.019320E-05    7.019320E-05    8.849865E-05    8.849865E-05    8.849865E-05    8.849865E-05    7.019320E-05    7.019320E-05    7.019320E-05    7.019320E-05    7.019320E-05    7.019320E-05    7.019320E-05    7.019320E-05    7.019320E-05    7.019320E-05    7.019320E-05    7.019320E-05
   7.019320E-05    7.019320E-05    7.019320E-05    7.019320E-05    8.849865E-05    8.849865E-05    8.849865E-05    8.849865E-05    7.019320E-05    7.019320E-05    7.019320E-05    7.019320E-05    7.019320E-05    7.019320E-05    7.019320E-05    7.019320E-05    7.019320E-05    7.019320E-05    7.019320E-05    7.019320E-05
   7.019320E-05    7.019320E-05    7.019320E-05    7.019320E-05    8.849865E-05    8.849865E-05    8.849865E-05    8.849865E-05    7.019320E-05    7.019320E-05    7.019320E-05    7.019320E-05    7.019320E-05    7.019320E-05    7.019320E-05    7.019320E-05    7.019320E-05    7.019320E-05    7.019320E-05    7.019320E-05
   7.019320E-05    7.019320E-05    7.019320E-05    7.019320E-05    8.849865E-05    8.849865E-05    8.849865E-05    8.849865E-05    7.019320E-05    7.019320E-05    7.019320E-05    7.019320E-05    7.019320E-05    7.019320E-05    7.019320E-05    7.019320E-05    7.019320E-05    7.019320E-05    7.019320E-05    7.019320E-05
   7.019320E-05    7.019320E-05    7.019320E-05    7.019320E-05    8.849865E-05    8.849865E-05    8.849865E-05    8.849865E-05    7.019320E-05    7.019320E-05    7.019320E-05    7.019320E-05    7.019320E-05    7.019320E-05    7.019320E-05    7.019320E-05    7.019320E-05    7.019320E-05    7.019320E-05    7.019320E-05
   7.019320E-05    7.019320E-05    7.019320E-05    7.019320E-05    8.849865E-05    8.849865E-05    8.849865E-05    8.849865E-05    7.019320E-05    7.019320E-05    7.019320E-05    7.019320E-05    7.019320E-05    7.019320E-05    7.019320E-05    7.019320E-05    7.019320E-05    7.019320E-05    7.019320E-05    7.019320E-05
   7.019320E-05    7.019320E-05    7.019320E-05    7.019320E-05    8.849865E-05    8.849865E-05    8.849865E-05    8.849865E-05    7.019320E-05    7.019320E-05    7.019320E-05    7.019320E-05    7.019320E-05    7.019320E-05    7.019320E-05    7.019320E-05    7.019320E-05    7.019320E-05    7.019320E-05    7.019320E-05
   7.019320E-05    7.019320E-05    7.019320E-05    7.019320E-05    8.849865E-05    8.849865E-05    8.849865E-05    8.849865E-05    7.019320E-05    7.019320E-05    7.019320E-05    7.019320E-05    7.019320E-05    7.019320E-05    7.019320E-05    7.019320E-05    7.019320E-05    7.019320E-05    7.019320E-05    7.019320E-05
   7.019320E-05    7.019320E-05    7.019320E-05    7.019320E-05    8.849865E-05    8.849865E-05    8.849865E-05    8.849865E-05    7.019320E-05    7.019320E-05    7.019320E-05    7.019320E-05    7.019320E-05    7.019320E-05    7.019320E-05    7.019320E-05    7.019320E-05    7.019320E-05    7.019320E-05    7.019320E-05
   7.019320E-05    7.019320E-05    7.019320E-05    7.019320E-05    8.849865E-05    8.849865E-05    7.019320E-05    7.019320E-05    7.019320E-05    7.019320E-05    7.019320E-05    7.019320E-05    7.019320E-05    7.019320E-05    7.019320E-05    7.019320E-05    7.019320E-05    7.019320E-05    7.019320E-05    7.019320E-05
   7.019320E-05    7.019320E-05    7.019320E-05    7.019320E-05    7.019320E-05    8.849865E-05    7.019320E-05    7.019320E-05    7.019320E-05    7.019320E-05    7.019320E-05    7.019320E-05    7.019320E-05    7.019320E-05    7.019320E-05    7.019320E-05    7.019320E-05    7.019320E-05    7.019320E-05    7.019320E-05
   7.019320E-05    7.019320E-05    7.019320E-05    7.019320E-05    7.019320E-05    7.019320E-05    7.019320E-05    7.019320E-05    7.019320E-05    7.019320E-05    7.019320E-05    7.019320E-05    7.019320E-05    7.019320E-05    7.019320E-05    7.019320E-05    7.019320E-05    7.019320E-05    7.019320E-05    7.019320E-05
   7.019320E-05    7.019320E-05    7.019320E-05    7.019320E-05    7.019320E-05    7.019320E-05    7.019320E-05    7.019320E-05    7.019320E-05    7.019320E-05    7.019320E-05    7.019320E-05    7.019320E-05    7.019320E-05    7.019320E-05    7.019320E-05    7.019320E-05    7.019320E-05    7.019320E-05    7.019320E-05
   7.019320E-05    7.019320E-05    7.019320E-05    7.019320E-05    7.019320E-05    7.019320E-05    7.019320E-05    7.019320E-05    7.019320E-05    7.019320E-05    7.019320E-05    7.019320E-05    7.019320E-05    7.019320E-05    7.019320E-05    7.019320E-05    7.019320E-05    7.019320E-05    7.019320E-05    7.019320E-05
   7.019320E-05    7.019320E-05    7.019320E-05    7.019320E-05    7.019320E-05    7.019320E-05    7.019320E-05    7.019320E-05    7.019320E-05    7.019320E-05    7.019320E-05    7.019320E-05    7.019320E-05    7.019320E-05    7.019320E-05    7.019320E-05    7.019320E-05    7.019320E-05    7.019320E-05    7.019320E-05
   7.019320E-05    7.019320E-05    7.019320E-05    7.019320E-05    7.019320E-05    7.019320E-05    7.019320E-05    7.019320E-05    7.019320E-05    7.019320E-05    7.019320E-05    7.019320E-05    7.019320E-05    7.019320E-05    7.019320E-05    7.019320E-05    7.019320E-05    7.019320E-05    7.019320E-05    7.019320E-05
   7.019320E-05    7.019320E-05    7.019320E-05    7.019320E-05    7.019320E-05    7.019320E-05    7.019320E-05    7.019320E-05    7.019320E-05    7.019320E-05    7.019320E-05    7.019320E-05    7.019320E-05    7.019320E-05    7.019320E-05    7.019320E-05    7.019320E-05    7.019320E-05    7.019320E-05    7.019320E-05
   7.019320E-05    7.019320E-05    7.019320E-05    7.019320E-05    7.019320E-05    7.019320E-05    7.019320E-05    7.019320E-05    7.019320E-05    7.019320E-05    7.019320E-05    7.019320E-05    7.019320E-05    7.019320E-05    7.019320E-05    7.019320E-05    7.019320E-05    7.019320E-05    7.019320E-05    7.019320E-05
   7.019320E-05    7.019320E-05    7.019320E-05    7.019320E-05    7.019320E-05    7.019320E-05    7.019320E-05    7.019320E-05    7.019320E-05    7.019320E-05    7.019320E-05    7.019320E-05    7.019320E-05    7.019320E-05    7.019320E-05    7.019320E-05    7.019320E-05    7.019320E-05    7.019320E-05    7.019320E-05
   7.019320E-05    7.019320E-05    7.019320E-05    7.019320E-05    7.019320E-05    7.019320E-05    7.019320E-05    7.019320E-05    7.019320E-05    7.019320E-05    7.019320E-05    7.019320E-05    7.019320E-05    7.019320E-05    7.019320E-05    7.019320E-05    7.019320E-05    7.019320E-05    7.019320E-05    7.019320E-05
   8.849865E-05    7.019320E-05    7.019320E-05    7.019320E-05    7.019320E-05    7.019320E-05    7.019320E-05    7.019320E-05    7.019320E-05    7.019320E-05    7.019320E-05    7.019320E-05    7.019320E-05    7.019320E-05    7.019320E-05    7.019320E-05    7.019320E-05    7.019320E-05    7.019320E-05    7.019320E-05
   8.849865E-05    8.849865E-05    7.019320E-05    7.019320E-05    7.019320E-05    7.019320E-05    7.019320E-05    7.019320E-05    7.019320E-05    7.019320E-05    7.019320E-05    7.019320E-05    7.019320E-05    7.019320E-05    7.019320E-05    7.019320E-05    7.019320E-05    7.019320E-05    7.019320E-05    7.019320E-05
   8.849865E-05    8.849865E-05    8.849865E-05    7.019320E-05    7.019320E-05    7.019320E-05    7.019320E-05    7.019320E-05    7.019320E-05    7.019320E-05    7.019320E-05    7.019320E-05    7.019320E-05    7.019320E-05    7.019320E-05    7.019320E-05    7.019320E-05    7.019320E-05    7.019320E-05    7.019320E-05
   8.849865E-05    8.849865E-05    8.849865E-05    8.849865E-05    7.019320E-05    7.019320E-05    7.019320E-05    7.019320E-05    7.019320E-05    7.019320E-05    7.019320E-05    7.019320E-05    7.019320E-05    7.019320E-05    7.019320E-05    7.019320E-05    7.019320E-05    7.019320E-05    7.019320E-05    8.849865E-05
   8.849865E-05    8.849865E-05    8.849865E-05    8.849865E-05    7.019320E-05    7.019320E-05    7.019320E-05    7.019320E-05    7.019320E-05    7.019320E-05    7.019320E-05    7.019320E-05    7.019320E-05    7.019320E-05    7.019320E-05    7.019320E-05    7.019320E-05    7.019320E-05    7.019320E-05    8.849865E-05
   8.849865E-05    8.849865E-05    8.849865E-05    8.849865E-05    8.849865E-05    7.019320E-05    7.019320E-05    7.019320E-05    7.019320E-05    7.019320E-05    7.019320E-05    7.019320E-05    7.019320E-05    7.019320E-05    7.019320E-05    7.019320E-05    7.019320E-05    7.019320E-05    8.849865E-05    8.849865E-05
   8.849865E-05    8.849865E-05    8.849865E-05    8.849865E-05    8.849865E-05    7.019320E-05    7.019320E-05    7.019320E-05    7.019320E-05    7.019320E-05    7.019320E-05    7.019320E-05    7.019320E-05    7.019320E-05    7.019320E-05    7.019320E-05    7.019320E-05    8.849865E-05    8.849865E-05    8.849865E-05
   8.849865E-05    8.849865E-05    8.849865E-05    8.849865E-05    8.849865E-05    7.019320E-05    7.019320E-05    7.019320E-05    7.019320E-05    7.019320E-05    7.019320E-05    7.019320E-05    7.019320E-05    7.019320E-05    7.019320E-05    7.019320E-05    8.849865E-05    8.849865E-05    8.849865E-05    8.849865E-05
