   3.566229E-05    3.566229E-05    3.566229E-05    3.566229E-05    3.566229E-05    3.566229E-05    3.566229E-05    3.566229E-05    3.566229E-05    3.566229E-05    3.566229E-05    3.566229E-05    3.566229E-05    3.566229E-05    3.566229E-05    3.566229E-05    3.566229E-05    3.566229E-05    3.566229E-05    3.566229E-05
   3.566229E-05    3.566229E-05    3.566229E-05    3.566229E-05    3.566229E-05    3.566229E-05    3.566229E-05    3.566229E-05    3.566229E-05    3.566229E-05    3.566229E-05    3.566229E-05    3.566229E-05    3.566229E-05    3.566229E-05    3.566229E-05    3.566229E-05    3.566229E-05    3.566229E-05    3.566229E-05
   3.566229E-05    3.566229E-05    3.566229E-05    3.566229E-05    3.566229E-05    3.566229E-05    3.566229E-05    3.566229E-05    3.566229E-05    3.566229E-05    3.566229E-05    3.566229E-05    3.566229E-05    3.566229E-05    3.566229E-05    3.566229E-05    3.566229E-05    3.566229E-05    3.566229E-05    3.566229E-05
   3.566229E-05    3.566229E-05    3.566229E-05    3.566229E-05    3.566229E-05    3.566229E-05    3.566229E-05    3.566229E-05    3.566229E-05    3.566229E-05    3.566229E-05    3.566229E-05    3.566229E-05    3.566229E-05    3.566229E-05    3.566229E-05    3.566229E-05    3.566229E-05    3.566229E-05    3.566229E-05
   3.566229E-05    3.566229E-05    3.566229E-05    3.566229E-05    3.566229E-05    3.566229E-05    3.566229E-05    3.566229E-05    3.566229E-05    3.566229E-05    3.566229E-05    3.566229E-05    3.566229E-05    3.566229E-05    3.566229E-05    3.566229E-05    3.566229E-05    3.566229E-05    3.566229E-05    3.566229E-05
   3.566229E-05    3.566229E-05    3.566229E-05    3.566229E-05    3.566229E-05    3.566229E-05    3.566229E-05    3.566229E-05    3.566229E-05    3.566229E-05    3.566229E-05    3.566229E-05    3.566229E-05    3.566229E-05    3.566229E-05    3.566229E-05    3.566229E-05    3.566229E-05    3.566229E-05    3.566229E-05
   3.566229E-05    3.566229E-05    3.566229E-05    3.566229E-05    3.566229E-05    3.566229E-05    3.566229E-05    3.566229E-05    3.566229E-05    3.566229E-05    3.566229E-05    3.566229E-05    3.566229E-05    3.566229E-05    3.566229E-05    3.566229E-05    3.566229E-05    3.566229E-05    3.566229E-05    3.566229E-05
   3.566229E-05    3.566229E-05    3.566229E-05    3.566229E-05    3.566229E-05    3.566229E-05    3.566229E-05    3.566229E-05    3.566229E-05    3.566229E-05    3.566229E-05    3.566229E-05    3.566229E-05    3.566229E-05    3.566229E-05    3.566229E-05    3.566229E-05    3.566229E-05    3.566229E-05    3.566229E-05
   3.566229E-05    3.566229E-05    3.566229E-05    3.566229E-05    2.860418E-05    2.860418E-05    2.860418E-05    3.566229E-05    3.566229E-05    3.566229E-05    3.566229E-05    3.566229E-05    3.566229E-05    3.566229E-05    3.566229E-05    3.566229E-05    3.566229E-05    3.566229E-05    3.566229E-05    3.566229E-05
   3.566229E-05    3.566229E-05    3.566229E-05    3.566229E-05    2.860418E-05    2.860418E-05    2.860418E-05    2.860418E-05    3.566229E-05    3.566229E-05    3.566229E-05    3.566229E-05    3.566229E-05    3.566229E-05    3.566229E-05    3.566229E-05    3.566229E-05    3.566229E-05    3.566229E-05    3.566229E-05
   3.566229E-05    3.566229E-05    3.566229E-05    3.566229E-05    2.860418E-05    2.860418E-05    2.860418E-05    2.860418E-05    3.566229E-05    3.566229E-05    3.566229E-05    3.566229E-05    3.566229E-05    3.566229E-05    3.566229E-05    3.566229E-05    3.566229E-05    3.566229E-05    3.566229E-05    3.566229E-05
   3.566229E-05    3.566229E-05    3.566229E-05    3.566229E-05    2.860418E-05    2.860418E-05    2.860418E-05    2.860418E-05    3.566229E-05    3.566229E-05    3.566229E-05    3.566229E-05    3.566229E-05    3.566229E-05    3.566229E-05    3.566229E-05    3.566229E-05    3.566229E-05    3.566229E-05    3.566229E-05
   3.566229E-05    3.566229E-05    3.566229E-05    3.566229E-05    2.860418E-05    2.860418E-05    2.860418E-05    2.860418E-05    3.566229E-05    3.566229E-05    3.566229E-05    3.566229E-05    3.566229E-05    3.566229E-05    3.566229E-05    3.566229E-05    3.566229E-05    3.566229E-05    3.566229E-05    3.566229E-05
   3.566229E-05    3.566229E-05    3.566229E-05    3.566229E-05    2.860418E-05    2.860418E-05    2.860418E-05    2.860418E-05    3.566229E-05    3.566229E-05    3.566229E-05    3.566229E-05    3.566229E-05    3.566229E-05    3.566229E-05    3.566229E-05    3.566229E-05    3.566229E-05    3.566229E-05    3.566229E-05
   3.566229E-05    3.566229E-05    3.566229E-05    3.566229E-05    2.860418E-05    2.860418E-05    2.860418E-05    2.860418E-05    3.566229E-05    3.566229E-05    3.566229E-05    3.566229E-05    3.566229E-05    3.566229E-05    3.566229E-05    3.566229E-05    3.566229E-05    3.566229E-05    3.566229E-05    3.566229E-05
   3.566229E-05    3.566229E-05    3.566229E-05    3.566229E-05    2.860418E-05    2.860418E-05    2.860418E-05    2.860418E-05    3.566229E-05    3.566229E-05    3.566229E-05    3.566229E-05    3.566229E-05    3.566229E-05    3.566229E-05    3.566229E-05    3.566229E-05    3.566229E-05    3.566229E-05    3.566229E-05
   3.566229E-05    3.566229E-05    3.566229E-05    3.566229E-05    2.860418E-05    2.860418E-05    2.860418E-05    2.860418E-05    3.566229E-05    3.566229E-05    3.566229E-05    3.566229E-05    3.566229E-05    3.566229E-05    3.566229E-05    3.566229E-05    3.566229E-05    3.566229E-05    3.566229E-05    3.566229E-05
   3.566229E-05    3.566229E-05    3.566229E-05    3.566229E-05    2.860418E-05    2.860418E-05    2.860418E-05    2.860418E-05    3.566229E-05    3.566229E-05    3.566229E-05    3.566229E-05    3.566229E-05    3.566229E-05    3.566229E-05    3.566229E-05    3.566229E-05    3.566229E-05    3.566229E-05    3.566229E-05
   3.566229E-05    3.566229E-05    3.566229E-05    3.566229E-05    2.860418E-05    2.860418E-05    2.860418E-05    2.860418E-05    3.566229E-05    3.566229E-05    3.566229E-05    3.566229E-05    3.566229E-05    3.566229E-05    3.566229E-05    3.566229E-05    3.566229E-05    3.566229E-05    3.566229E-05    3.566229E-05
   3.566229E-05    3.566229E-05    3.566229E-05    3.566229E-05    2.860418E-05    2.860418E-05    2.860418E-05    2.860418E-05    3.566229E-05    3.566229E-05    3.566229E-05    3.566229E-05    3.566229E-05    3.566229E-05    3.566229E-05    3.566229E-05    3.566229E-05    3.566229E-05    3.566229E-05    3.566229E-05
   3.566229E-05    3.566229E-05    3.566229E-05    3.566229E-05    2.860418E-05    2.860418E-05    2.860418E-05    2.860418E-05    3.566229E-05    3.566229E-05    3.566229E-05    3.566229E-05    3.566229E-05    3.566229E-05    3.566229E-05    3.566229E-05    3.566229E-05    3.566229E-05    3.566229E-05    3.566229E-05
   3.566229E-05    3.566229E-05    3.566229E-05    3.566229E-05    2.860418E-05    2.860418E-05    3.566229E-05    3.566229E-05    3.566229E-05    3.566229E-05    3.566229E-05    3.566229E-05    3.566229E-05    3.566229E-05    3.566229E-05    3.566229E-05    3.566229E-05    3.566229E-05    3.566229E-05    3.566229E-05
   3.566229E-05    3.566229E-05    3.566229E-05    3.566229E-05    3.566229E-05    2.860418E-05    3.566229E-05    3.566229E-05    3.566229E-05    3.566229E-05    3.566229E-05    3.566229E-05    3.566229E-05    3.566229E-05    3.566229E-05    3.566229E-05    3.566229E-05    3.566229E-05    3.566229E-05    3.566229E-05
   3.566229E-05    3.566229E-05    3.566229E-05    3.566229E-05    3.566229E-05    3.566229E-05    3.566229E-05    3.566229E-05    3.566229E-05    3.566229E-05    3.566229E-05    3.566229E-05    3.566229E-05    3.566229E-05    3.566229E-05    3.566229E-05    3.566229E-05    3.566229E-05    3.566229E-05    3.566229E-05
   3.566229E-05    3.566229E-05    3.566229E-05    3.566229E-05    3.566229E-05    3.566229E-05    3.566229E-05    3.566229E-05    3.566229E-05    3.566229E-05    3.566229E-05    3.566229E-05    3.566229E-05    3.566229E-05    3.566229E-05    3.566229E-05    3.566229E-05    3.566229E-05    3.566229E-05    3.566229E-05
   3.566229E-05    3.566229E-05    3.566229E-05    3.566229E-05    3.566229E-05    3.566229E-05    3.566229E-05    3.566229E-05    3.566229E-05    3.566229E-05    3.566229E-05    3.566229E-05    3.566229E-05    3.566229E-05    3.566229E-05    3.566229E-05    3.566229E-05    3.566229E-05    3.566229E-05    3.566229E-05
   3.566229E-05    3.566229E-05    3.566229E-05    3.566229E-05    3.566229E-05    3.566229E-05    3.566229E-05    3.566229E-05    3.566229E-05    3.566229E-05    3.566229E-05    3.566229E-05    3.566229E-05    3.566229E-05    3.566229E-05    3.566229E-05    3.566229E-05    3.566229E-05    3.566229E-05    3.566229E-05
   3.566229E-05    3.566229E-05    3.566229E-05    3.566229E-05    3.566229E-05    3.566229E-05    3.566229E-05    3.566229E-05    3.566229E-05    3.566229E-05    3.566229E-05    3.566229E-05    3.566229E-05    3.566229E-05    3.566229E-05    3.566229E-05    3.566229E-05    3.566229E-05    3.566229E-05    3.566229E-05
   3.566229E-05    3.566229E-05    3.566229E-05    3.566229E-05    3.566229E-05    3.566229E-05    3.566229E-05    3.566229E-05    3.566229E-05    3.566229E-05    3.566229E-05    3.566229E-05    3.566229E-05    3.566229E-05    3.566229E-05    3.566229E-05    3.566229E-05    3.566229E-05    3.566229E-05    3.566229E-05
   3.566229E-05    3.566229E-05    3.566229E-05    3.566229E-05    3.566229E-05    3.566229E-05    3.566229E-05    3.566229E-05    3.566229E-05    3.566229E-05    3.566229E-05    3.566229E-05    3.566229E-05    3.566229E-05    3.566229E-05    3.566229E-05    3.566229E-05    3.566229E-05    3.566229E-05    3.566229E-05
   3.566229E-05    3.566229E-05    3.566229E-05    3.566229E-05    3.566229E-05    3.566229E-05    3.566229E-05    3.566229E-05    3.566229E-05    3.566229E-05    3.566229E-05    3.566229E-05    3.566229E-05    3.566229E-05    3.566229E-05    3.566229E-05    3.566229E-05    3.566229E-05    3.566229E-05    3.566229E-05
   3.566229E-05    3.566229E-05    3.566229E-05    3.566229E-05    3.566229E-05    3.566229E-05    3.566229E-05    3.566229E-05    3.566229E-05    3.566229E-05    3.566229E-05    3.566229E-05    3.566229E-05    3.566229E-05    3.566229E-05    3.566229E-05    3.566229E-05    3.566229E-05    3.566229E-05    3.566229E-05
   2.860418E-05    3.566229E-05    3.566229E-05    3.566229E-05    3.566229E-05    3.566229E-05    3.566229E-05    3.566229E-05    3.566229E-05    3.566229E-05    3.566229E-05    3.566229E-05    3.566229E-05    3.566229E-05    3.566229E-05    3.566229E-05    3.566229E-05    3.566229E-05    3.566229E-05    3.566229E-05
   2.860418E-05    2.860418E-05    3.566229E-05    3.566229E-05    3.566229E-05    3.566229E-05    3.566229E-05    3.566229E-05    3.566229E-05    3.566229E-05    3.566229E-05    3.566229E-05    3.566229E-05    3.566229E-05    3.566229E-05    3.566229E-05    3.566229E-05    3.566229E-05    3.566229E-05    3.566229E-05
   2.860418E-05    2.860418E-05    2.860418E-05    3.566229E-05    3.566229E-05    3.566229E-05    3.566229E-05    3.566229E-05    3.566229E-05    3.566229E-05    3.566229E-05    3.566229E-05    3.566229E-05    3.566229E-05    3.566229E-05    3.566229E-05    3.566229E-05    3.566229E-05    3.566229E-05    3.566229E-05
   2.860418E-05    2.860418E-05    2.860418E-05    2.860418E-05    3.566229E-05    3.566229E-05    3.566229E-05    3.566229E-05    3.566229E-05    3.566229E-05    3.566229E-05    3.566229E-05    3.566229E-05    3.566229E-05    3.566229E-05    3.566229E-05    3.566229E-05    3.566229E-05    3.566229E-05    2.860418E-05
   2.860418E-05    2.860418E-05    2.860418E-05    2.860418E-05    3.566229E-05    3.566229E-05    3.566229E-05    3.566229E-05    3.566229E-05    3.566229E-05    3.566229E-05    3.566229E-05    3.566229E-05    3.566229E-05    3.566229E-05    3.566229E-05    3.566229E-05    3.566229E-05    3.566229E-05    2.860418E-05
   2.860418E-05    2.860418E-05    2.860418E-05    2.860418E-05    2.860418E-05    3.566229E-05    3.566229E-05    3.566229E-05    3.566229E-05    3.566229E-05    3.566229E-05    3.566229E-05    3.566229E-05    3.566229E-05    3.566229E-05    3.566229E-05    3.566229E-05    3.566229E-05    2.860418E-05    2.860418E-05
   2.860418E-05    2.860418E-05    2.860418E-05    2.860418E-05    2.860418E-05    3.566229E-05    3.566229E-05    3.566229E-05    3.566229E-05    3.566229E-05    3.566229E-05    3.566229E-05    3.566229E-05    3.566229E-05    3.566229E-05    3.566229E-05    3.566229E-05    2.860418E-05    2.860418E-05    2.860418E-05
   2.860418E-05    2.860418E-05    2.860418E-05    2.860418E-05    2.860418E-05    3.566229E-05    3.566229E-05    3.566229E-05    3.566229E-05    3.566229E-05    3.566229E-05    3.566229E-05    3.566229E-05    3.566229E-05    3.566229E-05    3.566229E-05    2.860418E-05    2.860418E-05    2.860418E-05    2.860418E-05
