   7.112582E-06    7.112582E-06    7.112582E-06    7.112582E-06    7.112582E-06    7.112582E-06    7.112582E-06    7.112582E-06    7.112582E-06    7.112582E-06    7.112582E-06    7.112582E-06    7.112582E-06    7.112582E-06    7.112582E-06    7.112582E-06    7.112582E-06    7.112582E-06    7.112582E-06    7.112582E-06
   7.112582E-06    7.112582E-06    7.112582E-06    7.112582E-06    7.112582E-06    7.112582E-06    7.112582E-06    7.112582E-06    7.112582E-06    7.112582E-06    7.112582E-06    7.112582E-06    7.112582E-06    7.112582E-06    7.112582E-06    7.112582E-06    7.112582E-06    7.112582E-06    7.112582E-06    7.112582E-06
   7.112582E-06    7.112582E-06    7.112582E-06    7.112582E-06    7.112582E-06    7.112582E-06    7.112582E-06    7.112582E-06    7.112582E-06    7.112582E-06    7.112582E-06    7.112582E-06    7.112582E-06    7.112582E-06    7.112582E-06    7.112582E-06    7.112582E-06    7.112582E-06    7.112582E-06    7.112582E-06
   7.112582E-06    7.112582E-06    7.112582E-06    7.112582E-06    7.112582E-06    7.112582E-06    7.112582E-06    7.112582E-06    7.112582E-06    7.112582E-06    7.112582E-06    7.112582E-06    7.112582E-06    7.112582E-06    7.112582E-06    7.112582E-06    7.112582E-06    7.112582E-06    7.112582E-06    7.112582E-06
   7.112582E-06    7.112582E-06    7.112582E-06    7.112582E-06    7.112582E-06    7.112582E-06    7.112582E-06    7.112582E-06    7.112582E-06    7.112582E-06    7.112582E-06    7.112582E-06    7.112582E-06    7.112582E-06    7.112582E-06    7.112582E-06    7.112582E-06    7.112582E-06    7.112582E-06    7.112582E-06
   7.112582E-06    7.112582E-06    7.112582E-06    7.112582E-06    7.112582E-06    7.112582E-06    7.112582E-06    7.112582E-06    7.112582E-06    7.112582E-06    7.112582E-06    7.112582E-06    7.112582E-06    7.112582E-06    7.112582E-06    7.112582E-06    7.112582E-06    7.112582E-06    7.112582E-06    7.112582E-06
   7.112582E-06    7.112582E-06    7.112582E-06    7.112582E-06    7.112582E-06    7.112582E-06    7.112582E-06    7.112582E-06    7.112582E-06    7.112582E-06    7.112582E-06    7.112582E-06    7.112582E-06    7.112582E-06    7.112582E-06    7.112582E-06    7.112582E-06    7.112582E-06    7.112582E-06    7.112582E-06
   7.112582E-06    7.112582E-06    7.112582E-06    7.112582E-06    7.112582E-06    7.112582E-06    7.112582E-06    7.112582E-06    7.112582E-06    7.112582E-06    7.112582E-06    7.112582E-06    7.112582E-06    7.112582E-06    7.112582E-06    7.112582E-06    7.112582E-06    7.112582E-06    7.112582E-06    7.112582E-06
   7.112582E-06    7.112582E-06    7.112582E-06    7.112582E-06    5.965886E-06    5.965886E-06    5.965886E-06    7.112582E-06    7.112582E-06    7.112582E-06    7.112582E-06    7.112582E-06    7.112582E-06    7.112582E-06    7.112582E-06    7.112582E-06    7.112582E-06    7.112582E-06    7.112582E-06    7.112582E-06
   7.112582E-06    7.112582E-06    7.112582E-06    7.112582E-06    5.965886E-06    5.965886E-06    5.965886E-06    5.965886E-06    7.112582E-06    7.112582E-06    7.112582E-06    7.112582E-06    7.112582E-06    7.112582E-06    7.112582E-06    7.112582E-06    7.112582E-06    7.112582E-06    7.112582E-06    7.112582E-06
   7.112582E-06    7.112582E-06    7.112582E-06    7.112582E-06    5.965886E-06    5.965886E-06    5.965886E-06    5.965886E-06    7.112582E-06    7.112582E-06    7.112582E-06    7.112582E-06    7.112582E-06    7.112582E-06    7.112582E-06    7.112582E-06    7.112582E-06    7.112582E-06    7.112582E-06    7.112582E-06
   7.112582E-06    7.112582E-06    7.112582E-06    7.112582E-06    5.965886E-06    5.965886E-06    5.965886E-06    5.965886E-06    7.112582E-06    7.112582E-06    7.112582E-06    7.112582E-06    7.112582E-06    7.112582E-06    7.112582E-06    7.112582E-06    7.112582E-06    7.112582E-06    7.112582E-06    7.112582E-06
   7.112582E-06    7.112582E-06    7.112582E-06    7.112582E-06    5.965886E-06    5.965886E-06    5.965886E-06    5.965886E-06    7.112582E-06    7.112582E-06    7.112582E-06    7.112582E-06    7.112582E-06    7.112582E-06    7.112582E-06    7.112582E-06    7.112582E-06    7.112582E-06    7.112582E-06    7.112582E-06
   7.112582E-06    7.112582E-06    7.112582E-06    7.112582E-06    5.965886E-06    5.965886E-06    5.965886E-06    5.965886E-06    7.112582E-06    7.112582E-06    7.112582E-06    7.112582E-06    7.112582E-06    7.112582E-06    7.112582E-06    7.112582E-06    7.112582E-06    7.112582E-06    7.112582E-06    7.112582E-06
   7.112582E-06    7.112582E-06    7.112582E-06    7.112582E-06    5.965886E-06    5.965886E-06    5.965886E-06    5.965886E-06    7.112582E-06    7.112582E-06    7.112582E-06    7.112582E-06    7.112582E-06    7.112582E-06    7.112582E-06    7.112582E-06    7.112582E-06    7.112582E-06    7.112582E-06    7.112582E-06
   7.112582E-06    7.112582E-06    7.112582E-06    7.112582E-06    5.965886E-06    5.965886E-06    5.965886E-06    5.965886E-06    7.112582E-06    7.112582E-06    7.112582E-06    7.112582E-06    7.112582E-06    7.112582E-06    7.112582E-06    7.112582E-06    7.112582E-06    7.112582E-06    7.112582E-06    7.112582E-06
   7.112582E-06    7.112582E-06    7.112582E-06    7.112582E-06    5.965886E-06    5.965886E-06    5.965886E-06    5.965886E-06    7.112582E-06    7.112582E-06    7.112582E-06    7.112582E-06    7.112582E-06    7.112582E-06    7.112582E-06    7.112582E-06    7.112582E-06    7.112582E-06    7.112582E-06    7.112582E-06
   7.112582E-06    7.112582E-06    7.112582E-06    7.112582E-06    5.965886E-06    5.965886E-06    5.965886E-06    5.965886E-06    7.112582E-06    7.112582E-06    7.112582E-06    7.112582E-06    7.112582E-06    7.112582E-06    7.112582E-06    7.112582E-06    7.112582E-06    7.112582E-06    7.112582E-06    7.112582E-06
   7.112582E-06    7.112582E-06    7.112582E-06    7.112582E-06    5.965886E-06    5.965886E-06    5.965886E-06    5.965886E-06    7.112582E-06    7.112582E-06    7.112582E-06    7.112582E-06    7.112582E-06    7.112582E-06    7.112582E-06    7.112582E-06    7.112582E-06    7.112582E-06    7.112582E-06    7.112582E-06
   7.112582E-06    7.112582E-06    7.112582E-06    7.112582E-06    5.965886E-06    5.965886E-06    5.965886E-06    5.965886E-06    7.112582E-06    7.112582E-06    7.112582E-06    7.112582E-06    7.112582E-06    7.112582E-06    7.112582E-06    7.112582E-06    7.112582E-06    7.112582E-06    7.112582E-06    7.112582E-06
   7.112582E-06    7.112582E-06    7.112582E-06    7.112582E-06    5.965886E-06    5.965886E-06    5.965886E-06    5.965886E-06    7.112582E-06    7.112582E-06    7.112582E-06    7.112582E-06    7.112582E-06    7.112582E-06    7.112582E-06    7.112582E-06    7.112582E-06    7.112582E-06    7.112582E-06    7.112582E-06
   7.112582E-06    7.112582E-06    7.112582E-06    7.112582E-06    5.965886E-06    5.965886E-06    7.112582E-06    7.112582E-06    7.112582E-06    7.112582E-06    7.112582E-06    7.112582E-06    7.112582E-06    7.112582E-06    7.112582E-06    7.112582E-06    7.112582E-06    7.112582E-06    7.112582E-06    7.112582E-06
   7.112582E-06    7.112582E-06    7.112582E-06    7.112582E-06    7.112582E-06    5.965886E-06    7.112582E-06    7.112582E-06    7.112582E-06    7.112582E-06    7.112582E-06    7.112582E-06    7.112582E-06    7.112582E-06    7.112582E-06    7.112582E-06    7.112582E-06    7.112582E-06    7.112582E-06    7.112582E-06
   7.112582E-06    7.112582E-06    7.112582E-06    7.112582E-06    7.112582E-06    7.112582E-06    7.112582E-06    7.112582E-06    7.112582E-06    7.112582E-06    7.112582E-06    7.112582E-06    7.112582E-06    7.112582E-06    7.112582E-06    7.112582E-06    7.112582E-06    7.112582E-06    7.112582E-06    7.112582E-06
   7.112582E-06    7.112582E-06    7.112582E-06    7.112582E-06    7.112582E-06    7.112582E-06    7.112582E-06    7.112582E-06    7.112582E-06    7.112582E-06    7.112582E-06    7.112582E-06    7.112582E-06    7.112582E-06    7.112582E-06    7.112582E-06    7.112582E-06    7.112582E-06    7.112582E-06    7.112582E-06
   7.112582E-06    7.112582E-06    7.112582E-06    7.112582E-06    7.112582E-06    7.112582E-06    7.112582E-06    7.112582E-06    7.112582E-06    7.112582E-06    7.112582E-06    7.112582E-06    7.112582E-06    7.112582E-06    7.112582E-06    7.112582E-06    7.112582E-06    7.112582E-06    7.112582E-06    7.112582E-06
   7.112582E-06    7.112582E-06    7.112582E-06    7.112582E-06    7.112582E-06    7.112582E-06    7.112582E-06    7.112582E-06    7.112582E-06    7.112582E-06    7.112582E-06    7.112582E-06    7.112582E-06    7.112582E-06    7.112582E-06    7.112582E-06    7.112582E-06    7.112582E-06    7.112582E-06    7.112582E-06
   7.112582E-06    7.112582E-06    7.112582E-06    7.112582E-06    7.112582E-06    7.112582E-06    7.112582E-06    7.112582E-06    7.112582E-06    7.112582E-06    7.112582E-06    7.112582E-06    7.112582E-06    7.112582E-06    7.112582E-06    7.112582E-06    7.112582E-06    7.112582E-06    7.112582E-06    7.112582E-06
   7.112582E-06    7.112582E-06    7.112582E-06    7.112582E-06    7.112582E-06    7.112582E-06    7.112582E-06    7.112582E-06    7.112582E-06    7.112582E-06    7.112582E-06    7.112582E-06    7.112582E-06    7.112582E-06    7.112582E-06    7.112582E-06    7.112582E-06    7.112582E-06    7.112582E-06    7.112582E-06
   7.112582E-06    7.112582E-06    7.112582E-06    7.112582E-06    7.112582E-06    7.112582E-06    7.112582E-06    7.112582E-06    7.112582E-06    7.112582E-06    7.112582E-06    7.112582E-06    7.112582E-06    7.112582E-06    7.112582E-06    7.112582E-06    7.112582E-06    7.112582E-06    7.112582E-06    7.112582E-06
   7.112582E-06    7.112582E-06    7.112582E-06    7.112582E-06    7.112582E-06    7.112582E-06    7.112582E-06    7.112582E-06    7.112582E-06    7.112582E-06    7.112582E-06    7.112582E-06    7.112582E-06    7.112582E-06    7.112582E-06    7.112582E-06    7.112582E-06    7.112582E-06    7.112582E-06    7.112582E-06
   7.112582E-06    7.112582E-06    7.112582E-06    7.112582E-06    7.112582E-06    7.112582E-06    7.112582E-06    7.112582E-06    7.112582E-06    7.112582E-06    7.112582E-06    7.112582E-06    7.112582E-06    7.112582E-06    7.112582E-06    7.112582E-06    7.112582E-06    7.112582E-06    7.112582E-06    7.112582E-06
   5.965886E-06    7.112582E-06    7.112582E-06    7.112582E-06    7.112582E-06    7.112582E-06    7.112582E-06    7.112582E-06    7.112582E-06    7.112582E-06    7.112582E-06    7.112582E-06    7.112582E-06    7.112582E-06    7.112582E-06    7.112582E-06    7.112582E-06    7.112582E-06    7.112582E-06    7.112582E-06
   5.965886E-06    5.965886E-06    7.112582E-06    7.112582E-06    7.112582E-06    7.112582E-06    7.112582E-06    7.112582E-06    7.112582E-06    7.112582E-06    7.112582E-06    7.112582E-06    7.112582E-06    7.112582E-06    7.112582E-06    7.112582E-06    7.112582E-06    7.112582E-06    7.112582E-06    7.112582E-06
   5.965886E-06    5.965886E-06    5.965886E-06    7.112582E-06    7.112582E-06    7.112582E-06    7.112582E-06    7.112582E-06    7.112582E-06    7.112582E-06    7.112582E-06    7.112582E-06    7.112582E-06    7.112582E-06    7.112582E-06    7.112582E-06    7.112582E-06    7.112582E-06    7.112582E-06    7.112582E-06
   5.965886E-06    5.965886E-06    5.965886E-06    5.965886E-06    7.112582E-06    7.112582E-06    7.112582E-06    7.112582E-06    7.112582E-06    7.112582E-06    7.112582E-06    7.112582E-06    7.112582E-06    7.112582E-06    7.112582E-06    7.112582E-06    7.112582E-06    7.112582E-06    7.112582E-06    5.965886E-06
   5.965886E-06    5.965886E-06    5.965886E-06    5.965886E-06    7.112582E-06    7.112582E-06    7.112582E-06    7.112582E-06    7.112582E-06    7.112582E-06    7.112582E-06    7.112582E-06    7.112582E-06    7.112582E-06    7.112582E-06    7.112582E-06    7.112582E-06    7.112582E-06    7.112582E-06    5.965886E-06
   5.965886E-06    5.965886E-06    5.965886E-06    5.965886E-06    5.965886E-06    7.112582E-06    7.112582E-06    7.112582E-06    7.112582E-06    7.112582E-06    7.112582E-06    7.112582E-06    7.112582E-06    7.112582E-06    7.112582E-06    7.112582E-06    7.112582E-06    7.112582E-06    5.965886E-06    5.965886E-06
   5.965886E-06    5.965886E-06    5.965886E-06    5.965886E-06    5.965886E-06    7.112582E-06    7.112582E-06    7.112582E-06    7.112582E-06    7.112582E-06    7.112582E-06    7.112582E-06    7.112582E-06    7.112582E-06    7.112582E-06    7.112582E-06    7.112582E-06    5.965886E-06    5.965886E-06    5.965886E-06
   5.965886E-06    5.965886E-06    5.965886E-06    5.965886E-06    5.965886E-06    7.112582E-06    7.112582E-06    7.112582E-06    7.112582E-06    7.112582E-06    7.112582E-06    7.112582E-06    7.112582E-06    7.112582E-06    7.112582E-06    7.112582E-06    5.965886E-06    5.965886E-06    5.965886E-06    5.965886E-06
