   2.146035E-05    2.146035E-05    2.146035E-05    2.146035E-05    2.146035E-05    2.146035E-05    2.146035E-05    2.146035E-05    2.146035E-05    2.146035E-05    2.146035E-05    2.146035E-05    2.146035E-05    2.146035E-05    2.146035E-05    2.146035E-05    2.146035E-05    2.146035E-05    2.146035E-05    2.146035E-05
   2.146035E-05    2.146035E-05    2.146035E-05    2.146035E-05    2.146035E-05    2.146035E-05    2.146035E-05    2.146035E-05    2.146035E-05    2.146035E-05    2.146035E-05    2.146035E-05    2.146035E-05    2.146035E-05    2.146035E-05    2.146035E-05    2.146035E-05    2.146035E-05    2.146035E-05    2.146035E-05
   2.146035E-05    2.146035E-05    2.146035E-05    2.146035E-05    2.146035E-05    2.146035E-05    2.146035E-05    2.146035E-05    2.146035E-05    2.146035E-05    2.146035E-05    2.146035E-05    2.146035E-05    2.146035E-05    2.146035E-05    2.146035E-05    2.146035E-05    2.146035E-05    2.146035E-05    2.146035E-05
   2.146035E-05    2.146035E-05    2.146035E-05    2.146035E-05    2.146035E-05    2.146035E-05    2.146035E-05    2.146035E-05    2.146035E-05    2.146035E-05    2.146035E-05    2.146035E-05    2.146035E-05    2.146035E-05    2.146035E-05    2.146035E-05    2.146035E-05    2.146035E-05    2.146035E-05    2.146035E-05
   2.146035E-05    2.146035E-05    2.146035E-05    2.146035E-05    2.146035E-05    2.146035E-05    2.146035E-05    2.146035E-05    2.146035E-05    2.146035E-05    2.146035E-05    2.146035E-05    2.146035E-05    2.146035E-05    2.146035E-05    2.146035E-05    2.146035E-05    2.146035E-05    2.146035E-05    2.146035E-05
   2.146035E-05    2.146035E-05    2.146035E-05    2.146035E-05    2.146035E-05    2.146035E-05    2.146035E-05    2.146035E-05    2.146035E-05    2.146035E-05    2.146035E-05    2.146035E-05    2.146035E-05    2.146035E-05    2.146035E-05    2.146035E-05    2.146035E-05    2.146035E-05    2.146035E-05    2.146035E-05
   2.146035E-05    2.146035E-05    2.146035E-05    2.146035E-05    2.146035E-05    2.146035E-05    2.146035E-05    2.146035E-05    2.146035E-05    2.146035E-05    2.146035E-05    2.146035E-05    2.146035E-05    2.146035E-05    2.146035E-05    2.146035E-05    2.146035E-05    2.146035E-05    2.146035E-05    2.146035E-05
   2.146035E-05    2.146035E-05    2.146035E-05    2.146035E-05    2.146035E-05    2.146035E-05    2.146035E-05    2.146035E-05    2.146035E-05    2.146035E-05    2.146035E-05    2.146035E-05    2.146035E-05    2.146035E-05    2.146035E-05    2.146035E-05    2.146035E-05    2.146035E-05    2.146035E-05    2.146035E-05
   2.146035E-05    2.146035E-05    2.146035E-05    2.146035E-05    2.200625E-05    2.200625E-05    2.200625E-05    2.146035E-05    2.146035E-05    2.146035E-05    2.146035E-05    2.146035E-05    2.146035E-05    2.146035E-05    2.146035E-05    2.146035E-05    2.146035E-05    2.146035E-05    2.146035E-05    2.146035E-05
   2.146035E-05    2.146035E-05    2.146035E-05    2.146035E-05    2.200625E-05    2.200625E-05    2.200625E-05    2.200625E-05    2.146035E-05    2.146035E-05    2.146035E-05    2.146035E-05    2.146035E-05    2.146035E-05    2.146035E-05    2.146035E-05    2.146035E-05    2.146035E-05    2.146035E-05    2.146035E-05
   2.146035E-05    2.146035E-05    2.146035E-05    2.146035E-05    2.200625E-05    2.200625E-05    2.200625E-05    2.200625E-05    2.146035E-05    2.146035E-05    2.146035E-05    2.146035E-05    2.146035E-05    2.146035E-05    2.146035E-05    2.146035E-05    2.146035E-05    2.146035E-05    2.146035E-05    2.146035E-05
   2.146035E-05    2.146035E-05    2.146035E-05    2.146035E-05    2.200625E-05    2.200625E-05    2.200625E-05    2.200625E-05    2.146035E-05    2.146035E-05    2.146035E-05    2.146035E-05    2.146035E-05    2.146035E-05    2.146035E-05    2.146035E-05    2.146035E-05    2.146035E-05    2.146035E-05    2.146035E-05
   2.146035E-05    2.146035E-05    2.146035E-05    2.146035E-05    2.200625E-05    2.200625E-05    2.200625E-05    2.200625E-05    2.146035E-05    2.146035E-05    2.146035E-05    2.146035E-05    2.146035E-05    2.146035E-05    2.146035E-05    2.146035E-05    2.146035E-05    2.146035E-05    2.146035E-05    2.146035E-05
   2.146035E-05    2.146035E-05    2.146035E-05    2.146035E-05    2.200625E-05    2.200625E-05    2.200625E-05    2.200625E-05    2.146035E-05    2.146035E-05    2.146035E-05    2.146035E-05    2.146035E-05    2.146035E-05    2.146035E-05    2.146035E-05    2.146035E-05    2.146035E-05    2.146035E-05    2.146035E-05
   2.146035E-05    2.146035E-05    2.146035E-05    2.146035E-05    2.200625E-05    2.200625E-05    2.200625E-05    2.200625E-05    2.146035E-05    2.146035E-05    2.146035E-05    2.146035E-05    2.146035E-05    2.146035E-05    2.146035E-05    2.146035E-05    2.146035E-05    2.146035E-05    2.146035E-05    2.146035E-05
   2.146035E-05    2.146035E-05    2.146035E-05    2.146035E-05    2.200625E-05    2.200625E-05    2.200625E-05    2.200625E-05    2.146035E-05    2.146035E-05    2.146035E-05    2.146035E-05    2.146035E-05    2.146035E-05    2.146035E-05    2.146035E-05    2.146035E-05    2.146035E-05    2.146035E-05    2.146035E-05
   2.146035E-05    2.146035E-05    2.146035E-05    2.146035E-05    2.200625E-05    2.200625E-05    2.200625E-05    2.200625E-05    2.146035E-05    2.146035E-05    2.146035E-05    2.146035E-05    2.146035E-05    2.146035E-05    2.146035E-05    2.146035E-05    2.146035E-05    2.146035E-05    2.146035E-05    2.146035E-05
   2.146035E-05    2.146035E-05    2.146035E-05    2.146035E-05    2.200625E-05    2.200625E-05    2.200625E-05    2.200625E-05    2.146035E-05    2.146035E-05    2.146035E-05    2.146035E-05    2.146035E-05    2.146035E-05    2.146035E-05    2.146035E-05    2.146035E-05    2.146035E-05    2.146035E-05    2.146035E-05
   2.146035E-05    2.146035E-05    2.146035E-05    2.146035E-05    2.200625E-05    2.200625E-05    2.200625E-05    2.200625E-05    2.146035E-05    2.146035E-05    2.146035E-05    2.146035E-05    2.146035E-05    2.146035E-05    2.146035E-05    2.146035E-05    2.146035E-05    2.146035E-05    2.146035E-05    2.146035E-05
   2.146035E-05    2.146035E-05    2.146035E-05    2.146035E-05    2.200625E-05    2.200625E-05    2.200625E-05    2.200625E-05    2.146035E-05    2.146035E-05    2.146035E-05    2.146035E-05    2.146035E-05    2.146035E-05    2.146035E-05    2.146035E-05    2.146035E-05    2.146035E-05    2.146035E-05    2.146035E-05
   2.146035E-05    2.146035E-05    2.146035E-05    2.146035E-05    2.200625E-05    2.200625E-05    2.200625E-05    2.200625E-05    2.146035E-05    2.146035E-05    2.146035E-05    2.146035E-05    2.146035E-05    2.146035E-05    2.146035E-05    2.146035E-05    2.146035E-05    2.146035E-05    2.146035E-05    2.146035E-05
   2.146035E-05    2.146035E-05    2.146035E-05    2.146035E-05    2.200625E-05    2.200625E-05    2.146035E-05    2.146035E-05    2.146035E-05    2.146035E-05    2.146035E-05    2.146035E-05    2.146035E-05    2.146035E-05    2.146035E-05    2.146035E-05    2.146035E-05    2.146035E-05    2.146035E-05    2.146035E-05
   2.146035E-05    2.146035E-05    2.146035E-05    2.146035E-05    2.146035E-05    2.200625E-05    2.146035E-05    2.146035E-05    2.146035E-05    2.146035E-05    2.146035E-05    2.146035E-05    2.146035E-05    2.146035E-05    2.146035E-05    2.146035E-05    2.146035E-05    2.146035E-05    2.146035E-05    2.146035E-05
   2.146035E-05    2.146035E-05    2.146035E-05    2.146035E-05    2.146035E-05    2.146035E-05    2.146035E-05    2.146035E-05    2.146035E-05    2.146035E-05    2.146035E-05    2.146035E-05    2.146035E-05    2.146035E-05    2.146035E-05    2.146035E-05    2.146035E-05    2.146035E-05    2.146035E-05    2.146035E-05
   2.146035E-05    2.146035E-05    2.146035E-05    2.146035E-05    2.146035E-05    2.146035E-05    2.146035E-05    2.146035E-05    2.146035E-05    2.146035E-05    2.146035E-05    2.146035E-05    2.146035E-05    2.146035E-05    2.146035E-05    2.146035E-05    2.146035E-05    2.146035E-05    2.146035E-05    2.146035E-05
   2.146035E-05    2.146035E-05    2.146035E-05    2.146035E-05    2.146035E-05    2.146035E-05    2.146035E-05    2.146035E-05    2.146035E-05    2.146035E-05    2.146035E-05    2.146035E-05    2.146035E-05    2.146035E-05    2.146035E-05    2.146035E-05    2.146035E-05    2.146035E-05    2.146035E-05    2.146035E-05
   2.146035E-05    2.146035E-05    2.146035E-05    2.146035E-05    2.146035E-05    2.146035E-05    2.146035E-05    2.146035E-05    2.146035E-05    2.146035E-05    2.146035E-05    2.146035E-05    2.146035E-05    2.146035E-05    2.146035E-05    2.146035E-05    2.146035E-05    2.146035E-05    2.146035E-05    2.146035E-05
   2.146035E-05    2.146035E-05    2.146035E-05    2.146035E-05    2.146035E-05    2.146035E-05    2.146035E-05    2.146035E-05    2.146035E-05    2.146035E-05    2.146035E-05    2.146035E-05    2.146035E-05    2.146035E-05    2.146035E-05    2.146035E-05    2.146035E-05    2.146035E-05    2.146035E-05    2.146035E-05
   2.146035E-05    2.146035E-05    2.146035E-05    2.146035E-05    2.146035E-05    2.146035E-05    2.146035E-05    2.146035E-05    2.146035E-05    2.146035E-05    2.146035E-05    2.146035E-05    2.146035E-05    2.146035E-05    2.146035E-05    2.146035E-05    2.146035E-05    2.146035E-05    2.146035E-05    2.146035E-05
   2.146035E-05    2.146035E-05    2.146035E-05    2.146035E-05    2.146035E-05    2.146035E-05    2.146035E-05    2.146035E-05    2.146035E-05    2.146035E-05    2.146035E-05    2.146035E-05    2.146035E-05    2.146035E-05    2.146035E-05    2.146035E-05    2.146035E-05    2.146035E-05    2.146035E-05    2.146035E-05
   2.146035E-05    2.146035E-05    2.146035E-05    2.146035E-05    2.146035E-05    2.146035E-05    2.146035E-05    2.146035E-05    2.146035E-05    2.146035E-05    2.146035E-05    2.146035E-05    2.146035E-05    2.146035E-05    2.146035E-05    2.146035E-05    2.146035E-05    2.146035E-05    2.146035E-05    2.146035E-05
   2.146035E-05    2.146035E-05    2.146035E-05    2.146035E-05    2.146035E-05    2.146035E-05    2.146035E-05    2.146035E-05    2.146035E-05    2.146035E-05    2.146035E-05    2.146035E-05    2.146035E-05    2.146035E-05    2.146035E-05    2.146035E-05    2.146035E-05    2.146035E-05    2.146035E-05    2.146035E-05
   2.200625E-05    2.146035E-05    2.146035E-05    2.146035E-05    2.146035E-05    2.146035E-05    2.146035E-05    2.146035E-05    2.146035E-05    2.146035E-05    2.146035E-05    2.146035E-05    2.146035E-05    2.146035E-05    2.146035E-05    2.146035E-05    2.146035E-05    2.146035E-05    2.146035E-05    2.146035E-05
   2.200625E-05    2.200625E-05    2.146035E-05    2.146035E-05    2.146035E-05    2.146035E-05    2.146035E-05    2.146035E-05    2.146035E-05    2.146035E-05    2.146035E-05    2.146035E-05    2.146035E-05    2.146035E-05    2.146035E-05    2.146035E-05    2.146035E-05    2.146035E-05    2.146035E-05    2.146035E-05
   2.200625E-05    2.200625E-05    2.200625E-05    2.146035E-05    2.146035E-05    2.146035E-05    2.146035E-05    2.146035E-05    2.146035E-05    2.146035E-05    2.146035E-05    2.146035E-05    2.146035E-05    2.146035E-05    2.146035E-05    2.146035E-05    2.146035E-05    2.146035E-05    2.146035E-05    2.146035E-05
   2.200625E-05    2.200625E-05    2.200625E-05    2.200625E-05    2.146035E-05    2.146035E-05    2.146035E-05    2.146035E-05    2.146035E-05    2.146035E-05    2.146035E-05    2.146035E-05    2.146035E-05    2.146035E-05    2.146035E-05    2.146035E-05    2.146035E-05    2.146035E-05    2.146035E-05    2.200625E-05
   2.200625E-05    2.200625E-05    2.200625E-05    2.200625E-05    2.146035E-05    2.146035E-05    2.146035E-05    2.146035E-05    2.146035E-05    2.146035E-05    2.146035E-05    2.146035E-05    2.146035E-05    2.146035E-05    2.146035E-05    2.146035E-05    2.146035E-05    2.146035E-05    2.146035E-05    2.200625E-05
   2.200625E-05    2.200625E-05    2.200625E-05    2.200625E-05    2.200625E-05    2.146035E-05    2.146035E-05    2.146035E-05    2.146035E-05    2.146035E-05    2.146035E-05    2.146035E-05    2.146035E-05    2.146035E-05    2.146035E-05    2.146035E-05    2.146035E-05    2.146035E-05    2.200625E-05    2.200625E-05
   2.200625E-05    2.200625E-05    2.200625E-05    2.200625E-05    2.200625E-05    2.146035E-05    2.146035E-05    2.146035E-05    2.146035E-05    2.146035E-05    2.146035E-05    2.146035E-05    2.146035E-05    2.146035E-05    2.146035E-05    2.146035E-05    2.146035E-05    2.200625E-05    2.200625E-05    2.200625E-05
   2.200625E-05    2.200625E-05    2.200625E-05    2.200625E-05    2.200625E-05    2.146035E-05    2.146035E-05    2.146035E-05    2.146035E-05    2.146035E-05    2.146035E-05    2.146035E-05    2.146035E-05    2.146035E-05    2.146035E-05    2.146035E-05    2.200625E-05    2.200625E-05    2.200625E-05    2.200625E-05
