   2.402208E-05    2.402208E-05    2.402208E-05    2.402208E-05    2.402208E-05    2.402208E-05    2.402208E-05    2.402208E-05    2.402208E-05    2.402208E-05    2.402208E-05    2.402208E-05    2.402208E-05    2.402208E-05    2.402208E-05    2.402208E-05    2.402208E-05    2.402208E-05    2.402208E-05    2.402208E-05
   2.402208E-05    2.402208E-05    2.402208E-05    2.402208E-05    2.402208E-05    2.402208E-05    2.402208E-05    2.402208E-05    2.402208E-05    2.402208E-05    2.402208E-05    2.402208E-05    2.402208E-05    2.402208E-05    2.402208E-05    2.402208E-05    2.402208E-05    2.402208E-05    2.402208E-05    2.402208E-05
   2.402208E-05    2.402208E-05    2.402208E-05    2.402208E-05    2.402208E-05    2.402208E-05    2.402208E-05    2.402208E-05    2.402208E-05    2.402208E-05    2.402208E-05    2.402208E-05    2.402208E-05    2.402208E-05    2.402208E-05    2.402208E-05    2.402208E-05    2.402208E-05    2.402208E-05    2.402208E-05
   2.402208E-05    2.402208E-05    2.402208E-05    2.402208E-05    2.402208E-05    2.402208E-05    2.402208E-05    2.402208E-05    2.402208E-05    2.402208E-05    2.402208E-05    2.402208E-05    2.402208E-05    2.402208E-05    2.402208E-05    2.402208E-05    2.402208E-05    2.402208E-05    2.402208E-05    2.402208E-05
   2.402208E-05    2.402208E-05    2.402208E-05    2.402208E-05    2.402208E-05    2.402208E-05    2.402208E-05    2.402208E-05    2.402208E-05    2.402208E-05    2.402208E-05    2.402208E-05    2.402208E-05    2.402208E-05    2.402208E-05    2.402208E-05    2.402208E-05    2.402208E-05    2.402208E-05    2.402208E-05
   2.402208E-05    2.402208E-05    2.402208E-05    2.402208E-05    2.402208E-05    2.402208E-05    2.402208E-05    2.402208E-05    2.402208E-05    2.402208E-05    2.402208E-05    2.402208E-05    2.402208E-05    2.402208E-05    2.402208E-05    2.402208E-05    2.402208E-05    2.402208E-05    2.402208E-05    2.402208E-05
   2.402208E-05    2.402208E-05    2.402208E-05    2.402208E-05    2.402208E-05    2.402208E-05    2.402208E-05    2.402208E-05    2.402208E-05    2.402208E-05    2.402208E-05    2.402208E-05    2.402208E-05    2.402208E-05    2.402208E-05    2.402208E-05    2.402208E-05    2.402208E-05    2.402208E-05    2.402208E-05
   2.402208E-05    2.402208E-05    2.402208E-05    2.402208E-05    2.402208E-05    2.402208E-05    2.402208E-05    2.402208E-05    2.402208E-05    2.402208E-05    2.402208E-05    2.402208E-05    2.402208E-05    2.402208E-05    2.402208E-05    2.402208E-05    2.402208E-05    2.402208E-05    2.402208E-05    2.402208E-05
   2.402208E-05    2.402208E-05    2.402208E-05    2.402208E-05    2.240923E-05    2.240923E-05    2.240923E-05    2.402208E-05    2.402208E-05    2.402208E-05    2.402208E-05    2.402208E-05    2.402208E-05    2.402208E-05    2.402208E-05    2.402208E-05    2.402208E-05    2.402208E-05    2.402208E-05    2.402208E-05
   2.402208E-05    2.402208E-05    2.402208E-05    2.402208E-05    2.240923E-05    2.240923E-05    2.240923E-05    2.240923E-05    2.402208E-05    2.402208E-05    2.402208E-05    2.402208E-05    2.402208E-05    2.402208E-05    2.402208E-05    2.402208E-05    2.402208E-05    2.402208E-05    2.402208E-05    2.402208E-05
   2.402208E-05    2.402208E-05    2.402208E-05    2.402208E-05    2.240923E-05    2.240923E-05    2.240923E-05    2.240923E-05    2.402208E-05    2.402208E-05    2.402208E-05    2.402208E-05    2.402208E-05    2.402208E-05    2.402208E-05    2.402208E-05    2.402208E-05    2.402208E-05    2.402208E-05    2.402208E-05
   2.402208E-05    2.402208E-05    2.402208E-05    2.402208E-05    2.240923E-05    2.240923E-05    2.240923E-05    2.240923E-05    2.402208E-05    2.402208E-05    2.402208E-05    2.402208E-05    2.402208E-05    2.402208E-05    2.402208E-05    2.402208E-05    2.402208E-05    2.402208E-05    2.402208E-05    2.402208E-05
   2.402208E-05    2.402208E-05    2.402208E-05    2.402208E-05    2.240923E-05    2.240923E-05    2.240923E-05    2.240923E-05    2.402208E-05    2.402208E-05    2.402208E-05    2.402208E-05    2.402208E-05    2.402208E-05    2.402208E-05    2.402208E-05    2.402208E-05    2.402208E-05    2.402208E-05    2.402208E-05
   2.402208E-05    2.402208E-05    2.402208E-05    2.402208E-05    2.240923E-05    2.240923E-05    2.240923E-05    2.240923E-05    2.402208E-05    2.402208E-05    2.402208E-05    2.402208E-05    2.402208E-05    2.402208E-05    2.402208E-05    2.402208E-05    2.402208E-05    2.402208E-05    2.402208E-05    2.402208E-05
   2.402208E-05    2.402208E-05    2.402208E-05    2.402208E-05    2.240923E-05    2.240923E-05    2.240923E-05    2.240923E-05    2.402208E-05    2.402208E-05    2.402208E-05    2.402208E-05    2.402208E-05    2.402208E-05    2.402208E-05    2.402208E-05    2.402208E-05    2.402208E-05    2.402208E-05    2.402208E-05
   2.402208E-05    2.402208E-05    2.402208E-05    2.402208E-05    2.240923E-05    2.240923E-05    2.240923E-05    2.240923E-05    2.402208E-05    2.402208E-05    2.402208E-05    2.402208E-05    2.402208E-05    2.402208E-05    2.402208E-05    2.402208E-05    2.402208E-05    2.402208E-05    2.402208E-05    2.402208E-05
   2.402208E-05    2.402208E-05    2.402208E-05    2.402208E-05    2.240923E-05    2.240923E-05    2.240923E-05    2.240923E-05    2.402208E-05    2.402208E-05    2.402208E-05    2.402208E-05    2.402208E-05    2.402208E-05    2.402208E-05    2.402208E-05    2.402208E-05    2.402208E-05    2.402208E-05    2.402208E-05
   2.402208E-05    2.402208E-05    2.402208E-05    2.402208E-05    2.240923E-05    2.240923E-05    2.240923E-05    2.240923E-05    2.402208E-05    2.402208E-05    2.402208E-05    2.402208E-05    2.402208E-05    2.402208E-05    2.402208E-05    2.402208E-05    2.402208E-05    2.402208E-05    2.402208E-05    2.402208E-05
   2.402208E-05    2.402208E-05    2.402208E-05    2.402208E-05    2.240923E-05    2.240923E-05    2.240923E-05    2.240923E-05    2.402208E-05    2.402208E-05    2.402208E-05    2.402208E-05    2.402208E-05    2.402208E-05    2.402208E-05    2.402208E-05    2.402208E-05    2.402208E-05    2.402208E-05    2.402208E-05
   2.402208E-05    2.402208E-05    2.402208E-05    2.402208E-05    2.240923E-05    2.240923E-05    2.240923E-05    2.240923E-05    2.402208E-05    2.402208E-05    2.402208E-05    2.402208E-05    2.402208E-05    2.402208E-05    2.402208E-05    2.402208E-05    2.402208E-05    2.402208E-05    2.402208E-05    2.402208E-05
   2.402208E-05    2.402208E-05    2.402208E-05    2.402208E-05    2.240923E-05    2.240923E-05    2.240923E-05    2.240923E-05    2.402208E-05    2.402208E-05    2.402208E-05    2.402208E-05    2.402208E-05    2.402208E-05    2.402208E-05    2.402208E-05    2.402208E-05    2.402208E-05    2.402208E-05    2.402208E-05
   2.402208E-05    2.402208E-05    2.402208E-05    2.402208E-05    2.240923E-05    2.240923E-05    2.402208E-05    2.402208E-05    2.402208E-05    2.402208E-05    2.402208E-05    2.402208E-05    2.402208E-05    2.402208E-05    2.402208E-05    2.402208E-05    2.402208E-05    2.402208E-05    2.402208E-05    2.402208E-05
   2.402208E-05    2.402208E-05    2.402208E-05    2.402208E-05    2.402208E-05    2.240923E-05    2.402208E-05    2.402208E-05    2.402208E-05    2.402208E-05    2.402208E-05    2.402208E-05    2.402208E-05    2.402208E-05    2.402208E-05    2.402208E-05    2.402208E-05    2.402208E-05    2.402208E-05    2.402208E-05
   2.402208E-05    2.402208E-05    2.402208E-05    2.402208E-05    2.402208E-05    2.402208E-05    2.402208E-05    2.402208E-05    2.402208E-05    2.402208E-05    2.402208E-05    2.402208E-05    2.402208E-05    2.402208E-05    2.402208E-05    2.402208E-05    2.402208E-05    2.402208E-05    2.402208E-05    2.402208E-05
   2.402208E-05    2.402208E-05    2.402208E-05    2.402208E-05    2.402208E-05    2.402208E-05    2.402208E-05    2.402208E-05    2.402208E-05    2.402208E-05    2.402208E-05    2.402208E-05    2.402208E-05    2.402208E-05    2.402208E-05    2.402208E-05    2.402208E-05    2.402208E-05    2.402208E-05    2.402208E-05
   2.402208E-05    2.402208E-05    2.402208E-05    2.402208E-05    2.402208E-05    2.402208E-05    2.402208E-05    2.402208E-05    2.402208E-05    2.402208E-05    2.402208E-05    2.402208E-05    2.402208E-05    2.402208E-05    2.402208E-05    2.402208E-05    2.402208E-05    2.402208E-05    2.402208E-05    2.402208E-05
   2.402208E-05    2.402208E-05    2.402208E-05    2.402208E-05    2.402208E-05    2.402208E-05    2.402208E-05    2.402208E-05    2.402208E-05    2.402208E-05    2.402208E-05    2.402208E-05    2.402208E-05    2.402208E-05    2.402208E-05    2.402208E-05    2.402208E-05    2.402208E-05    2.402208E-05    2.402208E-05
   2.402208E-05    2.402208E-05    2.402208E-05    2.402208E-05    2.402208E-05    2.402208E-05    2.402208E-05    2.402208E-05    2.402208E-05    2.402208E-05    2.402208E-05    2.402208E-05    2.402208E-05    2.402208E-05    2.402208E-05    2.402208E-05    2.402208E-05    2.402208E-05    2.402208E-05    2.402208E-05
   2.402208E-05    2.402208E-05    2.402208E-05    2.402208E-05    2.402208E-05    2.402208E-05    2.402208E-05    2.402208E-05    2.402208E-05    2.402208E-05    2.402208E-05    2.402208E-05    2.402208E-05    2.402208E-05    2.402208E-05    2.402208E-05    2.402208E-05    2.402208E-05    2.402208E-05    2.402208E-05
   2.402208E-05    2.402208E-05    2.402208E-05    2.402208E-05    2.402208E-05    2.402208E-05    2.402208E-05    2.402208E-05    2.402208E-05    2.402208E-05    2.402208E-05    2.402208E-05    2.402208E-05    2.402208E-05    2.402208E-05    2.402208E-05    2.402208E-05    2.402208E-05    2.402208E-05    2.402208E-05
   2.402208E-05    2.402208E-05    2.402208E-05    2.402208E-05    2.402208E-05    2.402208E-05    2.402208E-05    2.402208E-05    2.402208E-05    2.402208E-05    2.402208E-05    2.402208E-05    2.402208E-05    2.402208E-05    2.402208E-05    2.402208E-05    2.402208E-05    2.402208E-05    2.402208E-05    2.402208E-05
   2.402208E-05    2.402208E-05    2.402208E-05    2.402208E-05    2.402208E-05    2.402208E-05    2.402208E-05    2.402208E-05    2.402208E-05    2.402208E-05    2.402208E-05    2.402208E-05    2.402208E-05    2.402208E-05    2.402208E-05    2.402208E-05    2.402208E-05    2.402208E-05    2.402208E-05    2.402208E-05
   2.240923E-05    2.402208E-05    2.402208E-05    2.402208E-05    2.402208E-05    2.402208E-05    2.402208E-05    2.402208E-05    2.402208E-05    2.402208E-05    2.402208E-05    2.402208E-05    2.402208E-05    2.402208E-05    2.402208E-05    2.402208E-05    2.402208E-05    2.402208E-05    2.402208E-05    2.402208E-05
   2.240923E-05    2.240923E-05    2.402208E-05    2.402208E-05    2.402208E-05    2.402208E-05    2.402208E-05    2.402208E-05    2.402208E-05    2.402208E-05    2.402208E-05    2.402208E-05    2.402208E-05    2.402208E-05    2.402208E-05    2.402208E-05    2.402208E-05    2.402208E-05    2.402208E-05    2.402208E-05
   2.240923E-05    2.240923E-05    2.240923E-05    2.402208E-05    2.402208E-05    2.402208E-05    2.402208E-05    2.402208E-05    2.402208E-05    2.402208E-05    2.402208E-05    2.402208E-05    2.402208E-05    2.402208E-05    2.402208E-05    2.402208E-05    2.402208E-05    2.402208E-05    2.402208E-05    2.402208E-05
   2.240923E-05    2.240923E-05    2.240923E-05    2.240923E-05    2.402208E-05    2.402208E-05    2.402208E-05    2.402208E-05    2.402208E-05    2.402208E-05    2.402208E-05    2.402208E-05    2.402208E-05    2.402208E-05    2.402208E-05    2.402208E-05    2.402208E-05    2.402208E-05    2.402208E-05    2.240923E-05
   2.240923E-05    2.240923E-05    2.240923E-05    2.240923E-05    2.402208E-05    2.402208E-05    2.402208E-05    2.402208E-05    2.402208E-05    2.402208E-05    2.402208E-05    2.402208E-05    2.402208E-05    2.402208E-05    2.402208E-05    2.402208E-05    2.402208E-05    2.402208E-05    2.402208E-05    2.240923E-05
   2.240923E-05    2.240923E-05    2.240923E-05    2.240923E-05    2.240923E-05    2.402208E-05    2.402208E-05    2.402208E-05    2.402208E-05    2.402208E-05    2.402208E-05    2.402208E-05    2.402208E-05    2.402208E-05    2.402208E-05    2.402208E-05    2.402208E-05    2.402208E-05    2.240923E-05    2.240923E-05
   2.240923E-05    2.240923E-05    2.240923E-05    2.240923E-05    2.240923E-05    2.402208E-05    2.402208E-05    2.402208E-05    2.402208E-05    2.402208E-05    2.402208E-05    2.402208E-05    2.402208E-05    2.402208E-05    2.402208E-05    2.402208E-05    2.402208E-05    2.240923E-05    2.240923E-05    2.240923E-05
   2.240923E-05    2.240923E-05    2.240923E-05    2.240923E-05    2.240923E-05    2.402208E-05    2.402208E-05    2.402208E-05    2.402208E-05    2.402208E-05    2.402208E-05    2.402208E-05    2.402208E-05    2.402208E-05    2.402208E-05    2.402208E-05    2.240923E-05    2.240923E-05    2.240923E-05    2.240923E-05
