   1.034403E-04    1.034403E-04    1.034403E-04    1.034403E-04    1.034403E-04    1.034403E-04    1.034403E-04    1.034403E-04    1.034403E-04    1.034403E-04    1.034403E-04    1.034403E-04    1.034403E-04    1.034403E-04    1.034403E-04    1.034403E-04    1.034403E-04    1.034403E-04    1.034403E-04    1.034403E-04
   1.034403E-04    1.034403E-04    1.034403E-04    1.034403E-04    1.034403E-04    1.034403E-04    1.034403E-04    1.034403E-04    1.034403E-04    1.034403E-04    1.034403E-04    1.034403E-04    1.034403E-04    1.034403E-04    1.034403E-04    1.034403E-04    1.034403E-04    1.034403E-04    1.034403E-04    1.034403E-04
   1.034403E-04    1.034403E-04    1.034403E-04    1.034403E-04    1.034403E-04    1.034403E-04    1.034403E-04    1.034403E-04    1.034403E-04    1.034403E-04    1.034403E-04    1.034403E-04    1.034403E-04    1.034403E-04    1.034403E-04    1.034403E-04    1.034403E-04    1.034403E-04    1.034403E-04    1.034403E-04
   1.034403E-04    1.034403E-04    1.034403E-04    1.034403E-04    1.034403E-04    1.034403E-04    1.034403E-04    1.034403E-04    1.034403E-04    1.034403E-04    1.034403E-04    1.034403E-04    1.034403E-04    1.034403E-04    1.034403E-04    1.034403E-04    1.034403E-04    1.034403E-04    1.034403E-04    1.034403E-04
   1.034403E-04    1.034403E-04    1.034403E-04    1.034403E-04    1.034403E-04    1.034403E-04    1.034403E-04    1.034403E-04    1.034403E-04    1.034403E-04    1.034403E-04    1.034403E-04    1.034403E-04    1.034403E-04    1.034403E-04    1.034403E-04    1.034403E-04    1.034403E-04    1.034403E-04    1.034403E-04
   1.034403E-04    1.034403E-04    1.034403E-04    1.034403E-04    1.034403E-04    1.034403E-04    1.034403E-04    1.034403E-04    1.034403E-04    1.034403E-04    1.034403E-04    1.034403E-04    1.034403E-04    1.034403E-04    1.034403E-04    1.034403E-04    1.034403E-04    1.034403E-04    1.034403E-04    1.034403E-04
   1.034403E-04    1.034403E-04    1.034403E-04    1.034403E-04    1.034403E-04    1.034403E-04    1.034403E-04    1.034403E-04    1.034403E-04    1.034403E-04    1.034403E-04    1.034403E-04    1.034403E-04    1.034403E-04    1.034403E-04    1.034403E-04    1.034403E-04    1.034403E-04    1.034403E-04    1.034403E-04
   1.034403E-04    1.034403E-04    1.034403E-04    1.034403E-04    1.034403E-04    1.034403E-04    1.034403E-04    1.034403E-04    1.034403E-04    1.034403E-04    1.034403E-04    1.034403E-04    1.034403E-04    1.034403E-04    1.034403E-04    1.034403E-04    1.034403E-04    1.034403E-04    1.034403E-04    1.034403E-04
   1.034403E-04    1.034403E-04    1.034403E-04    1.034403E-04    9.926175E-05    9.926175E-05    9.926175E-05    1.034403E-04    1.034403E-04    1.034403E-04    1.034403E-04    1.034403E-04    1.034403E-04    1.034403E-04    1.034403E-04    1.034403E-04    1.034403E-04    1.034403E-04    1.034403E-04    1.034403E-04
   1.034403E-04    1.034403E-04    1.034403E-04    1.034403E-04    9.926175E-05    9.926175E-05    9.926175E-05    9.926175E-05    1.034403E-04    1.034403E-04    1.034403E-04    1.034403E-04    1.034403E-04    1.034403E-04    1.034403E-04    1.034403E-04    1.034403E-04    1.034403E-04    1.034403E-04    1.034403E-04
   1.034403E-04    1.034403E-04    1.034403E-04    1.034403E-04    9.926175E-05    9.926175E-05    9.926175E-05    9.926175E-05    1.034403E-04    1.034403E-04    1.034403E-04    1.034403E-04    1.034403E-04    1.034403E-04    1.034403E-04    1.034403E-04    1.034403E-04    1.034403E-04    1.034403E-04    1.034403E-04
   1.034403E-04    1.034403E-04    1.034403E-04    1.034403E-04    9.926175E-05    9.926175E-05    9.926175E-05    9.926175E-05    1.034403E-04    1.034403E-04    1.034403E-04    1.034403E-04    1.034403E-04    1.034403E-04    1.034403E-04    1.034403E-04    1.034403E-04    1.034403E-04    1.034403E-04    1.034403E-04
   1.034403E-04    1.034403E-04    1.034403E-04    1.034403E-04    9.926175E-05    9.926175E-05    9.926175E-05    9.926175E-05    1.034403E-04    1.034403E-04    1.034403E-04    1.034403E-04    1.034403E-04    1.034403E-04    1.034403E-04    1.034403E-04    1.034403E-04    1.034403E-04    1.034403E-04    1.034403E-04
   1.034403E-04    1.034403E-04    1.034403E-04    1.034403E-04    9.926175E-05    9.926175E-05    9.926175E-05    9.926175E-05    1.034403E-04    1.034403E-04    1.034403E-04    1.034403E-04    1.034403E-04    1.034403E-04    1.034403E-04    1.034403E-04    1.034403E-04    1.034403E-04    1.034403E-04    1.034403E-04
   1.034403E-04    1.034403E-04    1.034403E-04    1.034403E-04    9.926175E-05    9.926175E-05    9.926175E-05    9.926175E-05    1.034403E-04    1.034403E-04    1.034403E-04    1.034403E-04    1.034403E-04    1.034403E-04    1.034403E-04    1.034403E-04    1.034403E-04    1.034403E-04    1.034403E-04    1.034403E-04
   1.034403E-04    1.034403E-04    1.034403E-04    1.034403E-04    9.926175E-05    9.926175E-05    9.926175E-05    9.926175E-05    1.034403E-04    1.034403E-04    1.034403E-04    1.034403E-04    1.034403E-04    1.034403E-04    1.034403E-04    1.034403E-04    1.034403E-04    1.034403E-04    1.034403E-04    1.034403E-04
   1.034403E-04    1.034403E-04    1.034403E-04    1.034403E-04    9.926175E-05    9.926175E-05    9.926175E-05    9.926175E-05    1.034403E-04    1.034403E-04    1.034403E-04    1.034403E-04    1.034403E-04    1.034403E-04    1.034403E-04    1.034403E-04    1.034403E-04    1.034403E-04    1.034403E-04    1.034403E-04
   1.034403E-04    1.034403E-04    1.034403E-04    1.034403E-04    9.926175E-05    9.926175E-05    9.926175E-05    9.926175E-05    1.034403E-04    1.034403E-04    1.034403E-04    1.034403E-04    1.034403E-04    1.034403E-04    1.034403E-04    1.034403E-04    1.034403E-04    1.034403E-04    1.034403E-04    1.034403E-04
   1.034403E-04    1.034403E-04    1.034403E-04    1.034403E-04    9.926175E-05    9.926175E-05    9.926175E-05    9.926175E-05    1.034403E-04    1.034403E-04    1.034403E-04    1.034403E-04    1.034403E-04    1.034403E-04    1.034403E-04    1.034403E-04    1.034403E-04    1.034403E-04    1.034403E-04    1.034403E-04
   1.034403E-04    1.034403E-04    1.034403E-04    1.034403E-04    9.926175E-05    9.926175E-05    9.926175E-05    9.926175E-05    1.034403E-04    1.034403E-04    1.034403E-04    1.034403E-04    1.034403E-04    1.034403E-04    1.034403E-04    1.034403E-04    1.034403E-04    1.034403E-04    1.034403E-04    1.034403E-04
   1.034403E-04    1.034403E-04    1.034403E-04    1.034403E-04    9.926175E-05    9.926175E-05    9.926175E-05    9.926175E-05    1.034403E-04    1.034403E-04    1.034403E-04    1.034403E-04    1.034403E-04    1.034403E-04    1.034403E-04    1.034403E-04    1.034403E-04    1.034403E-04    1.034403E-04    1.034403E-04
   1.034403E-04    1.034403E-04    1.034403E-04    1.034403E-04    9.926175E-05    9.926175E-05    1.034403E-04    1.034403E-04    1.034403E-04    1.034403E-04    1.034403E-04    1.034403E-04    1.034403E-04    1.034403E-04    1.034403E-04    1.034403E-04    1.034403E-04    1.034403E-04    1.034403E-04    1.034403E-04
   1.034403E-04    1.034403E-04    1.034403E-04    1.034403E-04    1.034403E-04    9.926175E-05    1.034403E-04    1.034403E-04    1.034403E-04    1.034403E-04    1.034403E-04    1.034403E-04    1.034403E-04    1.034403E-04    1.034403E-04    1.034403E-04    1.034403E-04    1.034403E-04    1.034403E-04    1.034403E-04
   1.034403E-04    1.034403E-04    1.034403E-04    1.034403E-04    1.034403E-04    1.034403E-04    1.034403E-04    1.034403E-04    1.034403E-04    1.034403E-04    1.034403E-04    1.034403E-04    1.034403E-04    1.034403E-04    1.034403E-04    1.034403E-04    1.034403E-04    1.034403E-04    1.034403E-04    1.034403E-04
   1.034403E-04    1.034403E-04    1.034403E-04    1.034403E-04    1.034403E-04    1.034403E-04    1.034403E-04    1.034403E-04    1.034403E-04    1.034403E-04    1.034403E-04    1.034403E-04    1.034403E-04    1.034403E-04    1.034403E-04    1.034403E-04    1.034403E-04    1.034403E-04    1.034403E-04    1.034403E-04
   1.034403E-04    1.034403E-04    1.034403E-04    1.034403E-04    1.034403E-04    1.034403E-04    1.034403E-04    1.034403E-04    1.034403E-04    1.034403E-04    1.034403E-04    1.034403E-04    1.034403E-04    1.034403E-04    1.034403E-04    1.034403E-04    1.034403E-04    1.034403E-04    1.034403E-04    1.034403E-04
   1.034403E-04    1.034403E-04    1.034403E-04    1.034403E-04    1.034403E-04    1.034403E-04    1.034403E-04    1.034403E-04    1.034403E-04    1.034403E-04    1.034403E-04    1.034403E-04    1.034403E-04    1.034403E-04    1.034403E-04    1.034403E-04    1.034403E-04    1.034403E-04    1.034403E-04    1.034403E-04
   1.034403E-04    1.034403E-04    1.034403E-04    1.034403E-04    1.034403E-04    1.034403E-04    1.034403E-04    1.034403E-04    1.034403E-04    1.034403E-04    1.034403E-04    1.034403E-04    1.034403E-04    1.034403E-04    1.034403E-04    1.034403E-04    1.034403E-04    1.034403E-04    1.034403E-04    1.034403E-04
   1.034403E-04    1.034403E-04    1.034403E-04    1.034403E-04    1.034403E-04    1.034403E-04    1.034403E-04    1.034403E-04    1.034403E-04    1.034403E-04    1.034403E-04    1.034403E-04    1.034403E-04    1.034403E-04    1.034403E-04    1.034403E-04    1.034403E-04    1.034403E-04    1.034403E-04    1.034403E-04
   1.034403E-04    1.034403E-04    1.034403E-04    1.034403E-04    1.034403E-04    1.034403E-04    1.034403E-04    1.034403E-04    1.034403E-04    1.034403E-04    1.034403E-04    1.034403E-04    1.034403E-04    1.034403E-04    1.034403E-04    1.034403E-04    1.034403E-04    1.034403E-04    1.034403E-04    1.034403E-04
   1.034403E-04    1.034403E-04    1.034403E-04    1.034403E-04    1.034403E-04    1.034403E-04    1.034403E-04    1.034403E-04    1.034403E-04    1.034403E-04    1.034403E-04    1.034403E-04    1.034403E-04    1.034403E-04    1.034403E-04    1.034403E-04    1.034403E-04    1.034403E-04    1.034403E-04    1.034403E-04
   1.034403E-04    1.034403E-04    1.034403E-04    1.034403E-04    1.034403E-04    1.034403E-04    1.034403E-04    1.034403E-04    1.034403E-04    1.034403E-04    1.034403E-04    1.034403E-04    1.034403E-04    1.034403E-04    1.034403E-04    1.034403E-04    1.034403E-04    1.034403E-04    1.034403E-04    1.034403E-04
   9.926175E-05    1.034403E-04    1.034403E-04    1.034403E-04    1.034403E-04    1.034403E-04    1.034403E-04    1.034403E-04    1.034403E-04    1.034403E-04    1.034403E-04    1.034403E-04    1.034403E-04    1.034403E-04    1.034403E-04    1.034403E-04    1.034403E-04    1.034403E-04    1.034403E-04    1.034403E-04
   9.926175E-05    9.926175E-05    1.034403E-04    1.034403E-04    1.034403E-04    1.034403E-04    1.034403E-04    1.034403E-04    1.034403E-04    1.034403E-04    1.034403E-04    1.034403E-04    1.034403E-04    1.034403E-04    1.034403E-04    1.034403E-04    1.034403E-04    1.034403E-04    1.034403E-04    1.034403E-04
   9.926175E-05    9.926175E-05    9.926175E-05    1.034403E-04    1.034403E-04    1.034403E-04    1.034403E-04    1.034403E-04    1.034403E-04    1.034403E-04    1.034403E-04    1.034403E-04    1.034403E-04    1.034403E-04    1.034403E-04    1.034403E-04    1.034403E-04    1.034403E-04    1.034403E-04    1.034403E-04
   9.926175E-05    9.926175E-05    9.926175E-05    9.926175E-05    1.034403E-04    1.034403E-04    1.034403E-04    1.034403E-04    1.034403E-04    1.034403E-04    1.034403E-04    1.034403E-04    1.034403E-04    1.034403E-04    1.034403E-04    1.034403E-04    1.034403E-04    1.034403E-04    1.034403E-04    9.926175E-05
   9.926175E-05    9.926175E-05    9.926175E-05    9.926175E-05    1.034403E-04    1.034403E-04    1.034403E-04    1.034403E-04    1.034403E-04    1.034403E-04    1.034403E-04    1.034403E-04    1.034403E-04    1.034403E-04    1.034403E-04    1.034403E-04    1.034403E-04    1.034403E-04    1.034403E-04    9.926175E-05
   9.926175E-05    9.926175E-05    9.926175E-05    9.926175E-05    9.926175E-05    1.034403E-04    1.034403E-04    1.034403E-04    1.034403E-04    1.034403E-04    1.034403E-04    1.034403E-04    1.034403E-04    1.034403E-04    1.034403E-04    1.034403E-04    1.034403E-04    1.034403E-04    9.926175E-05    9.926175E-05
   9.926175E-05    9.926175E-05    9.926175E-05    9.926175E-05    9.926175E-05    1.034403E-04    1.034403E-04    1.034403E-04    1.034403E-04    1.034403E-04    1.034403E-04    1.034403E-04    1.034403E-04    1.034403E-04    1.034403E-04    1.034403E-04    1.034403E-04    9.926175E-05    9.926175E-05    9.926175E-05
   9.926175E-05    9.926175E-05    9.926175E-05    9.926175E-05    9.926175E-05    1.034403E-04    1.034403E-04    1.034403E-04    1.034403E-04    1.034403E-04    1.034403E-04    1.034403E-04    1.034403E-04    1.034403E-04    1.034403E-04    1.034403E-04    9.926175E-05    9.926175E-05    9.926175E-05    9.926175E-05
