   1.637899E-01   2.000000E-01   2.000000E-01   2.000000E-01   2.000000E-01   2.000000E-01   2.000000E-01   2.000000E-01   2.000000E-01   2.000000E-01   2.000000E-01   2.000000E-01   2.000000E-01   1.856937E-01   2.000000E-01   2.000000E-01   2.000000E-01   2.000000E-01   2.000000E-01   1.307872E-01
   1.633694E-01   2.000000E-01   2.000000E-01   2.000000E-01   2.000000E-01   2.000000E-01   2.000000E-01   2.000000E-01   2.000000E-01   2.000000E-01   1.919662E-01   2.000000E-01   2.000000E-01   2.000000E-01   2.000000E-01   2.000000E-01   2.000000E-01   2.000000E-01   2.000000E-01   2.000000E-01
   1.128682E-01   2.000000E-01   2.000000E-01   1.632591E-01   1.000695E-01   1.366172E-01   2.000000E-01   2.000000E-01   2.000000E-01   2.000000E-01   2.000000E-01   2.000000E-01   2.000000E-01   2.000000E-01   2.000000E-01   2.000000E-01   2.000000E-01   2.000000E-01   2.000000E-01   2.000000E-01
   8.187381E-02   1.772868E-01   1.279352E-01   9.318306E-02   1.256055E-01   1.222345E-01   1.586773E-01   2.000000E-01   2.000000E-01   2.000000E-01   2.000000E-01   2.000000E-01   2.000000E-01   2.000000E-01   2.000000E-01   1.649983E-01   2.000000E-01   1.945740E-01   1.642262E-01   2.000000E-01
   1.041506E-01   1.507571E-01   1.418503E-01   1.227204E-01   1.121666E-01   1.798483E-01   1.690018E-01   1.137952E-01   1.847977E-01   1.665757E-01   2.000000E-01   1.871069E-01   1.580188E-01   2.000000E-01   2.000000E-01   1.544073E-01   1.771873E-01   2.000000E-01   2.000000E-01   1.546480E-01
   1.061081E-01   1.685705E-01   1.020306E-01   6.552443E-02   9.393687E-02   1.760258E-01   9.508742E-02   6.031868E-02   1.208356E-01   1.528846E-01   1.408401E-01   1.741011E-01   2.000000E-01   2.000000E-01   2.000000E-01   1.546617E-01   1.938115E-01   1.883707E-01   1.733656E-01   1.539482E-01
   1.155256E-01   1.074448E-01   7.313010E-02   7.862683E-02   9.481111E-02   8.391014E-02   1.160701E-01   8.258076E-02   1.455191E-01   1.340651E-01   2.000000E-01   2.000000E-01   2.000000E-01   2.000000E-01   1.230974E-01   1.068756E-01   1.410287E-01   1.702260E-01   2.000000E-01   2.000000E-01
   1.119461E-01   8.581388E-02   6.027677E-02   6.281740E-02   5.239460E-02   1.352062E-01   9.276407E-02   1.878660E-01   1.448746E-01   2.000000E-01   1.709887E-01   1.483114E-01   1.489634E-01   1.618433E-01   2.000000E-01   1.056925E-01   1.591366E-01   1.909946E-01   2.000000E-01   2.000000E-01
   7.260835E-02   9.396236E-02   5.119677E-02   4.750224E-02   1.000000E-01   1.000000E-01   1.000000E-01   1.431601E-01   1.303144E-01   1.901894E-01   1.396093E-01   1.479127E-01   1.930755E-01   9.367014E-02   1.463166E-01   1.223700E-01   1.457156E-01   1.681754E-01   2.000000E-01   2.000000E-01
   9.241441E-02   6.764719E-02   4.160629E-02   6.621127E-02   1.000000E-01   1.000000E-01   1.000000E-01   1.000000E-01   1.141242E-01   1.788931E-01   1.196379E-01   1.344938E-01   1.093985E-01   8.526074E-02   1.325906E-01   1.197030E-01   1.089625E-01   1.245139E-01   1.341365E-01   1.501826E-01
   1.525652E-01   8.599693E-02   9.340069E-02   8.595043E-02   1.000000E-01   1.000000E-01   1.000000E-01   1.000000E-01   1.050626E-01   9.020117E-02   1.125793E-01   1.135043E-01   1.062038E-01   8.054087E-02   8.492227E-02   8.456211E-02   9.731323E-02   7.853892E-02   1.457933E-01   1.688769E-01
   1.236944E-01   7.077923E-02   1.595874E-01   2.000000E-01   1.000000E-01   1.000000E-01   1.000000E-01   1.000000E-01   7.622024E-02   1.094228E-01   1.201613E-01   1.025811E-01   1.668868E-01   9.705367E-02   8.526379E-02   7.897957E-02   6.326175E-02   4.240958E-02   1.147303E-01   1.471421E-01
   8.921721E-02   6.662530E-02   8.347135E-02   1.120370E-01   1.000000E-01   1.000000E-01   1.000000E-01   1.000000E-01   9.683189E-02   1.057922E-01   9.645364E-02   7.355742E-02   1.051335E-01   1.264600E-01   8.708477E-02   9.894823E-02   8.640547E-02   7.561548E-02   1.129726E-01   1.893537E-01
   8.408826E-02   1.230373E-01   4.739171E-02   5.408071E-02   1.000000E-01   1.000000E-01   1.000000E-01   1.000000E-01   1.053140E-01   7.411023E-02   6.893685E-02   1.110661E-01   1.766789E-01   1.163864E-01   7.772305E-02   1.309645E-01   1.140943E-01   1.239932E-01   1.453768E-01   2.000000E-01
   1.722005E-01   2.000000E-01   1.010341E-01   4.804875E-02   1.000000E-01   1.000000E-01   1.000000E-01   1.000000E-01   8.866887E-02   7.978073E-02   8.490466E-02   1.072249E-01   2.000000E-01   2.000000E-01   1.868898E-01   1.285600E-01   1.168544E-01   1.497658E-01   1.470145E-01   1.919757E-01
   1.699250E-01   1.616545E-01   1.403915E-01   9.281297E-02   1.000000E-01   1.000000E-01   1.000000E-01   1.000000E-01   8.443058E-02   8.619548E-02   8.167768E-02   1.583993E-01   2.000000E-01   2.000000E-01   2.000000E-01   2.000000E-01   1.878383E-01   1.313992E-01   1.428416E-01   2.000000E-01
   1.410051E-01   1.284160E-01   9.402653E-02   8.947840E-02   1.000000E-01   1.000000E-01   1.000000E-01   1.000000E-01   7.375981E-02   9.426653E-02   1.717950E-01   1.158688E-01   2.000000E-01   2.000000E-01   2.000000E-01   2.000000E-01   2.000000E-01   2.000000E-01   2.000000E-01   2.000000E-01
   1.469581E-01   1.080425E-01   7.615083E-02   5.610675E-02   1.000000E-01   1.000000E-01   1.000000E-01   1.000000E-01   7.163057E-02   1.077903E-01   1.059821E-01   1.180829E-01   1.357570E-01   1.474920E-01   2.000000E-01   2.000000E-01   2.000000E-01   1.418092E-01   1.988085E-01   1.797038E-01
   9.258510E-02   8.329069E-02   1.044693E-01   8.690298E-02   1.000000E-01   1.000000E-01   1.000000E-01   1.000000E-01   7.356697E-02   1.114055E-01   1.018221E-01   1.707601E-01   1.484168E-01   1.823396E-01   1.952978E-01   2.000000E-01   2.000000E-01   2.000000E-01   1.364750E-01   1.687533E-01
   5.801875E-02   1.403536E-01   9.292948E-02   9.183160E-02   1.000000E-01   1.000000E-01   1.000000E-01   1.000000E-01   7.783283E-02   8.982384E-02   1.142768E-01   1.482585E-01   1.643291E-01   1.924202E-01   2.000000E-01   2.000000E-01   1.834402E-01   1.586436E-01   1.203907E-01   9.963806E-02
   1.299912E-01   2.000000E-01   1.049063E-01   1.050898E-01   1.000000E-01   1.000000E-01   1.000000E-01   1.000000E-01   8.865673E-02   1.660132E-01   1.551994E-01   1.013317E-01   1.406614E-01   1.624898E-01   2.000000E-01   1.668921E-01   2.000000E-01   2.000000E-01   1.542829E-01   1.645215E-01
   1.009840E-01   1.064363E-01   1.521253E-01   1.135602E-01   1.000000E-01   1.000000E-01   2.000000E-01   1.541146E-01   1.424235E-01   1.813710E-01   1.300984E-01   7.683236E-02   8.210136E-02   9.950940E-02   1.121502E-01   1.405411E-01   2.000000E-01   2.000000E-01   1.695793E-01   1.402864E-01
   4.983726E-02   8.671326E-02   1.867126E-01   1.418696E-01   1.446655E-01   1.000000E-01   2.000000E-01   2.000000E-01   2.000000E-01   2.000000E-01   8.207337E-02   7.750163E-02   4.992774E-02   9.096770E-02   6.989590E-02   1.648995E-01   2.000000E-01   1.373516E-01   1.455989E-01   1.499544E-01
   7.077151E-02   1.057371E-01   1.096600E-01   1.473522E-01   1.519149E-01   1.756974E-01   1.786483E-01   2.000000E-01   2.000000E-01   2.000000E-01   1.767004E-01   7.179083E-02   6.985164E-02   1.321217E-01   2.000000E-01   1.699123E-01   1.671696E-01   1.817476E-01   2.000000E-01   2.000000E-01
   9.931955E-02   1.134737E-01   1.629564E-01   2.000000E-01   2.000000E-01   2.000000E-01   2.000000E-01   2.000000E-01   2.000000E-01   2.000000E-01   1.998656E-01   2.000000E-01   1.970207E-01   1.567377E-01   1.462552E-01   1.673649E-01   1.897293E-01   2.000000E-01   2.000000E-01   2.000000E-01
   1.226193E-01   1.318428E-01   1.928641E-01   2.000000E-01   2.000000E-01   2.000000E-01   1.833887E-01   2.000000E-01   2.000000E-01   2.000000E-01   2.000000E-01   2.000000E-01   1.740765E-01   1.589087E-01   1.736487E-01   1.219909E-01   1.441961E-01   2.000000E-01   1.796118E-01   1.568693E-01
   1.291515E-01   1.632078E-01   2.000000E-01   2.000000E-01   2.000000E-01   2.000000E-01   2.000000E-01   2.000000E-01   2.000000E-01   2.000000E-01   2.000000E-01   2.000000E-01   2.000000E-01   1.105449E-01   1.304509E-01   1.005901E-01   1.208288E-01   1.224043E-01   1.402362E-01   1.415870E-01
   1.308207E-01   1.947459E-01   1.916204E-01   2.000000E-01   2.000000E-01   2.000000E-01   2.000000E-01   2.000000E-01   2.000000E-01   2.000000E-01   2.000000E-01   2.000000E-01   2.000000E-01   1.405225E-01   1.027280E-01   1.010200E-01   1.027473E-01   1.121201E-01   1.361850E-01   1.469563E-01
   1.205874E-01   1.749001E-01   2.000000E-01   2.000000E-01   2.000000E-01   2.000000E-01   2.000000E-01   2.000000E-01   2.000000E-01   2.000000E-01   2.000000E-01   2.000000E-01   2.000000E-01   2.000000E-01   1.910868E-01   9.615559E-02   7.369261E-02   1.056528E-01   7.771097E-02   1.803129E-01
   6.600237E-02   1.403579E-01   2.000000E-01   2.000000E-01   2.000000E-01   2.000000E-01   2.000000E-01   2.000000E-01   2.000000E-01   2.000000E-01   2.000000E-01   2.000000E-01   2.000000E-01   1.586344E-01   8.541998E-02   1.208167E-01   8.342352E-02   8.032705E-02   1.288921E-01   1.844878E-01
   8.390475E-02   1.562739E-01   2.000000E-01   2.000000E-01   2.000000E-01   2.000000E-01   2.000000E-01   2.000000E-01   2.000000E-01   2.000000E-01   2.000000E-01   2.000000E-01   2.000000E-01   1.827910E-01   1.714387E-01   1.601658E-01   1.147457E-01   1.154456E-01   1.834935E-01   1.633340E-01
   8.623207E-02   2.000000E-01   2.000000E-01   2.000000E-01   2.000000E-01   2.000000E-01   2.000000E-01   2.000000E-01   2.000000E-01   2.000000E-01   2.000000E-01   2.000000E-01   2.000000E-01   2.000000E-01   2.000000E-01   2.000000E-01   1.268131E-01   1.189309E-01   2.000000E-01   2.000000E-01
   1.000000E-01   1.858387E-01   1.585482E-01   2.000000E-01   2.000000E-01   2.000000E-01   2.000000E-01   2.000000E-01   1.816387E-01   2.000000E-01   2.000000E-01   2.000000E-01   2.000000E-01   2.000000E-01   2.000000E-01   2.000000E-01   2.000000E-01   1.117784E-01   2.000000E-01   2.000000E-01
   1.000000E-01   1.000000E-01   2.000000E-01   2.000000E-01   2.000000E-01   2.000000E-01   2.000000E-01   2.000000E-01   2.000000E-01   2.000000E-01   2.000000E-01   2.000000E-01   2.000000E-01   2.000000E-01   2.000000E-01   2.000000E-01   2.000000E-01   2.000000E-01   1.667791E-01   2.000000E-01
   1.000000E-01   1.000000E-01   1.000000E-01   2.000000E-01   2.000000E-01   2.000000E-01   2.000000E-01   2.000000E-01   2.000000E-01   2.000000E-01   2.000000E-01   2.000000E-01   2.000000E-01   2.000000E-01   2.000000E-01   2.000000E-01   2.000000E-01   2.000000E-01   2.000000E-01   1.727082E-01
   1.000000E-01   1.000000E-01   1.000000E-01   1.000000E-01   2.000000E-01   2.000000E-01   2.000000E-01   2.000000E-01   2.000000E-01   2.000000E-01   2.000000E-01   2.000000E-01   2.000000E-01   2.000000E-01   2.000000E-01   2.000000E-01   2.000000E-01   2.000000E-01   2.000000E-01   1.000000E-01
   1.000000E-01   1.000000E-01   1.000000E-01   1.000000E-01   2.000000E-01   2.000000E-01   2.000000E-01   2.000000E-01   2.000000E-01   2.000000E-01   2.000000E-01   2.000000E-01   2.000000E-01   2.000000E-01   1.958766E-01   2.000000E-01   2.000000E-01   1.506227E-01   1.278045E-01   1.000000E-01
   1.000000E-01   1.000000E-01   1.000000E-01   1.000000E-01   1.000000E-01   2.000000E-01   2.000000E-01   2.000000E-01   2.000000E-01   2.000000E-01   2.000000E-01   1.813215E-01   1.176417E-01   7.696123E-02   9.960219E-02   1.685877E-01   1.289709E-01   1.494679E-01   1.000000E-01   1.000000E-01
   1.000000E-01   1.000000E-01   1.000000E-01   1.000000E-01   1.000000E-01   2.000000E-01   2.000000E-01   2.000000E-01   2.000000E-01   2.000000E-01   2.000000E-01   2.000000E-01   1.173902E-01   7.904663E-02   9.358231E-02   5.983545E-02   6.917625E-02   1.000000E-01   1.000000E-01   1.000000E-01
   1.000000E-01   1.000000E-01   1.000000E-01   1.000000E-01   1.000000E-01   2.000000E-01   2.000000E-01   2.000000E-01   2.000000E-01   2.000000E-01   2.000000E-01   2.000000E-01   1.664127E-01   7.982528E-02   9.712492E-02   7.590472E-02   1.000000E-01   1.000000E-01   1.000000E-01   1.000000E-01
