   1.274014E-04    1.274014E-04    1.274014E-04    1.274014E-04    1.274014E-04    1.274014E-04    1.274014E-04    1.274014E-04    1.274014E-04    1.274014E-04    1.274014E-04    1.274014E-04    1.274014E-04    1.274014E-04    1.274014E-04    1.274014E-04    1.274014E-04    1.274014E-04    1.274014E-04    1.274014E-04
   1.274014E-04    1.274014E-04    1.274014E-04    1.274014E-04    1.274014E-04    1.274014E-04    1.274014E-04    1.274014E-04    1.274014E-04    1.274014E-04    1.274014E-04    1.274014E-04    1.274014E-04    1.274014E-04    1.274014E-04    1.274014E-04    1.274014E-04    1.274014E-04    1.274014E-04    1.274014E-04
   1.274014E-04    1.274014E-04    1.274014E-04    1.274014E-04    1.274014E-04    1.274014E-04    1.274014E-04    1.274014E-04    1.274014E-04    1.274014E-04    1.274014E-04    1.274014E-04    1.274014E-04    1.274014E-04    1.274014E-04    1.274014E-04    1.274014E-04    1.274014E-04    1.274014E-04    1.274014E-04
   1.274014E-04    1.274014E-04    1.274014E-04    1.274014E-04    1.274014E-04    1.274014E-04    1.274014E-04    1.274014E-04    1.274014E-04    1.274014E-04    1.274014E-04    1.274014E-04    1.274014E-04    1.274014E-04    1.274014E-04    1.274014E-04    1.274014E-04    1.274014E-04    1.274014E-04    1.274014E-04
   1.274014E-04    1.274014E-04    1.274014E-04    1.274014E-04    1.274014E-04    1.274014E-04    1.274014E-04    1.274014E-04    1.274014E-04    1.274014E-04    1.274014E-04    1.274014E-04    1.274014E-04    1.274014E-04    1.274014E-04    1.274014E-04    1.274014E-04    1.274014E-04    1.274014E-04    1.274014E-04
   1.274014E-04    1.274014E-04    1.274014E-04    1.274014E-04    1.274014E-04    1.274014E-04    1.274014E-04    1.274014E-04    1.274014E-04    1.274014E-04    1.274014E-04    1.274014E-04    1.274014E-04    1.274014E-04    1.274014E-04    1.274014E-04    1.274014E-04    1.274014E-04    1.274014E-04    1.274014E-04
   1.274014E-04    1.274014E-04    1.274014E-04    1.274014E-04    1.274014E-04    1.274014E-04    1.274014E-04    1.274014E-04    1.274014E-04    1.274014E-04    1.274014E-04    1.274014E-04    1.274014E-04    1.274014E-04    1.274014E-04    1.274014E-04    1.274014E-04    1.274014E-04    1.274014E-04    1.274014E-04
   1.274014E-04    1.274014E-04    1.274014E-04    1.274014E-04    1.274014E-04    1.274014E-04    1.274014E-04    1.274014E-04    1.274014E-04    1.274014E-04    1.274014E-04    1.274014E-04    1.274014E-04    1.274014E-04    1.274014E-04    1.274014E-04    1.274014E-04    1.274014E-04    1.274014E-04    1.274014E-04
   1.274014E-04    1.274014E-04    1.274014E-04    1.274014E-04    9.869812E-05    9.869812E-05    9.869812E-05    1.274014E-04    1.274014E-04    1.274014E-04    1.274014E-04    1.274014E-04    1.274014E-04    1.274014E-04    1.274014E-04    1.274014E-04    1.274014E-04    1.274014E-04    1.274014E-04    1.274014E-04
   1.274014E-04    1.274014E-04    1.274014E-04    1.274014E-04    9.869812E-05    9.869812E-05    9.869812E-05    9.869812E-05    1.274014E-04    1.274014E-04    1.274014E-04    1.274014E-04    1.274014E-04    1.274014E-04    1.274014E-04    1.274014E-04    1.274014E-04    1.274014E-04    1.274014E-04    1.274014E-04
   1.274014E-04    1.274014E-04    1.274014E-04    1.274014E-04    9.869812E-05    9.869812E-05    9.869812E-05    9.869812E-05    1.274014E-04    1.274014E-04    1.274014E-04    1.274014E-04    1.274014E-04    1.274014E-04    1.274014E-04    1.274014E-04    1.274014E-04    1.274014E-04    1.274014E-04    1.274014E-04
   1.274014E-04    1.274014E-04    1.274014E-04    1.274014E-04    9.869812E-05    9.869812E-05    9.869812E-05    9.869812E-05    1.274014E-04    1.274014E-04    1.274014E-04    1.274014E-04    1.274014E-04    1.274014E-04    1.274014E-04    1.274014E-04    1.274014E-04    1.274014E-04    1.274014E-04    1.274014E-04
   1.274014E-04    1.274014E-04    1.274014E-04    1.274014E-04    9.869812E-05    9.869812E-05    9.869812E-05    9.869812E-05    1.274014E-04    1.274014E-04    1.274014E-04    1.274014E-04    1.274014E-04    1.274014E-04    1.274014E-04    1.274014E-04    1.274014E-04    1.274014E-04    1.274014E-04    1.274014E-04
   1.274014E-04    1.274014E-04    1.274014E-04    1.274014E-04    9.869812E-05    9.869812E-05    9.869812E-05    9.869812E-05    1.274014E-04    1.274014E-04    1.274014E-04    1.274014E-04    1.274014E-04    1.274014E-04    1.274014E-04    1.274014E-04    1.274014E-04    1.274014E-04    1.274014E-04    1.274014E-04
   1.274014E-04    1.274014E-04    1.274014E-04    1.274014E-04    9.869812E-05    9.869812E-05    9.869812E-05    9.869812E-05    1.274014E-04    1.274014E-04    1.274014E-04    1.274014E-04    1.274014E-04    1.274014E-04    1.274014E-04    1.274014E-04    1.274014E-04    1.274014E-04    1.274014E-04    1.274014E-04
   1.274014E-04    1.274014E-04    1.274014E-04    1.274014E-04    9.869812E-05    9.869812E-05    9.869812E-05    9.869812E-05    1.274014E-04    1.274014E-04    1.274014E-04    1.274014E-04    1.274014E-04    1.274014E-04    1.274014E-04    1.274014E-04    1.274014E-04    1.274014E-04    1.274014E-04    1.274014E-04
   1.274014E-04    1.274014E-04    1.274014E-04    1.274014E-04    9.869812E-05    9.869812E-05    9.869812E-05    9.869812E-05    1.274014E-04    1.274014E-04    1.274014E-04    1.274014E-04    1.274014E-04    1.274014E-04    1.274014E-04    1.274014E-04    1.274014E-04    1.274014E-04    1.274014E-04    1.274014E-04
   1.274014E-04    1.274014E-04    1.274014E-04    1.274014E-04    9.869812E-05    9.869812E-05    9.869812E-05    9.869812E-05    1.274014E-04    1.274014E-04    1.274014E-04    1.274014E-04    1.274014E-04    1.274014E-04    1.274014E-04    1.274014E-04    1.274014E-04    1.274014E-04    1.274014E-04    1.274014E-04
   1.274014E-04    1.274014E-04    1.274014E-04    1.274014E-04    9.869812E-05    9.869812E-05    9.869812E-05    9.869812E-05    1.274014E-04    1.274014E-04    1.274014E-04    1.274014E-04    1.274014E-04    1.274014E-04    1.274014E-04    1.274014E-04    1.274014E-04    1.274014E-04    1.274014E-04    1.274014E-04
   1.274014E-04    1.274014E-04    1.274014E-04    1.274014E-04    9.869812E-05    9.869812E-05    9.869812E-05    9.869812E-05    1.274014E-04    1.274014E-04    1.274014E-04    1.274014E-04    1.274014E-04    1.274014E-04    1.274014E-04    1.274014E-04    1.274014E-04    1.274014E-04    1.274014E-04    1.274014E-04
   1.274014E-04    1.274014E-04    1.274014E-04    1.274014E-04    9.869812E-05    9.869812E-05    9.869812E-05    9.869812E-05    1.274014E-04    1.274014E-04    1.274014E-04    1.274014E-04    1.274014E-04    1.274014E-04    1.274014E-04    1.274014E-04    1.274014E-04    1.274014E-04    1.274014E-04    1.274014E-04
   1.274014E-04    1.274014E-04    1.274014E-04    1.274014E-04    9.869812E-05    9.869812E-05    1.274014E-04    1.274014E-04    1.274014E-04    1.274014E-04    1.274014E-04    1.274014E-04    1.274014E-04    1.274014E-04    1.274014E-04    1.274014E-04    1.274014E-04    1.274014E-04    1.274014E-04    1.274014E-04
   1.274014E-04    1.274014E-04    1.274014E-04    1.274014E-04    1.274014E-04    9.869812E-05    1.274014E-04    1.274014E-04    1.274014E-04    1.274014E-04    1.274014E-04    1.274014E-04    1.274014E-04    1.274014E-04    1.274014E-04    1.274014E-04    1.274014E-04    1.274014E-04    1.274014E-04    1.274014E-04
   1.274014E-04    1.274014E-04    1.274014E-04    1.274014E-04    1.274014E-04    1.274014E-04    1.274014E-04    1.274014E-04    1.274014E-04    1.274014E-04    1.274014E-04    1.274014E-04    1.274014E-04    1.274014E-04    1.274014E-04    1.274014E-04    1.274014E-04    1.274014E-04    1.274014E-04    1.274014E-04
   1.274014E-04    1.274014E-04    1.274014E-04    1.274014E-04    1.274014E-04    1.274014E-04    1.274014E-04    1.274014E-04    1.274014E-04    1.274014E-04    1.274014E-04    1.274014E-04    1.274014E-04    1.274014E-04    1.274014E-04    1.274014E-04    1.274014E-04    1.274014E-04    1.274014E-04    1.274014E-04
   1.274014E-04    1.274014E-04    1.274014E-04    1.274014E-04    1.274014E-04    1.274014E-04    1.274014E-04    1.274014E-04    1.274014E-04    1.274014E-04    1.274014E-04    1.274014E-04    1.274014E-04    1.274014E-04    1.274014E-04    1.274014E-04    1.274014E-04    1.274014E-04    1.274014E-04    1.274014E-04
   1.274014E-04    1.274014E-04    1.274014E-04    1.274014E-04    1.274014E-04    1.274014E-04    1.274014E-04    1.274014E-04    1.274014E-04    1.274014E-04    1.274014E-04    1.274014E-04    1.274014E-04    1.274014E-04    1.274014E-04    1.274014E-04    1.274014E-04    1.274014E-04    1.274014E-04    1.274014E-04
   1.274014E-04    1.274014E-04    1.274014E-04    1.274014E-04    1.274014E-04    1.274014E-04    1.274014E-04    1.274014E-04    1.274014E-04    1.274014E-04    1.274014E-04    1.274014E-04    1.274014E-04    1.274014E-04    1.274014E-04    1.274014E-04    1.274014E-04    1.274014E-04    1.274014E-04    1.274014E-04
   1.274014E-04    1.274014E-04    1.274014E-04    1.274014E-04    1.274014E-04    1.274014E-04    1.274014E-04    1.274014E-04    1.274014E-04    1.274014E-04    1.274014E-04    1.274014E-04    1.274014E-04    1.274014E-04    1.274014E-04    1.274014E-04    1.274014E-04    1.274014E-04    1.274014E-04    1.274014E-04
   1.274014E-04    1.274014E-04    1.274014E-04    1.274014E-04    1.274014E-04    1.274014E-04    1.274014E-04    1.274014E-04    1.274014E-04    1.274014E-04    1.274014E-04    1.274014E-04    1.274014E-04    1.274014E-04    1.274014E-04    1.274014E-04    1.274014E-04    1.274014E-04    1.274014E-04    1.274014E-04
   1.274014E-04    1.274014E-04    1.274014E-04    1.274014E-04    1.274014E-04    1.274014E-04    1.274014E-04    1.274014E-04    1.274014E-04    1.274014E-04    1.274014E-04    1.274014E-04    1.274014E-04    1.274014E-04    1.274014E-04    1.274014E-04    1.274014E-04    1.274014E-04    1.274014E-04    1.274014E-04
   1.274014E-04    1.274014E-04    1.274014E-04    1.274014E-04    1.274014E-04    1.274014E-04    1.274014E-04    1.274014E-04    1.274014E-04    1.274014E-04    1.274014E-04    1.274014E-04    1.274014E-04    1.274014E-04    1.274014E-04    1.274014E-04    1.274014E-04    1.274014E-04    1.274014E-04    1.274014E-04
   9.869812E-05    1.274014E-04    1.274014E-04    1.274014E-04    1.274014E-04    1.274014E-04    1.274014E-04    1.274014E-04    1.274014E-04    1.274014E-04    1.274014E-04    1.274014E-04    1.274014E-04    1.274014E-04    1.274014E-04    1.274014E-04    1.274014E-04    1.274014E-04    1.274014E-04    1.274014E-04
   9.869812E-05    9.869812E-05    1.274014E-04    1.274014E-04    1.274014E-04    1.274014E-04    1.274014E-04    1.274014E-04    1.274014E-04    1.274014E-04    1.274014E-04    1.274014E-04    1.274014E-04    1.274014E-04    1.274014E-04    1.274014E-04    1.274014E-04    1.274014E-04    1.274014E-04    1.274014E-04
   9.869812E-05    9.869812E-05    9.869812E-05    1.274014E-04    1.274014E-04    1.274014E-04    1.274014E-04    1.274014E-04    1.274014E-04    1.274014E-04    1.274014E-04    1.274014E-04    1.274014E-04    1.274014E-04    1.274014E-04    1.274014E-04    1.274014E-04    1.274014E-04    1.274014E-04    1.274014E-04
   9.869812E-05    9.869812E-05    9.869812E-05    9.869812E-05    1.274014E-04    1.274014E-04    1.274014E-04    1.274014E-04    1.274014E-04    1.274014E-04    1.274014E-04    1.274014E-04    1.274014E-04    1.274014E-04    1.274014E-04    1.274014E-04    1.274014E-04    1.274014E-04    1.274014E-04    9.869812E-05
   9.869812E-05    9.869812E-05    9.869812E-05    9.869812E-05    1.274014E-04    1.274014E-04    1.274014E-04    1.274014E-04    1.274014E-04    1.274014E-04    1.274014E-04    1.274014E-04    1.274014E-04    1.274014E-04    1.274014E-04    1.274014E-04    1.274014E-04    1.274014E-04    1.274014E-04    9.869812E-05
   9.869812E-05    9.869812E-05    9.869812E-05    9.869812E-05    9.869812E-05    1.274014E-04    1.274014E-04    1.274014E-04    1.274014E-04    1.274014E-04    1.274014E-04    1.274014E-04    1.274014E-04    1.274014E-04    1.274014E-04    1.274014E-04    1.274014E-04    1.274014E-04    9.869812E-05    9.869812E-05
   9.869812E-05    9.869812E-05    9.869812E-05    9.869812E-05    9.869812E-05    1.274014E-04    1.274014E-04    1.274014E-04    1.274014E-04    1.274014E-04    1.274014E-04    1.274014E-04    1.274014E-04    1.274014E-04    1.274014E-04    1.274014E-04    1.274014E-04    9.869812E-05    9.869812E-05    9.869812E-05
   9.869812E-05    9.869812E-05    9.869812E-05    9.869812E-05    9.869812E-05    1.274014E-04    1.274014E-04    1.274014E-04    1.274014E-04    1.274014E-04    1.274014E-04    1.274014E-04    1.274014E-04    1.274014E-04    1.274014E-04    1.274014E-04    9.869812E-05    9.869812E-05    9.869812E-05    9.869812E-05
