         30.45921          46.64542          36.47131          39.03703          44.31871          47.55731          36.07236          48.18703          29.54955          34.74979          31.70568          37.29550          35.78329          43.60581          25.56109          30.69447          41.91354          34.51138          35.96764          36.63360
         32.46388          26.80694          43.72857          37.89344          45.01092          37.14198          43.42281          40.11032          44.28055          40.99669          39.53672          30.78253          26.78628          41.08859          36.36947          35.31888          31.83148          36.70423          29.33895          24.72725
         35.60346          35.09979          32.18761          48.24678          41.21848          31.17464          34.86187          38.87270          30.88586          43.42374          38.95513          29.35260          39.47174          43.08572          38.70927          27.17095          37.60879          33.26034          32.89284          37.13712
         35.17878          35.85400          38.08639          37.84956          45.67247          35.24857          37.82647          35.69002          33.45086          44.60622          42.38442          41.85272          33.15842          42.51695          38.56946          32.30214          42.56736          35.22417          32.31501          34.98489
         36.80169          46.23234          37.22601          43.82736          32.47284          47.37914          44.90919          19.98090          27.95622          34.62294          43.50414          25.68231          27.71473          39.86494          37.00476          37.12701          40.55442          27.32952          30.80455          35.97697
         35.83347          42.82565          41.47097          45.14331          38.21976          49.62663          36.25062          44.02022          40.79507          50.00000          46.50963          39.81817          23.10118          25.35766          35.15536          43.81242          33.29604          27.27393          34.70213          38.41058
         46.27789          33.58769          42.63382          35.45002          38.63131          48.93288          42.89476          38.26805          41.30367          36.94409          36.73979          29.14581          32.52685          33.14678          24.38213          38.40932          32.89404          35.41345          34.06860          32.37118
         50.00000          44.82844          44.94441          34.03441          31.29834          36.57067          40.91400          41.31844          41.93094          36.42512          30.51544          34.74620          30.16641          41.54944          41.01450          41.09573          32.91019          28.80415          30.46100          40.70351
         34.89873          32.97635          36.39998          44.86578           1.00000           1.00000           1.00000          31.25005          39.69702          43.14807          27.73394          30.60525          35.01080          30.18833          34.82588          32.63914          32.83438          40.14263          43.54183          31.97104
         40.49276          39.41166          32.91135          36.56120           1.00000           1.00000           1.00000           1.00000          44.13130          36.22978          45.23326          32.24066          44.73329          31.14477          35.00795          30.27858          38.82908          33.99031          30.71360          46.14025
         37.61482          37.35964          35.72950          37.82760           1.00000           1.00000           1.00000           1.00000          34.05144          42.18435          32.72906          34.53348          19.36220          39.11800          29.86992          36.91549          42.86276          43.98859          42.65181          34.55926
         32.96499          42.24803          41.30724          38.42259           1.00000           1.00000           1.00000           1.00000          33.29528          35.52755          18.50025          42.98635          34.68058          35.22922          50.00000          33.79660          43.55089          28.96304          35.93870          25.18294
         36.33831          44.89200          33.80939          47.84623           1.00000           1.00000           1.00000           1.00000          34.40911          36.59740          24.55258          32.35031          28.78412          31.81946          36.97251          37.89411          31.49433          28.85994          33.39588          39.76350
         32.45850          37.87563          32.69750          38.34733           1.00000           1.00000           1.00000           1.00000          45.11986          33.71010          27.99054          35.12297          43.19468          36.31642          40.87502          26.44718          35.66917          27.62073          29.64313          44.72072
         46.76246          30.13518          49.21795          33.07731           1.00000           1.00000           1.00000           1.00000          33.82184          40.39333          36.92127          24.30903          43.79442          38.76024          31.91936          42.17963          36.89591          32.48527          36.10816          29.34334
         50.00000          28.79680          41.48417          42.54459           1.00000           1.00000           1.00000           1.00000          32.74742          42.92675          21.67486          33.56896          30.64987          35.57260          35.77064          35.12340          36.83410          31.99356          23.18662          40.92264
         45.94595          44.83800          41.92412          34.60457           1.00000           1.00000           1.00000           1.00000          38.29986          36.21218          32.47641          25.77501          37.72129          35.25105          38.61553          32.68030          39.05862          38.37426          28.49309          30.52652
         48.24711          50.00000          35.27871          39.07328           1.00000           1.00000           1.00000           1.00000          30.49371          41.74821          39.81538          28.28285          33.24505          37.69810          40.67747          30.41364          33.38675          34.34137          38.79916          37.38099
         32.80866          30.71337          41.71893          50.00000           1.00000           1.00000           1.00000           1.00000          38.25207          33.33372          38.78036          28.33962          28.15361          30.66872          36.12512          33.14316          28.31268          42.06072          47.34748          34.32587
         40.69203          35.18226          39.08982          36.63824           1.00000           1.00000           1.00000           1.00000          26.09452          33.13727          27.38826          37.53543          22.31863          35.98161          38.27661          45.59221          33.96893          34.20011          45.87419          31.15081
         42.67105          40.73804          40.88135          35.66299           1.00000           1.00000           1.00000           1.00000          30.49856          28.17925          32.74886          36.61588          40.07742          31.39782          38.34395          16.59877          36.87315          18.21528          23.73407          47.95687
         44.09663          33.62825          44.51532          36.64438           1.00000           1.00000          39.31103          30.78467          34.82447          37.49188          29.37938          33.12329          44.10059          25.66100          30.75637          36.52686          26.21606          33.82278          35.75299          30.46796
         31.23666          34.14571          48.25694          35.52424          42.02488           1.00000          27.03056          33.43568          32.06581          40.31651          34.42548          37.24517          33.24331          37.30262          39.83274          30.20429          37.58164          36.56142          33.70129          33.63161
         36.06469          45.60693          26.81302          41.07914          36.95035          40.86203          41.92901          37.28696          34.69781          39.03124          39.87085          37.26498          44.97137          33.82760          39.69139          39.43725          34.37643          25.93215          32.15621          32.61505
         37.23036          28.09631          35.48839          43.23363          46.38315          31.81906          43.69308          34.32967          38.93296          32.92423          37.91672          48.29014          31.04208          36.92972          37.86061          30.33373          50.00000          38.16355          36.36666          29.72528
         37.53074          40.93263          35.73503          40.21415          39.52688          38.85415          30.22421          29.23525          28.65866          29.86183          33.40794          27.90409          23.84347          30.28583          41.34815          39.39378          39.79194          29.99773          34.49201          31.47289
         34.16007          40.66315          31.35039          37.83169          39.49850          37.99792          40.10775          34.01261          50.00000          33.46859          38.06878          27.88239          28.08004          39.68214          26.47205          44.43101          38.83743          33.32063          28.48492          43.72140
         36.71532          36.16322          39.52326          47.55708          36.22520          37.83681          47.99290          41.92488          39.33817          41.33644          42.12853          22.49606          46.17726          37.61834          41.64454          33.28832          34.63343          40.13702          24.95101          27.85585
         32.48377          45.78722          29.07493          35.75664          37.89680          37.82298          37.21796          39.90077          39.93872          41.30627          42.37429          35.06090          45.16551          35.62714          45.16713          37.90312          33.45861          30.72229          25.90325          37.68591
         33.86809          39.35793          38.54833          33.70134          30.88424          32.84228          36.13528          29.83898          34.71810          30.79444          32.23448          23.15196          40.96508          38.21926          30.99269          29.29860          28.14127          18.87916          33.45482          37.98149
         31.96035          35.71563          47.81731          36.56700          49.13258          42.24027          37.61673          38.16242          29.30427          29.07505          33.08144          35.49267          28.77482          37.15286          33.70194          24.33006          33.19391          39.47565          38.65497          35.30251
         32.89295          26.15868          36.65510          34.35957          38.11382          39.26958          36.38766          35.07799          32.25467          38.00122          23.04974          34.83808          29.29677          33.52740          29.41735          29.80191          23.31341          35.91980          50.00000          29.66677
          1.00000          34.77533          44.46548          29.44599          34.82052          31.90933          30.91844          39.35030          27.41891          33.98699          41.07316          32.89921          34.16909          28.42823          40.63829          45.37402          29.93560          34.73132          38.35232          27.78305
          1.00000           1.00000          45.99794          39.80728          35.43850          40.43136          36.60295          33.03095          32.89981          30.94462          31.65174          37.21023          43.95041          38.47813          28.54400          28.54144          31.20782          33.56473          31.97242          39.17130
          1.00000           1.00000           1.00000          41.45353          33.72214          38.48390          31.99603          20.55946          34.66806          35.70489          25.77916          36.96572          27.93233          28.56533          31.17971          36.33976          23.89249          26.94584          24.61179          30.29930
          1.00000           1.00000           1.00000           1.00000          34.53606          28.37533          36.83112          26.96531          36.70135          24.75314          38.10705          41.18023          27.50085          34.91153          34.14043          36.37300          37.66101          31.55718          27.41222           1.00000
          1.00000           1.00000           1.00000           1.00000          29.77496          32.97438          34.59670          39.31245          30.46915          30.58957          25.64450          34.91729          36.31221          22.43393          34.12519          35.99887          22.16446          34.40271          22.10864           1.00000
          1.00000           1.00000           1.00000           1.00000           1.00000          33.65937          30.76325          35.81909          31.17737          37.66821          29.61147          35.13872          27.30586          30.13168          23.77925          32.36948          38.03342          38.46194           1.00000           1.00000
          1.00000           1.00000           1.00000           1.00000           1.00000          25.77089          34.94477          41.79323          34.71365          36.14863          32.98996          30.44012          22.47991          28.88044          30.24648          38.49879          35.84977           1.00000           1.00000           1.00000
          1.00000           1.00000           1.00000           1.00000           1.00000          28.45105          33.53719          26.97774          33.78301          33.07522          26.54930          31.77277          29.25701          29.56479          38.44708          27.39433           1.00000           1.00000           1.00000           1.00000
