   1.508384E-04    1.508384E-04    1.508384E-04    1.508384E-04    1.508384E-04    1.508384E-04    1.508384E-04    1.508384E-04    1.508384E-04    1.508384E-04    1.508384E-04    1.508384E-04    1.508384E-04    1.508384E-04    1.508384E-04    1.508384E-04    1.508384E-04    1.508384E-04    1.508384E-04    1.508384E-04
   1.508384E-04    1.508384E-04    1.508384E-04    1.508384E-04    1.508384E-04    1.508384E-04    1.508384E-04    1.508384E-04    1.508384E-04    1.508384E-04    1.508384E-04    1.508384E-04    1.508384E-04    1.508384E-04    1.508384E-04    1.508384E-04    1.508384E-04    1.508384E-04    1.508384E-04    1.508384E-04
   1.508384E-04    1.508384E-04    1.508384E-04    1.508384E-04    1.508384E-04    1.508384E-04    1.508384E-04    1.508384E-04    1.508384E-04    1.508384E-04    1.508384E-04    1.508384E-04    1.508384E-04    1.508384E-04    1.508384E-04    1.508384E-04    1.508384E-04    1.508384E-04    1.508384E-04    1.508384E-04
   1.508384E-04    1.508384E-04    1.508384E-04    1.508384E-04    1.508384E-04    1.508384E-04    1.508384E-04    1.508384E-04    1.508384E-04    1.508384E-04    1.508384E-04    1.508384E-04    1.508384E-04    1.508384E-04    1.508384E-04    1.508384E-04    1.508384E-04    1.508384E-04    1.508384E-04    1.508384E-04
   1.508384E-04    1.508384E-04    1.508384E-04    1.508384E-04    1.508384E-04    1.508384E-04    1.508384E-04    1.508384E-04    1.508384E-04    1.508384E-04    1.508384E-04    1.508384E-04    1.508384E-04    1.508384E-04    1.508384E-04    1.508384E-04    1.508384E-04    1.508384E-04    1.508384E-04    1.508384E-04
   1.508384E-04    1.508384E-04    1.508384E-04    1.508384E-04    1.508384E-04    1.508384E-04    1.508384E-04    1.508384E-04    1.508384E-04    1.508384E-04    1.508384E-04    1.508384E-04    1.508384E-04    1.508384E-04    1.508384E-04    1.508384E-04    1.508384E-04    1.508384E-04    1.508384E-04    1.508384E-04
   1.508384E-04    1.508384E-04    1.508384E-04    1.508384E-04    1.508384E-04    1.508384E-04    1.508384E-04    1.508384E-04    1.508384E-04    1.508384E-04    1.508384E-04    1.508384E-04    1.508384E-04    1.508384E-04    1.508384E-04    1.508384E-04    1.508384E-04    1.508384E-04    1.508384E-04    1.508384E-04
   1.508384E-04    1.508384E-04    1.508384E-04    1.508384E-04    1.508384E-04    1.508384E-04    1.508384E-04    1.508384E-04    1.508384E-04    1.508384E-04    1.508384E-04    1.508384E-04    1.508384E-04    1.508384E-04    1.508384E-04    1.508384E-04    1.508384E-04    1.508384E-04    1.508384E-04    1.508384E-04
   1.508384E-04    1.508384E-04    1.508384E-04    1.508384E-04    1.446688E-04    1.446688E-04    1.446688E-04    1.508384E-04    1.508384E-04    1.508384E-04    1.508384E-04    1.508384E-04    1.508384E-04    1.508384E-04    1.508384E-04    1.508384E-04    1.508384E-04    1.508384E-04    1.508384E-04    1.508384E-04
   1.508384E-04    1.508384E-04    1.508384E-04    1.508384E-04    1.446688E-04    1.446688E-04    1.446688E-04    1.446688E-04    1.508384E-04    1.508384E-04    1.508384E-04    1.508384E-04    1.508384E-04    1.508384E-04    1.508384E-04    1.508384E-04    1.508384E-04    1.508384E-04    1.508384E-04    1.508384E-04
   1.508384E-04    1.508384E-04    1.508384E-04    1.508384E-04    1.446688E-04    1.446688E-04    1.446688E-04    1.446688E-04    1.508384E-04    1.508384E-04    1.508384E-04    1.508384E-04    1.508384E-04    1.508384E-04    1.508384E-04    1.508384E-04    1.508384E-04    1.508384E-04    1.508384E-04    1.508384E-04
   1.508384E-04    1.508384E-04    1.508384E-04    1.508384E-04    1.446688E-04    1.446688E-04    1.446688E-04    1.446688E-04    1.508384E-04    1.508384E-04    1.508384E-04    1.508384E-04    1.508384E-04    1.508384E-04    1.508384E-04    1.508384E-04    1.508384E-04    1.508384E-04    1.508384E-04    1.508384E-04
   1.508384E-04    1.508384E-04    1.508384E-04    1.508384E-04    1.446688E-04    1.446688E-04    1.446688E-04    1.446688E-04    1.508384E-04    1.508384E-04    1.508384E-04    1.508384E-04    1.508384E-04    1.508384E-04    1.508384E-04    1.508384E-04    1.508384E-04    1.508384E-04    1.508384E-04    1.508384E-04
   1.508384E-04    1.508384E-04    1.508384E-04    1.508384E-04    1.446688E-04    1.446688E-04    1.446688E-04    1.446688E-04    1.508384E-04    1.508384E-04    1.508384E-04    1.508384E-04    1.508384E-04    1.508384E-04    1.508384E-04    1.508384E-04    1.508384E-04    1.508384E-04    1.508384E-04    1.508384E-04
   1.508384E-04    1.508384E-04    1.508384E-04    1.508384E-04    1.446688E-04    1.446688E-04    1.446688E-04    1.446688E-04    1.508384E-04    1.508384E-04    1.508384E-04    1.508384E-04    1.508384E-04    1.508384E-04    1.508384E-04    1.508384E-04    1.508384E-04    1.508384E-04    1.508384E-04    1.508384E-04
   1.508384E-04    1.508384E-04    1.508384E-04    1.508384E-04    1.446688E-04    1.446688E-04    1.446688E-04    1.446688E-04    1.508384E-04    1.508384E-04    1.508384E-04    1.508384E-04    1.508384E-04    1.508384E-04    1.508384E-04    1.508384E-04    1.508384E-04    1.508384E-04    1.508384E-04    1.508384E-04
   1.508384E-04    1.508384E-04    1.508384E-04    1.508384E-04    1.446688E-04    1.446688E-04    1.446688E-04    1.446688E-04    1.508384E-04    1.508384E-04    1.508384E-04    1.508384E-04    1.508384E-04    1.508384E-04    1.508384E-04    1.508384E-04    1.508384E-04    1.508384E-04    1.508384E-04    1.508384E-04
   1.508384E-04    1.508384E-04    1.508384E-04    1.508384E-04    1.446688E-04    1.446688E-04    1.446688E-04    1.446688E-04    1.508384E-04    1.508384E-04    1.508384E-04    1.508384E-04    1.508384E-04    1.508384E-04    1.508384E-04    1.508384E-04    1.508384E-04    1.508384E-04    1.508384E-04    1.508384E-04
   1.508384E-04    1.508384E-04    1.508384E-04    1.508384E-04    1.446688E-04    1.446688E-04    1.446688E-04    1.446688E-04    1.508384E-04    1.508384E-04    1.508384E-04    1.508384E-04    1.508384E-04    1.508384E-04    1.508384E-04    1.508384E-04    1.508384E-04    1.508384E-04    1.508384E-04    1.508384E-04
   1.508384E-04    1.508384E-04    1.508384E-04    1.508384E-04    1.446688E-04    1.446688E-04    1.446688E-04    1.446688E-04    1.508384E-04    1.508384E-04    1.508384E-04    1.508384E-04    1.508384E-04    1.508384E-04    1.508384E-04    1.508384E-04    1.508384E-04    1.508384E-04    1.508384E-04    1.508384E-04
   1.508384E-04    1.508384E-04    1.508384E-04    1.508384E-04    1.446688E-04    1.446688E-04    1.446688E-04    1.446688E-04    1.508384E-04    1.508384E-04    1.508384E-04    1.508384E-04    1.508384E-04    1.508384E-04    1.508384E-04    1.508384E-04    1.508384E-04    1.508384E-04    1.508384E-04    1.508384E-04
   1.508384E-04    1.508384E-04    1.508384E-04    1.508384E-04    1.446688E-04    1.446688E-04    1.508384E-04    1.508384E-04    1.508384E-04    1.508384E-04    1.508384E-04    1.508384E-04    1.508384E-04    1.508384E-04    1.508384E-04    1.508384E-04    1.508384E-04    1.508384E-04    1.508384E-04    1.508384E-04
   1.508384E-04    1.508384E-04    1.508384E-04    1.508384E-04    1.508384E-04    1.446688E-04    1.508384E-04    1.508384E-04    1.508384E-04    1.508384E-04    1.508384E-04    1.508384E-04    1.508384E-04    1.508384E-04    1.508384E-04    1.508384E-04    1.508384E-04    1.508384E-04    1.508384E-04    1.508384E-04
   1.508384E-04    1.508384E-04    1.508384E-04    1.508384E-04    1.508384E-04    1.508384E-04    1.508384E-04    1.508384E-04    1.508384E-04    1.508384E-04    1.508384E-04    1.508384E-04    1.508384E-04    1.508384E-04    1.508384E-04    1.508384E-04    1.508384E-04    1.508384E-04    1.508384E-04    1.508384E-04
   1.508384E-04    1.508384E-04    1.508384E-04    1.508384E-04    1.508384E-04    1.508384E-04    1.508384E-04    1.508384E-04    1.508384E-04    1.508384E-04    1.508384E-04    1.508384E-04    1.508384E-04    1.508384E-04    1.508384E-04    1.508384E-04    1.508384E-04    1.508384E-04    1.508384E-04    1.508384E-04
   1.508384E-04    1.508384E-04    1.508384E-04    1.508384E-04    1.508384E-04    1.508384E-04    1.508384E-04    1.508384E-04    1.508384E-04    1.508384E-04    1.508384E-04    1.508384E-04    1.508384E-04    1.508384E-04    1.508384E-04    1.508384E-04    1.508384E-04    1.508384E-04    1.508384E-04    1.508384E-04
   1.508384E-04    1.508384E-04    1.508384E-04    1.508384E-04    1.508384E-04    1.508384E-04    1.508384E-04    1.508384E-04    1.508384E-04    1.508384E-04    1.508384E-04    1.508384E-04    1.508384E-04    1.508384E-04    1.508384E-04    1.508384E-04    1.508384E-04    1.508384E-04    1.508384E-04    1.508384E-04
   1.508384E-04    1.508384E-04    1.508384E-04    1.508384E-04    1.508384E-04    1.508384E-04    1.508384E-04    1.508384E-04    1.508384E-04    1.508384E-04    1.508384E-04    1.508384E-04    1.508384E-04    1.508384E-04    1.508384E-04    1.508384E-04    1.508384E-04    1.508384E-04    1.508384E-04    1.508384E-04
   1.508384E-04    1.508384E-04    1.508384E-04    1.508384E-04    1.508384E-04    1.508384E-04    1.508384E-04    1.508384E-04    1.508384E-04    1.508384E-04    1.508384E-04    1.508384E-04    1.508384E-04    1.508384E-04    1.508384E-04    1.508384E-04    1.508384E-04    1.508384E-04    1.508384E-04    1.508384E-04
   1.508384E-04    1.508384E-04    1.508384E-04    1.508384E-04    1.508384E-04    1.508384E-04    1.508384E-04    1.508384E-04    1.508384E-04    1.508384E-04    1.508384E-04    1.508384E-04    1.508384E-04    1.508384E-04    1.508384E-04    1.508384E-04    1.508384E-04    1.508384E-04    1.508384E-04    1.508384E-04
   1.508384E-04    1.508384E-04    1.508384E-04    1.508384E-04    1.508384E-04    1.508384E-04    1.508384E-04    1.508384E-04    1.508384E-04    1.508384E-04    1.508384E-04    1.508384E-04    1.508384E-04    1.508384E-04    1.508384E-04    1.508384E-04    1.508384E-04    1.508384E-04    1.508384E-04    1.508384E-04
   1.508384E-04    1.508384E-04    1.508384E-04    1.508384E-04    1.508384E-04    1.508384E-04    1.508384E-04    1.508384E-04    1.508384E-04    1.508384E-04    1.508384E-04    1.508384E-04    1.508384E-04    1.508384E-04    1.508384E-04    1.508384E-04    1.508384E-04    1.508384E-04    1.508384E-04    1.508384E-04
   1.446688E-04    1.508384E-04    1.508384E-04    1.508384E-04    1.508384E-04    1.508384E-04    1.508384E-04    1.508384E-04    1.508384E-04    1.508384E-04    1.508384E-04    1.508384E-04    1.508384E-04    1.508384E-04    1.508384E-04    1.508384E-04    1.508384E-04    1.508384E-04    1.508384E-04    1.508384E-04
   1.446688E-04    1.446688E-04    1.508384E-04    1.508384E-04    1.508384E-04    1.508384E-04    1.508384E-04    1.508384E-04    1.508384E-04    1.508384E-04    1.508384E-04    1.508384E-04    1.508384E-04    1.508384E-04    1.508384E-04    1.508384E-04    1.508384E-04    1.508384E-04    1.508384E-04    1.508384E-04
   1.446688E-04    1.446688E-04    1.446688E-04    1.508384E-04    1.508384E-04    1.508384E-04    1.508384E-04    1.508384E-04    1.508384E-04    1.508384E-04    1.508384E-04    1.508384E-04    1.508384E-04    1.508384E-04    1.508384E-04    1.508384E-04    1.508384E-04    1.508384E-04    1.508384E-04    1.508384E-04
   1.446688E-04    1.446688E-04    1.446688E-04    1.446688E-04    1.508384E-04    1.508384E-04    1.508384E-04    1.508384E-04    1.508384E-04    1.508384E-04    1.508384E-04    1.508384E-04    1.508384E-04    1.508384E-04    1.508384E-04    1.508384E-04    1.508384E-04    1.508384E-04    1.508384E-04    1.446688E-04
   1.446688E-04    1.446688E-04    1.446688E-04    1.446688E-04    1.508384E-04    1.508384E-04    1.508384E-04    1.508384E-04    1.508384E-04    1.508384E-04    1.508384E-04    1.508384E-04    1.508384E-04    1.508384E-04    1.508384E-04    1.508384E-04    1.508384E-04    1.508384E-04    1.508384E-04    1.446688E-04
   1.446688E-04    1.446688E-04    1.446688E-04    1.446688E-04    1.446688E-04    1.508384E-04    1.508384E-04    1.508384E-04    1.508384E-04    1.508384E-04    1.508384E-04    1.508384E-04    1.508384E-04    1.508384E-04    1.508384E-04    1.508384E-04    1.508384E-04    1.508384E-04    1.446688E-04    1.446688E-04
   1.446688E-04    1.446688E-04    1.446688E-04    1.446688E-04    1.446688E-04    1.508384E-04    1.508384E-04    1.508384E-04    1.508384E-04    1.508384E-04    1.508384E-04    1.508384E-04    1.508384E-04    1.508384E-04    1.508384E-04    1.508384E-04    1.508384E-04    1.446688E-04    1.446688E-04    1.446688E-04
   1.446688E-04    1.446688E-04    1.446688E-04    1.446688E-04    1.446688E-04    1.508384E-04    1.508384E-04    1.508384E-04    1.508384E-04    1.508384E-04    1.508384E-04    1.508384E-04    1.508384E-04    1.508384E-04    1.508384E-04    1.508384E-04    1.446688E-04    1.446688E-04    1.446688E-04    1.446688E-04
