   6.718290E-05    6.718290E-05    6.718290E-05    6.718290E-05    6.718290E-05    6.718290E-05    6.718290E-05    6.718290E-05    6.718290E-05    6.718290E-05    6.718290E-05    6.718290E-05    6.718290E-05    6.718290E-05    6.718290E-05    6.718290E-05    6.718290E-05    6.718290E-05    6.718290E-05    6.718290E-05
   6.718290E-05    6.718290E-05    6.718290E-05    6.718290E-05    6.718290E-05    6.718290E-05    6.718290E-05    6.718290E-05    6.718290E-05    6.718290E-05    6.718290E-05    6.718290E-05    6.718290E-05    6.718290E-05    6.718290E-05    6.718290E-05    6.718290E-05    6.718290E-05    6.718290E-05    6.718290E-05
   6.718290E-05    6.718290E-05    6.718290E-05    6.718290E-05    6.718290E-05    6.718290E-05    6.718290E-05    6.718290E-05    6.718290E-05    6.718290E-05    6.718290E-05    6.718290E-05    6.718290E-05    6.718290E-05    6.718290E-05    6.718290E-05    6.718290E-05    6.718290E-05    6.718290E-05    6.718290E-05
   6.718290E-05    6.718290E-05    6.718290E-05    6.718290E-05    6.718290E-05    6.718290E-05    6.718290E-05    6.718290E-05    6.718290E-05    6.718290E-05    6.718290E-05    6.718290E-05    6.718290E-05    6.718290E-05    6.718290E-05    6.718290E-05    6.718290E-05    6.718290E-05    6.718290E-05    6.718290E-05
   6.718290E-05    6.718290E-05    6.718290E-05    6.718290E-05    6.718290E-05    6.718290E-05    6.718290E-05    6.718290E-05    6.718290E-05    6.718290E-05    6.718290E-05    6.718290E-05    6.718290E-05    6.718290E-05    6.718290E-05    6.718290E-05    6.718290E-05    6.718290E-05    6.718290E-05    6.718290E-05
   6.718290E-05    6.718290E-05    6.718290E-05    6.718290E-05    6.718290E-05    6.718290E-05    6.718290E-05    6.718290E-05    6.718290E-05    6.718290E-05    6.718290E-05    6.718290E-05    6.718290E-05    6.718290E-05    6.718290E-05    6.718290E-05    6.718290E-05    6.718290E-05    6.718290E-05    6.718290E-05
   6.718290E-05    6.718290E-05    6.718290E-05    6.718290E-05    6.718290E-05    6.718290E-05    6.718290E-05    6.718290E-05    6.718290E-05    6.718290E-05    6.718290E-05    6.718290E-05    6.718290E-05    6.718290E-05    6.718290E-05    6.718290E-05    6.718290E-05    6.718290E-05    6.718290E-05    6.718290E-05
   6.718290E-05    6.718290E-05    6.718290E-05    6.718290E-05    6.718290E-05    6.718290E-05    6.718290E-05    6.718290E-05    6.718290E-05    6.718290E-05    6.718290E-05    6.718290E-05    6.718290E-05    6.718290E-05    6.718290E-05    6.718290E-05    6.718290E-05    6.718290E-05    6.718290E-05    6.718290E-05
   6.718290E-05    6.718290E-05    6.718290E-05    6.718290E-05    7.597061E-05    7.597061E-05    7.597061E-05    6.718290E-05    6.718290E-05    6.718290E-05    6.718290E-05    6.718290E-05    6.718290E-05    6.718290E-05    6.718290E-05    6.718290E-05    6.718290E-05    6.718290E-05    6.718290E-05    6.718290E-05
   6.718290E-05    6.718290E-05    6.718290E-05    6.718290E-05    7.597061E-05    7.597061E-05    7.597061E-05    7.597061E-05    6.718290E-05    6.718290E-05    6.718290E-05    6.718290E-05    6.718290E-05    6.718290E-05    6.718290E-05    6.718290E-05    6.718290E-05    6.718290E-05    6.718290E-05    6.718290E-05
   6.718290E-05    6.718290E-05    6.718290E-05    6.718290E-05    7.597061E-05    7.597061E-05    7.597061E-05    7.597061E-05    6.718290E-05    6.718290E-05    6.718290E-05    6.718290E-05    6.718290E-05    6.718290E-05    6.718290E-05    6.718290E-05    6.718290E-05    6.718290E-05    6.718290E-05    6.718290E-05
   6.718290E-05    6.718290E-05    6.718290E-05    6.718290E-05    7.597061E-05    7.597061E-05    7.597061E-05    7.597061E-05    6.718290E-05    6.718290E-05    6.718290E-05    6.718290E-05    6.718290E-05    6.718290E-05    6.718290E-05    6.718290E-05    6.718290E-05    6.718290E-05    6.718290E-05    6.718290E-05
   6.718290E-05    6.718290E-05    6.718290E-05    6.718290E-05    7.597061E-05    7.597061E-05    7.597061E-05    7.597061E-05    6.718290E-05    6.718290E-05    6.718290E-05    6.718290E-05    6.718290E-05    6.718290E-05    6.718290E-05    6.718290E-05    6.718290E-05    6.718290E-05    6.718290E-05    6.718290E-05
   6.718290E-05    6.718290E-05    6.718290E-05    6.718290E-05    7.597061E-05    7.597061E-05    7.597061E-05    7.597061E-05    6.718290E-05    6.718290E-05    6.718290E-05    6.718290E-05    6.718290E-05    6.718290E-05    6.718290E-05    6.718290E-05    6.718290E-05    6.718290E-05    6.718290E-05    6.718290E-05
   6.718290E-05    6.718290E-05    6.718290E-05    6.718290E-05    7.597061E-05    7.597061E-05    7.597061E-05    7.597061E-05    6.718290E-05    6.718290E-05    6.718290E-05    6.718290E-05    6.718290E-05    6.718290E-05    6.718290E-05    6.718290E-05    6.718290E-05    6.718290E-05    6.718290E-05    6.718290E-05
   6.718290E-05    6.718290E-05    6.718290E-05    6.718290E-05    7.597061E-05    7.597061E-05    7.597061E-05    7.597061E-05    6.718290E-05    6.718290E-05    6.718290E-05    6.718290E-05    6.718290E-05    6.718290E-05    6.718290E-05    6.718290E-05    6.718290E-05    6.718290E-05    6.718290E-05    6.718290E-05
   6.718290E-05    6.718290E-05    6.718290E-05    6.718290E-05    7.597061E-05    7.597061E-05    7.597061E-05    7.597061E-05    6.718290E-05    6.718290E-05    6.718290E-05    6.718290E-05    6.718290E-05    6.718290E-05    6.718290E-05    6.718290E-05    6.718290E-05    6.718290E-05    6.718290E-05    6.718290E-05
   6.718290E-05    6.718290E-05    6.718290E-05    6.718290E-05    7.597061E-05    7.597061E-05    7.597061E-05    7.597061E-05    6.718290E-05    6.718290E-05    6.718290E-05    6.718290E-05    6.718290E-05    6.718290E-05    6.718290E-05    6.718290E-05    6.718290E-05    6.718290E-05    6.718290E-05    6.718290E-05
   6.718290E-05    6.718290E-05    6.718290E-05    6.718290E-05    7.597061E-05    7.597061E-05    7.597061E-05    7.597061E-05    6.718290E-05    6.718290E-05    6.718290E-05    6.718290E-05    6.718290E-05    6.718290E-05    6.718290E-05    6.718290E-05    6.718290E-05    6.718290E-05    6.718290E-05    6.718290E-05
   6.718290E-05    6.718290E-05    6.718290E-05    6.718290E-05    7.597061E-05    7.597061E-05    7.597061E-05    7.597061E-05    6.718290E-05    6.718290E-05    6.718290E-05    6.718290E-05    6.718290E-05    6.718290E-05    6.718290E-05    6.718290E-05    6.718290E-05    6.718290E-05    6.718290E-05    6.718290E-05
   6.718290E-05    6.718290E-05    6.718290E-05    6.718290E-05    7.597061E-05    7.597061E-05    7.597061E-05    7.597061E-05    6.718290E-05    6.718290E-05    6.718290E-05    6.718290E-05    6.718290E-05    6.718290E-05    6.718290E-05    6.718290E-05    6.718290E-05    6.718290E-05    6.718290E-05    6.718290E-05
   6.718290E-05    6.718290E-05    6.718290E-05    6.718290E-05    7.597061E-05    7.597061E-05    6.718290E-05    6.718290E-05    6.718290E-05    6.718290E-05    6.718290E-05    6.718290E-05    6.718290E-05    6.718290E-05    6.718290E-05    6.718290E-05    6.718290E-05    6.718290E-05    6.718290E-05    6.718290E-05
   6.718290E-05    6.718290E-05    6.718290E-05    6.718290E-05    6.718290E-05    7.597061E-05    6.718290E-05    6.718290E-05    6.718290E-05    6.718290E-05    6.718290E-05    6.718290E-05    6.718290E-05    6.718290E-05    6.718290E-05    6.718290E-05    6.718290E-05    6.718290E-05    6.718290E-05    6.718290E-05
   6.718290E-05    6.718290E-05    6.718290E-05    6.718290E-05    6.718290E-05    6.718290E-05    6.718290E-05    6.718290E-05    6.718290E-05    6.718290E-05    6.718290E-05    6.718290E-05    6.718290E-05    6.718290E-05    6.718290E-05    6.718290E-05    6.718290E-05    6.718290E-05    6.718290E-05    6.718290E-05
   6.718290E-05    6.718290E-05    6.718290E-05    6.718290E-05    6.718290E-05    6.718290E-05    6.718290E-05    6.718290E-05    6.718290E-05    6.718290E-05    6.718290E-05    6.718290E-05    6.718290E-05    6.718290E-05    6.718290E-05    6.718290E-05    6.718290E-05    6.718290E-05    6.718290E-05    6.718290E-05
   6.718290E-05    6.718290E-05    6.718290E-05    6.718290E-05    6.718290E-05    6.718290E-05    6.718290E-05    6.718290E-05    6.718290E-05    6.718290E-05    6.718290E-05    6.718290E-05    6.718290E-05    6.718290E-05    6.718290E-05    6.718290E-05    6.718290E-05    6.718290E-05    6.718290E-05    6.718290E-05
   6.718290E-05    6.718290E-05    6.718290E-05    6.718290E-05    6.718290E-05    6.718290E-05    6.718290E-05    6.718290E-05    6.718290E-05    6.718290E-05    6.718290E-05    6.718290E-05    6.718290E-05    6.718290E-05    6.718290E-05    6.718290E-05    6.718290E-05    6.718290E-05    6.718290E-05    6.718290E-05
   6.718290E-05    6.718290E-05    6.718290E-05    6.718290E-05    6.718290E-05    6.718290E-05    6.718290E-05    6.718290E-05    6.718290E-05    6.718290E-05    6.718290E-05    6.718290E-05    6.718290E-05    6.718290E-05    6.718290E-05    6.718290E-05    6.718290E-05    6.718290E-05    6.718290E-05    6.718290E-05
   6.718290E-05    6.718290E-05    6.718290E-05    6.718290E-05    6.718290E-05    6.718290E-05    6.718290E-05    6.718290E-05    6.718290E-05    6.718290E-05    6.718290E-05    6.718290E-05    6.718290E-05    6.718290E-05    6.718290E-05    6.718290E-05    6.718290E-05    6.718290E-05    6.718290E-05    6.718290E-05
   6.718290E-05    6.718290E-05    6.718290E-05    6.718290E-05    6.718290E-05    6.718290E-05    6.718290E-05    6.718290E-05    6.718290E-05    6.718290E-05    6.718290E-05    6.718290E-05    6.718290E-05    6.718290E-05    6.718290E-05    6.718290E-05    6.718290E-05    6.718290E-05    6.718290E-05    6.718290E-05
   6.718290E-05    6.718290E-05    6.718290E-05    6.718290E-05    6.718290E-05    6.718290E-05    6.718290E-05    6.718290E-05    6.718290E-05    6.718290E-05    6.718290E-05    6.718290E-05    6.718290E-05    6.718290E-05    6.718290E-05    6.718290E-05    6.718290E-05    6.718290E-05    6.718290E-05    6.718290E-05
   6.718290E-05    6.718290E-05    6.718290E-05    6.718290E-05    6.718290E-05    6.718290E-05    6.718290E-05    6.718290E-05    6.718290E-05    6.718290E-05    6.718290E-05    6.718290E-05    6.718290E-05    6.718290E-05    6.718290E-05    6.718290E-05    6.718290E-05    6.718290E-05    6.718290E-05    6.718290E-05
   7.597061E-05    6.718290E-05    6.718290E-05    6.718290E-05    6.718290E-05    6.718290E-05    6.718290E-05    6.718290E-05    6.718290E-05    6.718290E-05    6.718290E-05    6.718290E-05    6.718290E-05    6.718290E-05    6.718290E-05    6.718290E-05    6.718290E-05    6.718290E-05    6.718290E-05    6.718290E-05
   7.597061E-05    7.597061E-05    6.718290E-05    6.718290E-05    6.718290E-05    6.718290E-05    6.718290E-05    6.718290E-05    6.718290E-05    6.718290E-05    6.718290E-05    6.718290E-05    6.718290E-05    6.718290E-05    6.718290E-05    6.718290E-05    6.718290E-05    6.718290E-05    6.718290E-05    6.718290E-05
   7.597061E-05    7.597061E-05    7.597061E-05    6.718290E-05    6.718290E-05    6.718290E-05    6.718290E-05    6.718290E-05    6.718290E-05    6.718290E-05    6.718290E-05    6.718290E-05    6.718290E-05    6.718290E-05    6.718290E-05    6.718290E-05    6.718290E-05    6.718290E-05    6.718290E-05    6.718290E-05
   7.597061E-05    7.597061E-05    7.597061E-05    7.597061E-05    6.718290E-05    6.718290E-05    6.718290E-05    6.718290E-05    6.718290E-05    6.718290E-05    6.718290E-05    6.718290E-05    6.718290E-05    6.718290E-05    6.718290E-05    6.718290E-05    6.718290E-05    6.718290E-05    6.718290E-05    7.597061E-05
   7.597061E-05    7.597061E-05    7.597061E-05    7.597061E-05    6.718290E-05    6.718290E-05    6.718290E-05    6.718290E-05    6.718290E-05    6.718290E-05    6.718290E-05    6.718290E-05    6.718290E-05    6.718290E-05    6.718290E-05    6.718290E-05    6.718290E-05    6.718290E-05    6.718290E-05    7.597061E-05
   7.597061E-05    7.597061E-05    7.597061E-05    7.597061E-05    7.597061E-05    6.718290E-05    6.718290E-05    6.718290E-05    6.718290E-05    6.718290E-05    6.718290E-05    6.718290E-05    6.718290E-05    6.718290E-05    6.718290E-05    6.718290E-05    6.718290E-05    6.718290E-05    7.597061E-05    7.597061E-05
   7.597061E-05    7.597061E-05    7.597061E-05    7.597061E-05    7.597061E-05    6.718290E-05    6.718290E-05    6.718290E-05    6.718290E-05    6.718290E-05    6.718290E-05    6.718290E-05    6.718290E-05    6.718290E-05    6.718290E-05    6.718290E-05    6.718290E-05    7.597061E-05    7.597061E-05    7.597061E-05
   7.597061E-05    7.597061E-05    7.597061E-05    7.597061E-05    7.597061E-05    6.718290E-05    6.718290E-05    6.718290E-05    6.718290E-05    6.718290E-05    6.718290E-05    6.718290E-05    6.718290E-05    6.718290E-05    6.718290E-05    6.718290E-05    7.597061E-05    7.597061E-05    7.597061E-05    7.597061E-05
