   6.021771E-05    6.021771E-05    6.021771E-05    6.021771E-05    6.021771E-05    6.021771E-05    6.021771E-05    6.021771E-05    6.021771E-05    6.021771E-05    6.021771E-05    6.021771E-05    6.021771E-05    6.021771E-05    6.021771E-05    6.021771E-05    6.021771E-05    6.021771E-05    6.021771E-05    6.021771E-05
   6.021771E-05    6.021771E-05    6.021771E-05    6.021771E-05    6.021771E-05    6.021771E-05    6.021771E-05    6.021771E-05    6.021771E-05    6.021771E-05    6.021771E-05    6.021771E-05    6.021771E-05    6.021771E-05    6.021771E-05    6.021771E-05    6.021771E-05    6.021771E-05    6.021771E-05    6.021771E-05
   6.021771E-05    6.021771E-05    6.021771E-05    6.021771E-05    6.021771E-05    6.021771E-05    6.021771E-05    6.021771E-05    6.021771E-05    6.021771E-05    6.021771E-05    6.021771E-05    6.021771E-05    6.021771E-05    6.021771E-05    6.021771E-05    6.021771E-05    6.021771E-05    6.021771E-05    6.021771E-05
   6.021771E-05    6.021771E-05    6.021771E-05    6.021771E-05    6.021771E-05    6.021771E-05    6.021771E-05    6.021771E-05    6.021771E-05    6.021771E-05    6.021771E-05    6.021771E-05    6.021771E-05    6.021771E-05    6.021771E-05    6.021771E-05    6.021771E-05    6.021771E-05    6.021771E-05    6.021771E-05
   6.021771E-05    6.021771E-05    6.021771E-05    6.021771E-05    6.021771E-05    6.021771E-05    6.021771E-05    6.021771E-05    6.021771E-05    6.021771E-05    6.021771E-05    6.021771E-05    6.021771E-05    6.021771E-05    6.021771E-05    6.021771E-05    6.021771E-05    6.021771E-05    6.021771E-05    6.021771E-05
   6.021771E-05    6.021771E-05    6.021771E-05    6.021771E-05    6.021771E-05    6.021771E-05    6.021771E-05    6.021771E-05    6.021771E-05    6.021771E-05    6.021771E-05    6.021771E-05    6.021771E-05    6.021771E-05    6.021771E-05    6.021771E-05    6.021771E-05    6.021771E-05    6.021771E-05    6.021771E-05
   6.021771E-05    6.021771E-05    6.021771E-05    6.021771E-05    6.021771E-05    6.021771E-05    6.021771E-05    6.021771E-05    6.021771E-05    6.021771E-05    6.021771E-05    6.021771E-05    6.021771E-05    6.021771E-05    6.021771E-05    6.021771E-05    6.021771E-05    6.021771E-05    6.021771E-05    6.021771E-05
   6.021771E-05    6.021771E-05    6.021771E-05    6.021771E-05    6.021771E-05    6.021771E-05    6.021771E-05    6.021771E-05    6.021771E-05    6.021771E-05    6.021771E-05    6.021771E-05    6.021771E-05    6.021771E-05    6.021771E-05    6.021771E-05    6.021771E-05    6.021771E-05    6.021771E-05    6.021771E-05
   6.021771E-05    6.021771E-05    6.021771E-05    6.021771E-05    6.214915E-05    6.214915E-05    6.214915E-05    6.021771E-05    6.021771E-05    6.021771E-05    6.021771E-05    6.021771E-05    6.021771E-05    6.021771E-05    6.021771E-05    6.021771E-05    6.021771E-05    6.021771E-05    6.021771E-05    6.021771E-05
   6.021771E-05    6.021771E-05    6.021771E-05    6.021771E-05    6.214915E-05    6.214915E-05    6.214915E-05    6.214915E-05    6.021771E-05    6.021771E-05    6.021771E-05    6.021771E-05    6.021771E-05    6.021771E-05    6.021771E-05    6.021771E-05    6.021771E-05    6.021771E-05    6.021771E-05    6.021771E-05
   6.021771E-05    6.021771E-05    6.021771E-05    6.021771E-05    6.214915E-05    6.214915E-05    6.214915E-05    6.214915E-05    6.021771E-05    6.021771E-05    6.021771E-05    6.021771E-05    6.021771E-05    6.021771E-05    6.021771E-05    6.021771E-05    6.021771E-05    6.021771E-05    6.021771E-05    6.021771E-05
   6.021771E-05    6.021771E-05    6.021771E-05    6.021771E-05    6.214915E-05    6.214915E-05    6.214915E-05    6.214915E-05    6.021771E-05    6.021771E-05    6.021771E-05    6.021771E-05    6.021771E-05    6.021771E-05    6.021771E-05    6.021771E-05    6.021771E-05    6.021771E-05    6.021771E-05    6.021771E-05
   6.021771E-05    6.021771E-05    6.021771E-05    6.021771E-05    6.214915E-05    6.214915E-05    6.214915E-05    6.214915E-05    6.021771E-05    6.021771E-05    6.021771E-05    6.021771E-05    6.021771E-05    6.021771E-05    6.021771E-05    6.021771E-05    6.021771E-05    6.021771E-05    6.021771E-05    6.021771E-05
   6.021771E-05    6.021771E-05    6.021771E-05    6.021771E-05    6.214915E-05    6.214915E-05    6.214915E-05    6.214915E-05    6.021771E-05    6.021771E-05    6.021771E-05    6.021771E-05    6.021771E-05    6.021771E-05    6.021771E-05    6.021771E-05    6.021771E-05    6.021771E-05    6.021771E-05    6.021771E-05
   6.021771E-05    6.021771E-05    6.021771E-05    6.021771E-05    6.214915E-05    6.214915E-05    6.214915E-05    6.214915E-05    6.021771E-05    6.021771E-05    6.021771E-05    6.021771E-05    6.021771E-05    6.021771E-05    6.021771E-05    6.021771E-05    6.021771E-05    6.021771E-05    6.021771E-05    6.021771E-05
   6.021771E-05    6.021771E-05    6.021771E-05    6.021771E-05    6.214915E-05    6.214915E-05    6.214915E-05    6.214915E-05    6.021771E-05    6.021771E-05    6.021771E-05    6.021771E-05    6.021771E-05    6.021771E-05    6.021771E-05    6.021771E-05    6.021771E-05    6.021771E-05    6.021771E-05    6.021771E-05
   6.021771E-05    6.021771E-05    6.021771E-05    6.021771E-05    6.214915E-05    6.214915E-05    6.214915E-05    6.214915E-05    6.021771E-05    6.021771E-05    6.021771E-05    6.021771E-05    6.021771E-05    6.021771E-05    6.021771E-05    6.021771E-05    6.021771E-05    6.021771E-05    6.021771E-05    6.021771E-05
   6.021771E-05    6.021771E-05    6.021771E-05    6.021771E-05    6.214915E-05    6.214915E-05    6.214915E-05    6.214915E-05    6.021771E-05    6.021771E-05    6.021771E-05    6.021771E-05    6.021771E-05    6.021771E-05    6.021771E-05    6.021771E-05    6.021771E-05    6.021771E-05    6.021771E-05    6.021771E-05
   6.021771E-05    6.021771E-05    6.021771E-05    6.021771E-05    6.214915E-05    6.214915E-05    6.214915E-05    6.214915E-05    6.021771E-05    6.021771E-05    6.021771E-05    6.021771E-05    6.021771E-05    6.021771E-05    6.021771E-05    6.021771E-05    6.021771E-05    6.021771E-05    6.021771E-05    6.021771E-05
   6.021771E-05    6.021771E-05    6.021771E-05    6.021771E-05    6.214915E-05    6.214915E-05    6.214915E-05    6.214915E-05    6.021771E-05    6.021771E-05    6.021771E-05    6.021771E-05    6.021771E-05    6.021771E-05    6.021771E-05    6.021771E-05    6.021771E-05    6.021771E-05    6.021771E-05    6.021771E-05
   6.021771E-05    6.021771E-05    6.021771E-05    6.021771E-05    6.214915E-05    6.214915E-05    6.214915E-05    6.214915E-05    6.021771E-05    6.021771E-05    6.021771E-05    6.021771E-05    6.021771E-05    6.021771E-05    6.021771E-05    6.021771E-05    6.021771E-05    6.021771E-05    6.021771E-05    6.021771E-05
   6.021771E-05    6.021771E-05    6.021771E-05    6.021771E-05    6.214915E-05    6.214915E-05    6.021771E-05    6.021771E-05    6.021771E-05    6.021771E-05    6.021771E-05    6.021771E-05    6.021771E-05    6.021771E-05    6.021771E-05    6.021771E-05    6.021771E-05    6.021771E-05    6.021771E-05    6.021771E-05
   6.021771E-05    6.021771E-05    6.021771E-05    6.021771E-05    6.021771E-05    6.214915E-05    6.021771E-05    6.021771E-05    6.021771E-05    6.021771E-05    6.021771E-05    6.021771E-05    6.021771E-05    6.021771E-05    6.021771E-05    6.021771E-05    6.021771E-05    6.021771E-05    6.021771E-05    6.021771E-05
   6.021771E-05    6.021771E-05    6.021771E-05    6.021771E-05    6.021771E-05    6.021771E-05    6.021771E-05    6.021771E-05    6.021771E-05    6.021771E-05    6.021771E-05    6.021771E-05    6.021771E-05    6.021771E-05    6.021771E-05    6.021771E-05    6.021771E-05    6.021771E-05    6.021771E-05    6.021771E-05
   6.021771E-05    6.021771E-05    6.021771E-05    6.021771E-05    6.021771E-05    6.021771E-05    6.021771E-05    6.021771E-05    6.021771E-05    6.021771E-05    6.021771E-05    6.021771E-05    6.021771E-05    6.021771E-05    6.021771E-05    6.021771E-05    6.021771E-05    6.021771E-05    6.021771E-05    6.021771E-05
   6.021771E-05    6.021771E-05    6.021771E-05    6.021771E-05    6.021771E-05    6.021771E-05    6.021771E-05    6.021771E-05    6.021771E-05    6.021771E-05    6.021771E-05    6.021771E-05    6.021771E-05    6.021771E-05    6.021771E-05    6.021771E-05    6.021771E-05    6.021771E-05    6.021771E-05    6.021771E-05
   6.021771E-05    6.021771E-05    6.021771E-05    6.021771E-05    6.021771E-05    6.021771E-05    6.021771E-05    6.021771E-05    6.021771E-05    6.021771E-05    6.021771E-05    6.021771E-05    6.021771E-05    6.021771E-05    6.021771E-05    6.021771E-05    6.021771E-05    6.021771E-05    6.021771E-05    6.021771E-05
   6.021771E-05    6.021771E-05    6.021771E-05    6.021771E-05    6.021771E-05    6.021771E-05    6.021771E-05    6.021771E-05    6.021771E-05    6.021771E-05    6.021771E-05    6.021771E-05    6.021771E-05    6.021771E-05    6.021771E-05    6.021771E-05    6.021771E-05    6.021771E-05    6.021771E-05    6.021771E-05
   6.021771E-05    6.021771E-05    6.021771E-05    6.021771E-05    6.021771E-05    6.021771E-05    6.021771E-05    6.021771E-05    6.021771E-05    6.021771E-05    6.021771E-05    6.021771E-05    6.021771E-05    6.021771E-05    6.021771E-05    6.021771E-05    6.021771E-05    6.021771E-05    6.021771E-05    6.021771E-05
   6.021771E-05    6.021771E-05    6.021771E-05    6.021771E-05    6.021771E-05    6.021771E-05    6.021771E-05    6.021771E-05    6.021771E-05    6.021771E-05    6.021771E-05    6.021771E-05    6.021771E-05    6.021771E-05    6.021771E-05    6.021771E-05    6.021771E-05    6.021771E-05    6.021771E-05    6.021771E-05
   6.021771E-05    6.021771E-05    6.021771E-05    6.021771E-05    6.021771E-05    6.021771E-05    6.021771E-05    6.021771E-05    6.021771E-05    6.021771E-05    6.021771E-05    6.021771E-05    6.021771E-05    6.021771E-05    6.021771E-05    6.021771E-05    6.021771E-05    6.021771E-05    6.021771E-05    6.021771E-05
   6.021771E-05    6.021771E-05    6.021771E-05    6.021771E-05    6.021771E-05    6.021771E-05    6.021771E-05    6.021771E-05    6.021771E-05    6.021771E-05    6.021771E-05    6.021771E-05    6.021771E-05    6.021771E-05    6.021771E-05    6.021771E-05    6.021771E-05    6.021771E-05    6.021771E-05    6.021771E-05
   6.214915E-05    6.021771E-05    6.021771E-05    6.021771E-05    6.021771E-05    6.021771E-05    6.021771E-05    6.021771E-05    6.021771E-05    6.021771E-05    6.021771E-05    6.021771E-05    6.021771E-05    6.021771E-05    6.021771E-05    6.021771E-05    6.021771E-05    6.021771E-05    6.021771E-05    6.021771E-05
   6.214915E-05    6.214915E-05    6.021771E-05    6.021771E-05    6.021771E-05    6.021771E-05    6.021771E-05    6.021771E-05    6.021771E-05    6.021771E-05    6.021771E-05    6.021771E-05    6.021771E-05    6.021771E-05    6.021771E-05    6.021771E-05    6.021771E-05    6.021771E-05    6.021771E-05    6.021771E-05
   6.214915E-05    6.214915E-05    6.214915E-05    6.021771E-05    6.021771E-05    6.021771E-05    6.021771E-05    6.021771E-05    6.021771E-05    6.021771E-05    6.021771E-05    6.021771E-05    6.021771E-05    6.021771E-05    6.021771E-05    6.021771E-05    6.021771E-05    6.021771E-05    6.021771E-05    6.021771E-05
   6.214915E-05    6.214915E-05    6.214915E-05    6.214915E-05    6.021771E-05    6.021771E-05    6.021771E-05    6.021771E-05    6.021771E-05    6.021771E-05    6.021771E-05    6.021771E-05    6.021771E-05    6.021771E-05    6.021771E-05    6.021771E-05    6.021771E-05    6.021771E-05    6.021771E-05    6.214915E-05
   6.214915E-05    6.214915E-05    6.214915E-05    6.214915E-05    6.021771E-05    6.021771E-05    6.021771E-05    6.021771E-05    6.021771E-05    6.021771E-05    6.021771E-05    6.021771E-05    6.021771E-05    6.021771E-05    6.021771E-05    6.021771E-05    6.021771E-05    6.021771E-05    6.021771E-05    6.214915E-05
   6.214915E-05    6.214915E-05    6.214915E-05    6.214915E-05    6.214915E-05    6.021771E-05    6.021771E-05    6.021771E-05    6.021771E-05    6.021771E-05    6.021771E-05    6.021771E-05    6.021771E-05    6.021771E-05    6.021771E-05    6.021771E-05    6.021771E-05    6.021771E-05    6.214915E-05    6.214915E-05
   6.214915E-05    6.214915E-05    6.214915E-05    6.214915E-05    6.214915E-05    6.021771E-05    6.021771E-05    6.021771E-05    6.021771E-05    6.021771E-05    6.021771E-05    6.021771E-05    6.021771E-05    6.021771E-05    6.021771E-05    6.021771E-05    6.021771E-05    6.214915E-05    6.214915E-05    6.214915E-05
   6.214915E-05    6.214915E-05    6.214915E-05    6.214915E-05    6.214915E-05    6.021771E-05    6.021771E-05    6.021771E-05    6.021771E-05    6.021771E-05    6.021771E-05    6.021771E-05    6.021771E-05    6.021771E-05    6.021771E-05    6.021771E-05    6.214915E-05    6.214915E-05    6.214915E-05    6.214915E-05
