   2.525014E-05    2.525014E-05    2.525014E-05    2.525014E-05    2.525014E-05    2.525014E-05    2.525014E-05    2.525014E-05    2.525014E-05    2.525014E-05    2.525014E-05    2.525014E-05    2.525014E-05    2.525014E-05    2.525014E-05    2.525014E-05    2.525014E-05    2.525014E-05    2.525014E-05    2.525014E-05
   2.525014E-05    2.525014E-05    2.525014E-05    2.525014E-05    2.525014E-05    2.525014E-05    2.525014E-05    2.525014E-05    2.525014E-05    2.525014E-05    2.525014E-05    2.525014E-05    2.525014E-05    2.525014E-05    2.525014E-05    2.525014E-05    2.525014E-05    2.525014E-05    2.525014E-05    2.525014E-05
   2.525014E-05    2.525014E-05    2.525014E-05    2.525014E-05    2.525014E-05    2.525014E-05    2.525014E-05    2.525014E-05    2.525014E-05    2.525014E-05    2.525014E-05    2.525014E-05    2.525014E-05    2.525014E-05    2.525014E-05    2.525014E-05    2.525014E-05    2.525014E-05    2.525014E-05    2.525014E-05
   2.525014E-05    2.525014E-05    2.525014E-05    2.525014E-05    2.525014E-05    2.525014E-05    2.525014E-05    2.525014E-05    2.525014E-05    2.525014E-05    2.525014E-05    2.525014E-05    2.525014E-05    2.525014E-05    2.525014E-05    2.525014E-05    2.525014E-05    2.525014E-05    2.525014E-05    2.525014E-05
   2.525014E-05    2.525014E-05    2.525014E-05    2.525014E-05    2.525014E-05    2.525014E-05    2.525014E-05    2.525014E-05    2.525014E-05    2.525014E-05    2.525014E-05    2.525014E-05    2.525014E-05    2.525014E-05    2.525014E-05    2.525014E-05    2.525014E-05    2.525014E-05    2.525014E-05    2.525014E-05
   2.525014E-05    2.525014E-05    2.525014E-05    2.525014E-05    2.525014E-05    2.525014E-05    2.525014E-05    2.525014E-05    2.525014E-05    2.525014E-05    2.525014E-05    2.525014E-05    2.525014E-05    2.525014E-05    2.525014E-05    2.525014E-05    2.525014E-05    2.525014E-05    2.525014E-05    2.525014E-05
   2.525014E-05    2.525014E-05    2.525014E-05    2.525014E-05    2.525014E-05    2.525014E-05    2.525014E-05    2.525014E-05    2.525014E-05    2.525014E-05    2.525014E-05    2.525014E-05    2.525014E-05    2.525014E-05    2.525014E-05    2.525014E-05    2.525014E-05    2.525014E-05    2.525014E-05    2.525014E-05
   2.525014E-05    2.525014E-05    2.525014E-05    2.525014E-05    2.525014E-05    2.525014E-05    2.525014E-05    2.525014E-05    2.525014E-05    2.525014E-05    2.525014E-05    2.525014E-05    2.525014E-05    2.525014E-05    2.525014E-05    2.525014E-05    2.525014E-05    2.525014E-05    2.525014E-05    2.525014E-05
   2.525014E-05    2.525014E-05    2.525014E-05    2.525014E-05    2.906287E-05    2.906287E-05    2.906287E-05    2.525014E-05    2.525014E-05    2.525014E-05    2.525014E-05    2.525014E-05    2.525014E-05    2.525014E-05    2.525014E-05    2.525014E-05    2.525014E-05    2.525014E-05    2.525014E-05    2.525014E-05
   2.525014E-05    2.525014E-05    2.525014E-05    2.525014E-05    2.906287E-05    2.906287E-05    2.906287E-05    2.906287E-05    2.525014E-05    2.525014E-05    2.525014E-05    2.525014E-05    2.525014E-05    2.525014E-05    2.525014E-05    2.525014E-05    2.525014E-05    2.525014E-05    2.525014E-05    2.525014E-05
   2.525014E-05    2.525014E-05    2.525014E-05    2.525014E-05    2.906287E-05    2.906287E-05    2.906287E-05    2.906287E-05    2.525014E-05    2.525014E-05    2.525014E-05    2.525014E-05    2.525014E-05    2.525014E-05    2.525014E-05    2.525014E-05    2.525014E-05    2.525014E-05    2.525014E-05    2.525014E-05
   2.525014E-05    2.525014E-05    2.525014E-05    2.525014E-05    2.906287E-05    2.906287E-05    2.906287E-05    2.906287E-05    2.525014E-05    2.525014E-05    2.525014E-05    2.525014E-05    2.525014E-05    2.525014E-05    2.525014E-05    2.525014E-05    2.525014E-05    2.525014E-05    2.525014E-05    2.525014E-05
   2.525014E-05    2.525014E-05    2.525014E-05    2.525014E-05    2.906287E-05    2.906287E-05    2.906287E-05    2.906287E-05    2.525014E-05    2.525014E-05    2.525014E-05    2.525014E-05    2.525014E-05    2.525014E-05    2.525014E-05    2.525014E-05    2.525014E-05    2.525014E-05    2.525014E-05    2.525014E-05
   2.525014E-05    2.525014E-05    2.525014E-05    2.525014E-05    2.906287E-05    2.906287E-05    2.906287E-05    2.906287E-05    2.525014E-05    2.525014E-05    2.525014E-05    2.525014E-05    2.525014E-05    2.525014E-05    2.525014E-05    2.525014E-05    2.525014E-05    2.525014E-05    2.525014E-05    2.525014E-05
   2.525014E-05    2.525014E-05    2.525014E-05    2.525014E-05    2.906287E-05    2.906287E-05    2.906287E-05    2.906287E-05    2.525014E-05    2.525014E-05    2.525014E-05    2.525014E-05    2.525014E-05    2.525014E-05    2.525014E-05    2.525014E-05    2.525014E-05    2.525014E-05    2.525014E-05    2.525014E-05
   2.525014E-05    2.525014E-05    2.525014E-05    2.525014E-05    2.906287E-05    2.906287E-05    2.906287E-05    2.906287E-05    2.525014E-05    2.525014E-05    2.525014E-05    2.525014E-05    2.525014E-05    2.525014E-05    2.525014E-05    2.525014E-05    2.525014E-05    2.525014E-05    2.525014E-05    2.525014E-05
   2.525014E-05    2.525014E-05    2.525014E-05    2.525014E-05    2.906287E-05    2.906287E-05    2.906287E-05    2.906287E-05    2.525014E-05    2.525014E-05    2.525014E-05    2.525014E-05    2.525014E-05    2.525014E-05    2.525014E-05    2.525014E-05    2.525014E-05    2.525014E-05    2.525014E-05    2.525014E-05
   2.525014E-05    2.525014E-05    2.525014E-05    2.525014E-05    2.906287E-05    2.906287E-05    2.906287E-05    2.906287E-05    2.525014E-05    2.525014E-05    2.525014E-05    2.525014E-05    2.525014E-05    2.525014E-05    2.525014E-05    2.525014E-05    2.525014E-05    2.525014E-05    2.525014E-05    2.525014E-05
   2.525014E-05    2.525014E-05    2.525014E-05    2.525014E-05    2.906287E-05    2.906287E-05    2.906287E-05    2.906287E-05    2.525014E-05    2.525014E-05    2.525014E-05    2.525014E-05    2.525014E-05    2.525014E-05    2.525014E-05    2.525014E-05    2.525014E-05    2.525014E-05    2.525014E-05    2.525014E-05
   2.525014E-05    2.525014E-05    2.525014E-05    2.525014E-05    2.906287E-05    2.906287E-05    2.906287E-05    2.906287E-05    2.525014E-05    2.525014E-05    2.525014E-05    2.525014E-05    2.525014E-05    2.525014E-05    2.525014E-05    2.525014E-05    2.525014E-05    2.525014E-05    2.525014E-05    2.525014E-05
   2.525014E-05    2.525014E-05    2.525014E-05    2.525014E-05    2.906287E-05    2.906287E-05    2.906287E-05    2.906287E-05    2.525014E-05    2.525014E-05    2.525014E-05    2.525014E-05    2.525014E-05    2.525014E-05    2.525014E-05    2.525014E-05    2.525014E-05    2.525014E-05    2.525014E-05    2.525014E-05
   2.525014E-05    2.525014E-05    2.525014E-05    2.525014E-05    2.906287E-05    2.906287E-05    2.525014E-05    2.525014E-05    2.525014E-05    2.525014E-05    2.525014E-05    2.525014E-05    2.525014E-05    2.525014E-05    2.525014E-05    2.525014E-05    2.525014E-05    2.525014E-05    2.525014E-05    2.525014E-05
   2.525014E-05    2.525014E-05    2.525014E-05    2.525014E-05    2.525014E-05    2.906287E-05    2.525014E-05    2.525014E-05    2.525014E-05    2.525014E-05    2.525014E-05    2.525014E-05    2.525014E-05    2.525014E-05    2.525014E-05    2.525014E-05    2.525014E-05    2.525014E-05    2.525014E-05    2.525014E-05
   2.525014E-05    2.525014E-05    2.525014E-05    2.525014E-05    2.525014E-05    2.525014E-05    2.525014E-05    2.525014E-05    2.525014E-05    2.525014E-05    2.525014E-05    2.525014E-05    2.525014E-05    2.525014E-05    2.525014E-05    2.525014E-05    2.525014E-05    2.525014E-05    2.525014E-05    2.525014E-05
   2.525014E-05    2.525014E-05    2.525014E-05    2.525014E-05    2.525014E-05    2.525014E-05    2.525014E-05    2.525014E-05    2.525014E-05    2.525014E-05    2.525014E-05    2.525014E-05    2.525014E-05    2.525014E-05    2.525014E-05    2.525014E-05    2.525014E-05    2.525014E-05    2.525014E-05    2.525014E-05
   2.525014E-05    2.525014E-05    2.525014E-05    2.525014E-05    2.525014E-05    2.525014E-05    2.525014E-05    2.525014E-05    2.525014E-05    2.525014E-05    2.525014E-05    2.525014E-05    2.525014E-05    2.525014E-05    2.525014E-05    2.525014E-05    2.525014E-05    2.525014E-05    2.525014E-05    2.525014E-05
   2.525014E-05    2.525014E-05    2.525014E-05    2.525014E-05    2.525014E-05    2.525014E-05    2.525014E-05    2.525014E-05    2.525014E-05    2.525014E-05    2.525014E-05    2.525014E-05    2.525014E-05    2.525014E-05    2.525014E-05    2.525014E-05    2.525014E-05    2.525014E-05    2.525014E-05    2.525014E-05
   2.525014E-05    2.525014E-05    2.525014E-05    2.525014E-05    2.525014E-05    2.525014E-05    2.525014E-05    2.525014E-05    2.525014E-05    2.525014E-05    2.525014E-05    2.525014E-05    2.525014E-05    2.525014E-05    2.525014E-05    2.525014E-05    2.525014E-05    2.525014E-05    2.525014E-05    2.525014E-05
   2.525014E-05    2.525014E-05    2.525014E-05    2.525014E-05    2.525014E-05    2.525014E-05    2.525014E-05    2.525014E-05    2.525014E-05    2.525014E-05    2.525014E-05    2.525014E-05    2.525014E-05    2.525014E-05    2.525014E-05    2.525014E-05    2.525014E-05    2.525014E-05    2.525014E-05    2.525014E-05
   2.525014E-05    2.525014E-05    2.525014E-05    2.525014E-05    2.525014E-05    2.525014E-05    2.525014E-05    2.525014E-05    2.525014E-05    2.525014E-05    2.525014E-05    2.525014E-05    2.525014E-05    2.525014E-05    2.525014E-05    2.525014E-05    2.525014E-05    2.525014E-05    2.525014E-05    2.525014E-05
   2.525014E-05    2.525014E-05    2.525014E-05    2.525014E-05    2.525014E-05    2.525014E-05    2.525014E-05    2.525014E-05    2.525014E-05    2.525014E-05    2.525014E-05    2.525014E-05    2.525014E-05    2.525014E-05    2.525014E-05    2.525014E-05    2.525014E-05    2.525014E-05    2.525014E-05    2.525014E-05
   2.525014E-05    2.525014E-05    2.525014E-05    2.525014E-05    2.525014E-05    2.525014E-05    2.525014E-05    2.525014E-05    2.525014E-05    2.525014E-05    2.525014E-05    2.525014E-05    2.525014E-05    2.525014E-05    2.525014E-05    2.525014E-05    2.525014E-05    2.525014E-05    2.525014E-05    2.525014E-05
   2.906287E-05    2.525014E-05    2.525014E-05    2.525014E-05    2.525014E-05    2.525014E-05    2.525014E-05    2.525014E-05    2.525014E-05    2.525014E-05    2.525014E-05    2.525014E-05    2.525014E-05    2.525014E-05    2.525014E-05    2.525014E-05    2.525014E-05    2.525014E-05    2.525014E-05    2.525014E-05
   2.906287E-05    2.906287E-05    2.525014E-05    2.525014E-05    2.525014E-05    2.525014E-05    2.525014E-05    2.525014E-05    2.525014E-05    2.525014E-05    2.525014E-05    2.525014E-05    2.525014E-05    2.525014E-05    2.525014E-05    2.525014E-05    2.525014E-05    2.525014E-05    2.525014E-05    2.525014E-05
   2.906287E-05    2.906287E-05    2.906287E-05    2.525014E-05    2.525014E-05    2.525014E-05    2.525014E-05    2.525014E-05    2.525014E-05    2.525014E-05    2.525014E-05    2.525014E-05    2.525014E-05    2.525014E-05    2.525014E-05    2.525014E-05    2.525014E-05    2.525014E-05    2.525014E-05    2.525014E-05
   2.906287E-05    2.906287E-05    2.906287E-05    2.906287E-05    2.525014E-05    2.525014E-05    2.525014E-05    2.525014E-05    2.525014E-05    2.525014E-05    2.525014E-05    2.525014E-05    2.525014E-05    2.525014E-05    2.525014E-05    2.525014E-05    2.525014E-05    2.525014E-05    2.525014E-05    2.906287E-05
   2.906287E-05    2.906287E-05    2.906287E-05    2.906287E-05    2.525014E-05    2.525014E-05    2.525014E-05    2.525014E-05    2.525014E-05    2.525014E-05    2.525014E-05    2.525014E-05    2.525014E-05    2.525014E-05    2.525014E-05    2.525014E-05    2.525014E-05    2.525014E-05    2.525014E-05    2.906287E-05
   2.906287E-05    2.906287E-05    2.906287E-05    2.906287E-05    2.906287E-05    2.525014E-05    2.525014E-05    2.525014E-05    2.525014E-05    2.525014E-05    2.525014E-05    2.525014E-05    2.525014E-05    2.525014E-05    2.525014E-05    2.525014E-05    2.525014E-05    2.525014E-05    2.906287E-05    2.906287E-05
   2.906287E-05    2.906287E-05    2.906287E-05    2.906287E-05    2.906287E-05    2.525014E-05    2.525014E-05    2.525014E-05    2.525014E-05    2.525014E-05    2.525014E-05    2.525014E-05    2.525014E-05    2.525014E-05    2.525014E-05    2.525014E-05    2.525014E-05    2.906287E-05    2.906287E-05    2.906287E-05
   2.906287E-05    2.906287E-05    2.906287E-05    2.906287E-05    2.906287E-05    2.525014E-05    2.525014E-05    2.525014E-05    2.525014E-05    2.525014E-05    2.525014E-05    2.525014E-05    2.525014E-05    2.525014E-05    2.525014E-05    2.525014E-05    2.906287E-05    2.906287E-05    2.906287E-05    2.906287E-05
