   6.663028E-06    6.663028E-06    6.663028E-06    6.663028E-06    6.663028E-06    6.663028E-06    6.663028E-06    6.663028E-06    6.663028E-06    6.663028E-06    6.663028E-06    6.663028E-06    6.663028E-06    6.663028E-06    6.663028E-06    6.663028E-06    6.663028E-06    6.663028E-06    6.663028E-06    6.663028E-06
   6.663028E-06    6.663028E-06    6.663028E-06    6.663028E-06    6.663028E-06    6.663028E-06    6.663028E-06    6.663028E-06    6.663028E-06    6.663028E-06    6.663028E-06    6.663028E-06    6.663028E-06    6.663028E-06    6.663028E-06    6.663028E-06    6.663028E-06    6.663028E-06    6.663028E-06    6.663028E-06
   6.663028E-06    6.663028E-06    6.663028E-06    6.663028E-06    6.663028E-06    6.663028E-06    6.663028E-06    6.663028E-06    6.663028E-06    6.663028E-06    6.663028E-06    6.663028E-06    6.663028E-06    6.663028E-06    6.663028E-06    6.663028E-06    6.663028E-06    6.663028E-06    6.663028E-06    6.663028E-06
   6.663028E-06    6.663028E-06    6.663028E-06    6.663028E-06    6.663028E-06    6.663028E-06    6.663028E-06    6.663028E-06    6.663028E-06    6.663028E-06    6.663028E-06    6.663028E-06    6.663028E-06    6.663028E-06    6.663028E-06    6.663028E-06    6.663028E-06    6.663028E-06    6.663028E-06    6.663028E-06
   6.663028E-06    6.663028E-06    6.663028E-06    6.663028E-06    6.663028E-06    6.663028E-06    6.663028E-06    6.663028E-06    6.663028E-06    6.663028E-06    6.663028E-06    6.663028E-06    6.663028E-06    6.663028E-06    6.663028E-06    6.663028E-06    6.663028E-06    6.663028E-06    6.663028E-06    6.663028E-06
   6.663028E-06    6.663028E-06    6.663028E-06    6.663028E-06    6.663028E-06    6.663028E-06    6.663028E-06    6.663028E-06    6.663028E-06    6.663028E-06    6.663028E-06    6.663028E-06    6.663028E-06    6.663028E-06    6.663028E-06    6.663028E-06    6.663028E-06    6.663028E-06    6.663028E-06    6.663028E-06
   6.663028E-06    6.663028E-06    6.663028E-06    6.663028E-06    6.663028E-06    6.663028E-06    6.663028E-06    6.663028E-06    6.663028E-06    6.663028E-06    6.663028E-06    6.663028E-06    6.663028E-06    6.663028E-06    6.663028E-06    6.663028E-06    6.663028E-06    6.663028E-06    6.663028E-06    6.663028E-06
   6.663028E-06    6.663028E-06    6.663028E-06    6.663028E-06    6.663028E-06    6.663028E-06    6.663028E-06    6.663028E-06    6.663028E-06    6.663028E-06    6.663028E-06    6.663028E-06    6.663028E-06    6.663028E-06    6.663028E-06    6.663028E-06    6.663028E-06    6.663028E-06    6.663028E-06    6.663028E-06
   6.663028E-06    6.663028E-06    6.663028E-06    6.663028E-06    5.846935E-06    5.846935E-06    5.846935E-06    6.663028E-06    6.663028E-06    6.663028E-06    6.663028E-06    6.663028E-06    6.663028E-06    6.663028E-06    6.663028E-06    6.663028E-06    6.663028E-06    6.663028E-06    6.663028E-06    6.663028E-06
   6.663028E-06    6.663028E-06    6.663028E-06    6.663028E-06    5.846935E-06    5.846935E-06    5.846935E-06    5.846935E-06    6.663028E-06    6.663028E-06    6.663028E-06    6.663028E-06    6.663028E-06    6.663028E-06    6.663028E-06    6.663028E-06    6.663028E-06    6.663028E-06    6.663028E-06    6.663028E-06
   6.663028E-06    6.663028E-06    6.663028E-06    6.663028E-06    5.846935E-06    5.846935E-06    5.846935E-06    5.846935E-06    6.663028E-06    6.663028E-06    6.663028E-06    6.663028E-06    6.663028E-06    6.663028E-06    6.663028E-06    6.663028E-06    6.663028E-06    6.663028E-06    6.663028E-06    6.663028E-06
   6.663028E-06    6.663028E-06    6.663028E-06    6.663028E-06    5.846935E-06    5.846935E-06    5.846935E-06    5.846935E-06    6.663028E-06    6.663028E-06    6.663028E-06    6.663028E-06    6.663028E-06    6.663028E-06    6.663028E-06    6.663028E-06    6.663028E-06    6.663028E-06    6.663028E-06    6.663028E-06
   6.663028E-06    6.663028E-06    6.663028E-06    6.663028E-06    5.846935E-06    5.846935E-06    5.846935E-06    5.846935E-06    6.663028E-06    6.663028E-06    6.663028E-06    6.663028E-06    6.663028E-06    6.663028E-06    6.663028E-06    6.663028E-06    6.663028E-06    6.663028E-06    6.663028E-06    6.663028E-06
   6.663028E-06    6.663028E-06    6.663028E-06    6.663028E-06    5.846935E-06    5.846935E-06    5.846935E-06    5.846935E-06    6.663028E-06    6.663028E-06    6.663028E-06    6.663028E-06    6.663028E-06    6.663028E-06    6.663028E-06    6.663028E-06    6.663028E-06    6.663028E-06    6.663028E-06    6.663028E-06
   6.663028E-06    6.663028E-06    6.663028E-06    6.663028E-06    5.846935E-06    5.846935E-06    5.846935E-06    5.846935E-06    6.663028E-06    6.663028E-06    6.663028E-06    6.663028E-06    6.663028E-06    6.663028E-06    6.663028E-06    6.663028E-06    6.663028E-06    6.663028E-06    6.663028E-06    6.663028E-06
   6.663028E-06    6.663028E-06    6.663028E-06    6.663028E-06    5.846935E-06    5.846935E-06    5.846935E-06    5.846935E-06    6.663028E-06    6.663028E-06    6.663028E-06    6.663028E-06    6.663028E-06    6.663028E-06    6.663028E-06    6.663028E-06    6.663028E-06    6.663028E-06    6.663028E-06    6.663028E-06
   6.663028E-06    6.663028E-06    6.663028E-06    6.663028E-06    5.846935E-06    5.846935E-06    5.846935E-06    5.846935E-06    6.663028E-06    6.663028E-06    6.663028E-06    6.663028E-06    6.663028E-06    6.663028E-06    6.663028E-06    6.663028E-06    6.663028E-06    6.663028E-06    6.663028E-06    6.663028E-06
   6.663028E-06    6.663028E-06    6.663028E-06    6.663028E-06    5.846935E-06    5.846935E-06    5.846935E-06    5.846935E-06    6.663028E-06    6.663028E-06    6.663028E-06    6.663028E-06    6.663028E-06    6.663028E-06    6.663028E-06    6.663028E-06    6.663028E-06    6.663028E-06    6.663028E-06    6.663028E-06
   6.663028E-06    6.663028E-06    6.663028E-06    6.663028E-06    5.846935E-06    5.846935E-06    5.846935E-06    5.846935E-06    6.663028E-06    6.663028E-06    6.663028E-06    6.663028E-06    6.663028E-06    6.663028E-06    6.663028E-06    6.663028E-06    6.663028E-06    6.663028E-06    6.663028E-06    6.663028E-06
   6.663028E-06    6.663028E-06    6.663028E-06    6.663028E-06    5.846935E-06    5.846935E-06    5.846935E-06    5.846935E-06    6.663028E-06    6.663028E-06    6.663028E-06    6.663028E-06    6.663028E-06    6.663028E-06    6.663028E-06    6.663028E-06    6.663028E-06    6.663028E-06    6.663028E-06    6.663028E-06
   6.663028E-06    6.663028E-06    6.663028E-06    6.663028E-06    5.846935E-06    5.846935E-06    5.846935E-06    5.846935E-06    6.663028E-06    6.663028E-06    6.663028E-06    6.663028E-06    6.663028E-06    6.663028E-06    6.663028E-06    6.663028E-06    6.663028E-06    6.663028E-06    6.663028E-06    6.663028E-06
   6.663028E-06    6.663028E-06    6.663028E-06    6.663028E-06    5.846935E-06    5.846935E-06    6.663028E-06    6.663028E-06    6.663028E-06    6.663028E-06    6.663028E-06    6.663028E-06    6.663028E-06    6.663028E-06    6.663028E-06    6.663028E-06    6.663028E-06    6.663028E-06    6.663028E-06    6.663028E-06
   6.663028E-06    6.663028E-06    6.663028E-06    6.663028E-06    6.663028E-06    5.846935E-06    6.663028E-06    6.663028E-06    6.663028E-06    6.663028E-06    6.663028E-06    6.663028E-06    6.663028E-06    6.663028E-06    6.663028E-06    6.663028E-06    6.663028E-06    6.663028E-06    6.663028E-06    6.663028E-06
   6.663028E-06    6.663028E-06    6.663028E-06    6.663028E-06    6.663028E-06    6.663028E-06    6.663028E-06    6.663028E-06    6.663028E-06    6.663028E-06    6.663028E-06    6.663028E-06    6.663028E-06    6.663028E-06    6.663028E-06    6.663028E-06    6.663028E-06    6.663028E-06    6.663028E-06    6.663028E-06
   6.663028E-06    6.663028E-06    6.663028E-06    6.663028E-06    6.663028E-06    6.663028E-06    6.663028E-06    6.663028E-06    6.663028E-06    6.663028E-06    6.663028E-06    6.663028E-06    6.663028E-06    6.663028E-06    6.663028E-06    6.663028E-06    6.663028E-06    6.663028E-06    6.663028E-06    6.663028E-06
   6.663028E-06    6.663028E-06    6.663028E-06    6.663028E-06    6.663028E-06    6.663028E-06    6.663028E-06    6.663028E-06    6.663028E-06    6.663028E-06    6.663028E-06    6.663028E-06    6.663028E-06    6.663028E-06    6.663028E-06    6.663028E-06    6.663028E-06    6.663028E-06    6.663028E-06    6.663028E-06
   6.663028E-06    6.663028E-06    6.663028E-06    6.663028E-06    6.663028E-06    6.663028E-06    6.663028E-06    6.663028E-06    6.663028E-06    6.663028E-06    6.663028E-06    6.663028E-06    6.663028E-06    6.663028E-06    6.663028E-06    6.663028E-06    6.663028E-06    6.663028E-06    6.663028E-06    6.663028E-06
   6.663028E-06    6.663028E-06    6.663028E-06    6.663028E-06    6.663028E-06    6.663028E-06    6.663028E-06    6.663028E-06    6.663028E-06    6.663028E-06    6.663028E-06    6.663028E-06    6.663028E-06    6.663028E-06    6.663028E-06    6.663028E-06    6.663028E-06    6.663028E-06    6.663028E-06    6.663028E-06
   6.663028E-06    6.663028E-06    6.663028E-06    6.663028E-06    6.663028E-06    6.663028E-06    6.663028E-06    6.663028E-06    6.663028E-06    6.663028E-06    6.663028E-06    6.663028E-06    6.663028E-06    6.663028E-06    6.663028E-06    6.663028E-06    6.663028E-06    6.663028E-06    6.663028E-06    6.663028E-06
   6.663028E-06    6.663028E-06    6.663028E-06    6.663028E-06    6.663028E-06    6.663028E-06    6.663028E-06    6.663028E-06    6.663028E-06    6.663028E-06    6.663028E-06    6.663028E-06    6.663028E-06    6.663028E-06    6.663028E-06    6.663028E-06    6.663028E-06    6.663028E-06    6.663028E-06    6.663028E-06
   6.663028E-06    6.663028E-06    6.663028E-06    6.663028E-06    6.663028E-06    6.663028E-06    6.663028E-06    6.663028E-06    6.663028E-06    6.663028E-06    6.663028E-06    6.663028E-06    6.663028E-06    6.663028E-06    6.663028E-06    6.663028E-06    6.663028E-06    6.663028E-06    6.663028E-06    6.663028E-06
   6.663028E-06    6.663028E-06    6.663028E-06    6.663028E-06    6.663028E-06    6.663028E-06    6.663028E-06    6.663028E-06    6.663028E-06    6.663028E-06    6.663028E-06    6.663028E-06    6.663028E-06    6.663028E-06    6.663028E-06    6.663028E-06    6.663028E-06    6.663028E-06    6.663028E-06    6.663028E-06
   5.846935E-06    6.663028E-06    6.663028E-06    6.663028E-06    6.663028E-06    6.663028E-06    6.663028E-06    6.663028E-06    6.663028E-06    6.663028E-06    6.663028E-06    6.663028E-06    6.663028E-06    6.663028E-06    6.663028E-06    6.663028E-06    6.663028E-06    6.663028E-06    6.663028E-06    6.663028E-06
   5.846935E-06    5.846935E-06    6.663028E-06    6.663028E-06    6.663028E-06    6.663028E-06    6.663028E-06    6.663028E-06    6.663028E-06    6.663028E-06    6.663028E-06    6.663028E-06    6.663028E-06    6.663028E-06    6.663028E-06    6.663028E-06    6.663028E-06    6.663028E-06    6.663028E-06    6.663028E-06
   5.846935E-06    5.846935E-06    5.846935E-06    6.663028E-06    6.663028E-06    6.663028E-06    6.663028E-06    6.663028E-06    6.663028E-06    6.663028E-06    6.663028E-06    6.663028E-06    6.663028E-06    6.663028E-06    6.663028E-06    6.663028E-06    6.663028E-06    6.663028E-06    6.663028E-06    6.663028E-06
   5.846935E-06    5.846935E-06    5.846935E-06    5.846935E-06    6.663028E-06    6.663028E-06    6.663028E-06    6.663028E-06    6.663028E-06    6.663028E-06    6.663028E-06    6.663028E-06    6.663028E-06    6.663028E-06    6.663028E-06    6.663028E-06    6.663028E-06    6.663028E-06    6.663028E-06    5.846935E-06
   5.846935E-06    5.846935E-06    5.846935E-06    5.846935E-06    6.663028E-06    6.663028E-06    6.663028E-06    6.663028E-06    6.663028E-06    6.663028E-06    6.663028E-06    6.663028E-06    6.663028E-06    6.663028E-06    6.663028E-06    6.663028E-06    6.663028E-06    6.663028E-06    6.663028E-06    5.846935E-06
   5.846935E-06    5.846935E-06    5.846935E-06    5.846935E-06    5.846935E-06    6.663028E-06    6.663028E-06    6.663028E-06    6.663028E-06    6.663028E-06    6.663028E-06    6.663028E-06    6.663028E-06    6.663028E-06    6.663028E-06    6.663028E-06    6.663028E-06    6.663028E-06    5.846935E-06    5.846935E-06
   5.846935E-06    5.846935E-06    5.846935E-06    5.846935E-06    5.846935E-06    6.663028E-06    6.663028E-06    6.663028E-06    6.663028E-06    6.663028E-06    6.663028E-06    6.663028E-06    6.663028E-06    6.663028E-06    6.663028E-06    6.663028E-06    6.663028E-06    5.846935E-06    5.846935E-06    5.846935E-06
   5.846935E-06    5.846935E-06    5.846935E-06    5.846935E-06    5.846935E-06    6.663028E-06    6.663028E-06    6.663028E-06    6.663028E-06    6.663028E-06    6.663028E-06    6.663028E-06    6.663028E-06    6.663028E-06    6.663028E-06    6.663028E-06    5.846935E-06    5.846935E-06    5.846935E-06    5.846935E-06
