   1.208531E-04    1.208531E-04    1.208531E-04    1.208531E-04    1.208531E-04    1.208531E-04    1.208531E-04    1.208531E-04    1.208531E-04    1.208531E-04    1.208531E-04    1.208531E-04    1.208531E-04    1.208531E-04    1.208531E-04    1.208531E-04    1.208531E-04    1.208531E-04    1.208531E-04    1.208531E-04
   1.208531E-04    1.208531E-04    1.208531E-04    1.208531E-04    1.208531E-04    1.208531E-04    1.208531E-04    1.208531E-04    1.208531E-04    1.208531E-04    1.208531E-04    1.208531E-04    1.208531E-04    1.208531E-04    1.208531E-04    1.208531E-04    1.208531E-04    1.208531E-04    1.208531E-04    1.208531E-04
   1.208531E-04    1.208531E-04    1.208531E-04    1.208531E-04    1.208531E-04    1.208531E-04    1.208531E-04    1.208531E-04    1.208531E-04    1.208531E-04    1.208531E-04    1.208531E-04    1.208531E-04    1.208531E-04    1.208531E-04    1.208531E-04    1.208531E-04    1.208531E-04    1.208531E-04    1.208531E-04
   1.208531E-04    1.208531E-04    1.208531E-04    1.208531E-04    1.208531E-04    1.208531E-04    1.208531E-04    1.208531E-04    1.208531E-04    1.208531E-04    1.208531E-04    1.208531E-04    1.208531E-04    1.208531E-04    1.208531E-04    1.208531E-04    1.208531E-04    1.208531E-04    1.208531E-04    1.208531E-04
   1.208531E-04    1.208531E-04    1.208531E-04    1.208531E-04    1.208531E-04    1.208531E-04    1.208531E-04    1.208531E-04    1.208531E-04    1.208531E-04    1.208531E-04    1.208531E-04    1.208531E-04    1.208531E-04    1.208531E-04    1.208531E-04    1.208531E-04    1.208531E-04    1.208531E-04    1.208531E-04
   1.208531E-04    1.208531E-04    1.208531E-04    1.208531E-04    1.208531E-04    1.208531E-04    1.208531E-04    1.208531E-04    1.208531E-04    1.208531E-04    1.208531E-04    1.208531E-04    1.208531E-04    1.208531E-04    1.208531E-04    1.208531E-04    1.208531E-04    1.208531E-04    1.208531E-04    1.208531E-04
   1.208531E-04    1.208531E-04    1.208531E-04    1.208531E-04    1.208531E-04    1.208531E-04    1.208531E-04    1.208531E-04    1.208531E-04    1.208531E-04    1.208531E-04    1.208531E-04    1.208531E-04    1.208531E-04    1.208531E-04    1.208531E-04    1.208531E-04    1.208531E-04    1.208531E-04    1.208531E-04
   1.208531E-04    1.208531E-04    1.208531E-04    1.208531E-04    1.208531E-04    1.208531E-04    1.208531E-04    1.208531E-04    1.208531E-04    1.208531E-04    1.208531E-04    1.208531E-04    1.208531E-04    1.208531E-04    1.208531E-04    1.208531E-04    1.208531E-04    1.208531E-04    1.208531E-04    1.208531E-04
   1.208531E-04    1.208531E-04    1.208531E-04    1.208531E-04    1.209585E-04    1.209585E-04    1.209585E-04    1.208531E-04    1.208531E-04    1.208531E-04    1.208531E-04    1.208531E-04    1.208531E-04    1.208531E-04    1.208531E-04    1.208531E-04    1.208531E-04    1.208531E-04    1.208531E-04    1.208531E-04
   1.208531E-04    1.208531E-04    1.208531E-04    1.208531E-04    1.209585E-04    1.209585E-04    1.209585E-04    1.209585E-04    1.208531E-04    1.208531E-04    1.208531E-04    1.208531E-04    1.208531E-04    1.208531E-04    1.208531E-04    1.208531E-04    1.208531E-04    1.208531E-04    1.208531E-04    1.208531E-04
   1.208531E-04    1.208531E-04    1.208531E-04    1.208531E-04    1.209585E-04    1.209585E-04    1.209585E-04    1.209585E-04    1.208531E-04    1.208531E-04    1.208531E-04    1.208531E-04    1.208531E-04    1.208531E-04    1.208531E-04    1.208531E-04    1.208531E-04    1.208531E-04    1.208531E-04    1.208531E-04
   1.208531E-04    1.208531E-04    1.208531E-04    1.208531E-04    1.209585E-04    1.209585E-04    1.209585E-04    1.209585E-04    1.208531E-04    1.208531E-04    1.208531E-04    1.208531E-04    1.208531E-04    1.208531E-04    1.208531E-04    1.208531E-04    1.208531E-04    1.208531E-04    1.208531E-04    1.208531E-04
   1.208531E-04    1.208531E-04    1.208531E-04    1.208531E-04    1.209585E-04    1.209585E-04    1.209585E-04    1.209585E-04    1.208531E-04    1.208531E-04    1.208531E-04    1.208531E-04    1.208531E-04    1.208531E-04    1.208531E-04    1.208531E-04    1.208531E-04    1.208531E-04    1.208531E-04    1.208531E-04
   1.208531E-04    1.208531E-04    1.208531E-04    1.208531E-04    1.209585E-04    1.209585E-04    1.209585E-04    1.209585E-04    1.208531E-04    1.208531E-04    1.208531E-04    1.208531E-04    1.208531E-04    1.208531E-04    1.208531E-04    1.208531E-04    1.208531E-04    1.208531E-04    1.208531E-04    1.208531E-04
   1.208531E-04    1.208531E-04    1.208531E-04    1.208531E-04    1.209585E-04    1.209585E-04    1.209585E-04    1.209585E-04    1.208531E-04    1.208531E-04    1.208531E-04    1.208531E-04    1.208531E-04    1.208531E-04    1.208531E-04    1.208531E-04    1.208531E-04    1.208531E-04    1.208531E-04    1.208531E-04
   1.208531E-04    1.208531E-04    1.208531E-04    1.208531E-04    1.209585E-04    1.209585E-04    1.209585E-04    1.209585E-04    1.208531E-04    1.208531E-04    1.208531E-04    1.208531E-04    1.208531E-04    1.208531E-04    1.208531E-04    1.208531E-04    1.208531E-04    1.208531E-04    1.208531E-04    1.208531E-04
   1.208531E-04    1.208531E-04    1.208531E-04    1.208531E-04    1.209585E-04    1.209585E-04    1.209585E-04    1.209585E-04    1.208531E-04    1.208531E-04    1.208531E-04    1.208531E-04    1.208531E-04    1.208531E-04    1.208531E-04    1.208531E-04    1.208531E-04    1.208531E-04    1.208531E-04    1.208531E-04
   1.208531E-04    1.208531E-04    1.208531E-04    1.208531E-04    1.209585E-04    1.209585E-04    1.209585E-04    1.209585E-04    1.208531E-04    1.208531E-04    1.208531E-04    1.208531E-04    1.208531E-04    1.208531E-04    1.208531E-04    1.208531E-04    1.208531E-04    1.208531E-04    1.208531E-04    1.208531E-04
   1.208531E-04    1.208531E-04    1.208531E-04    1.208531E-04    1.209585E-04    1.209585E-04    1.209585E-04    1.209585E-04    1.208531E-04    1.208531E-04    1.208531E-04    1.208531E-04    1.208531E-04    1.208531E-04    1.208531E-04    1.208531E-04    1.208531E-04    1.208531E-04    1.208531E-04    1.208531E-04
   1.208531E-04    1.208531E-04    1.208531E-04    1.208531E-04    1.209585E-04    1.209585E-04    1.209585E-04    1.209585E-04    1.208531E-04    1.208531E-04    1.208531E-04    1.208531E-04    1.208531E-04    1.208531E-04    1.208531E-04    1.208531E-04    1.208531E-04    1.208531E-04    1.208531E-04    1.208531E-04
   1.208531E-04    1.208531E-04    1.208531E-04    1.208531E-04    1.209585E-04    1.209585E-04    1.209585E-04    1.209585E-04    1.208531E-04    1.208531E-04    1.208531E-04    1.208531E-04    1.208531E-04    1.208531E-04    1.208531E-04    1.208531E-04    1.208531E-04    1.208531E-04    1.208531E-04    1.208531E-04
   1.208531E-04    1.208531E-04    1.208531E-04    1.208531E-04    1.209585E-04    1.209585E-04    1.208531E-04    1.208531E-04    1.208531E-04    1.208531E-04    1.208531E-04    1.208531E-04    1.208531E-04    1.208531E-04    1.208531E-04    1.208531E-04    1.208531E-04    1.208531E-04    1.208531E-04    1.208531E-04
   1.208531E-04    1.208531E-04    1.208531E-04    1.208531E-04    1.208531E-04    1.209585E-04    1.208531E-04    1.208531E-04    1.208531E-04    1.208531E-04    1.208531E-04    1.208531E-04    1.208531E-04    1.208531E-04    1.208531E-04    1.208531E-04    1.208531E-04    1.208531E-04    1.208531E-04    1.208531E-04
   1.208531E-04    1.208531E-04    1.208531E-04    1.208531E-04    1.208531E-04    1.208531E-04    1.208531E-04    1.208531E-04    1.208531E-04    1.208531E-04    1.208531E-04    1.208531E-04    1.208531E-04    1.208531E-04    1.208531E-04    1.208531E-04    1.208531E-04    1.208531E-04    1.208531E-04    1.208531E-04
   1.208531E-04    1.208531E-04    1.208531E-04    1.208531E-04    1.208531E-04    1.208531E-04    1.208531E-04    1.208531E-04    1.208531E-04    1.208531E-04    1.208531E-04    1.208531E-04    1.208531E-04    1.208531E-04    1.208531E-04    1.208531E-04    1.208531E-04    1.208531E-04    1.208531E-04    1.208531E-04
   1.208531E-04    1.208531E-04    1.208531E-04    1.208531E-04    1.208531E-04    1.208531E-04    1.208531E-04    1.208531E-04    1.208531E-04    1.208531E-04    1.208531E-04    1.208531E-04    1.208531E-04    1.208531E-04    1.208531E-04    1.208531E-04    1.208531E-04    1.208531E-04    1.208531E-04    1.208531E-04
   1.208531E-04    1.208531E-04    1.208531E-04    1.208531E-04    1.208531E-04    1.208531E-04    1.208531E-04    1.208531E-04    1.208531E-04    1.208531E-04    1.208531E-04    1.208531E-04    1.208531E-04    1.208531E-04    1.208531E-04    1.208531E-04    1.208531E-04    1.208531E-04    1.208531E-04    1.208531E-04
   1.208531E-04    1.208531E-04    1.208531E-04    1.208531E-04    1.208531E-04    1.208531E-04    1.208531E-04    1.208531E-04    1.208531E-04    1.208531E-04    1.208531E-04    1.208531E-04    1.208531E-04    1.208531E-04    1.208531E-04    1.208531E-04    1.208531E-04    1.208531E-04    1.208531E-04    1.208531E-04
   1.208531E-04    1.208531E-04    1.208531E-04    1.208531E-04    1.208531E-04    1.208531E-04    1.208531E-04    1.208531E-04    1.208531E-04    1.208531E-04    1.208531E-04    1.208531E-04    1.208531E-04    1.208531E-04    1.208531E-04    1.208531E-04    1.208531E-04    1.208531E-04    1.208531E-04    1.208531E-04
   1.208531E-04    1.208531E-04    1.208531E-04    1.208531E-04    1.208531E-04    1.208531E-04    1.208531E-04    1.208531E-04    1.208531E-04    1.208531E-04    1.208531E-04    1.208531E-04    1.208531E-04    1.208531E-04    1.208531E-04    1.208531E-04    1.208531E-04    1.208531E-04    1.208531E-04    1.208531E-04
   1.208531E-04    1.208531E-04    1.208531E-04    1.208531E-04    1.208531E-04    1.208531E-04    1.208531E-04    1.208531E-04    1.208531E-04    1.208531E-04    1.208531E-04    1.208531E-04    1.208531E-04    1.208531E-04    1.208531E-04    1.208531E-04    1.208531E-04    1.208531E-04    1.208531E-04    1.208531E-04
   1.208531E-04    1.208531E-04    1.208531E-04    1.208531E-04    1.208531E-04    1.208531E-04    1.208531E-04    1.208531E-04    1.208531E-04    1.208531E-04    1.208531E-04    1.208531E-04    1.208531E-04    1.208531E-04    1.208531E-04    1.208531E-04    1.208531E-04    1.208531E-04    1.208531E-04    1.208531E-04
   1.209585E-04    1.208531E-04    1.208531E-04    1.208531E-04    1.208531E-04    1.208531E-04    1.208531E-04    1.208531E-04    1.208531E-04    1.208531E-04    1.208531E-04    1.208531E-04    1.208531E-04    1.208531E-04    1.208531E-04    1.208531E-04    1.208531E-04    1.208531E-04    1.208531E-04    1.208531E-04
   1.209585E-04    1.209585E-04    1.208531E-04    1.208531E-04    1.208531E-04    1.208531E-04    1.208531E-04    1.208531E-04    1.208531E-04    1.208531E-04    1.208531E-04    1.208531E-04    1.208531E-04    1.208531E-04    1.208531E-04    1.208531E-04    1.208531E-04    1.208531E-04    1.208531E-04    1.208531E-04
   1.209585E-04    1.209585E-04    1.209585E-04    1.208531E-04    1.208531E-04    1.208531E-04    1.208531E-04    1.208531E-04    1.208531E-04    1.208531E-04    1.208531E-04    1.208531E-04    1.208531E-04    1.208531E-04    1.208531E-04    1.208531E-04    1.208531E-04    1.208531E-04    1.208531E-04    1.208531E-04
   1.209585E-04    1.209585E-04    1.209585E-04    1.209585E-04    1.208531E-04    1.208531E-04    1.208531E-04    1.208531E-04    1.208531E-04    1.208531E-04    1.208531E-04    1.208531E-04    1.208531E-04    1.208531E-04    1.208531E-04    1.208531E-04    1.208531E-04    1.208531E-04    1.208531E-04    1.209585E-04
   1.209585E-04    1.209585E-04    1.209585E-04    1.209585E-04    1.208531E-04    1.208531E-04    1.208531E-04    1.208531E-04    1.208531E-04    1.208531E-04    1.208531E-04    1.208531E-04    1.208531E-04    1.208531E-04    1.208531E-04    1.208531E-04    1.208531E-04    1.208531E-04    1.208531E-04    1.209585E-04
   1.209585E-04    1.209585E-04    1.209585E-04    1.209585E-04    1.209585E-04    1.208531E-04    1.208531E-04    1.208531E-04    1.208531E-04    1.208531E-04    1.208531E-04    1.208531E-04    1.208531E-04    1.208531E-04    1.208531E-04    1.208531E-04    1.208531E-04    1.208531E-04    1.209585E-04    1.209585E-04
   1.209585E-04    1.209585E-04    1.209585E-04    1.209585E-04    1.209585E-04    1.208531E-04    1.208531E-04    1.208531E-04    1.208531E-04    1.208531E-04    1.208531E-04    1.208531E-04    1.208531E-04    1.208531E-04    1.208531E-04    1.208531E-04    1.208531E-04    1.209585E-04    1.209585E-04    1.209585E-04
   1.209585E-04    1.209585E-04    1.209585E-04    1.209585E-04    1.209585E-04    1.208531E-04    1.208531E-04    1.208531E-04    1.208531E-04    1.208531E-04    1.208531E-04    1.208531E-04    1.208531E-04    1.208531E-04    1.208531E-04    1.208531E-04    1.209585E-04    1.209585E-04    1.209585E-04    1.209585E-04
