   3.645141E+01    3.642911E+01    3.638526E+01    3.632110E+01    3.623853E+01    3.613979E+01    3.602739E+01    3.590416E+01    3.577237E+01    3.563408E+01    3.549041E+01    3.534099E+01    3.518428E+01    3.501859E+01    3.484250E+01    3.465466E+01    3.469152E+01    3.471910E+01    3.473739E+01    3.474647E+01
   3.645660E+01    3.643386E+01    3.638908E+01    3.632354E+01    3.623919E+01    3.613841E+01    3.602388E+01    3.589859E+01    3.576507E+01    3.562557E+01    3.548150E+01    3.533234E+01    3.517605E+01    3.501084E+01    3.483521E+01    3.464739E+01    3.468438E+01    3.471190E+01    3.473010E+01    3.473914E+01
   3.646729E+01    3.644368E+01    3.639708E+01    3.632875E+01    3.624076E+01    3.613578E+01    3.601693E+01    3.588759E+01    3.575061E+01    3.560865E+01    3.546363E+01    3.531487E+01    3.515916E+01    3.499482E+01    3.482034E+01    3.463356E+01    3.467014E+01    3.469732E+01    3.471534E+01    3.472432E+01
   3.648421E+01    3.645937E+01    3.641013E+01    3.633752E+01    3.624371E+01    3.613204E+01    3.600634E+01    3.587074E+01    3.572876E+01    3.558305E+01    3.543651E+01    3.528797E+01    3.513269E+01    3.496966E+01    3.479725E+01    3.461314E+01    3.464839E+01    3.467494E+01    3.469281E+01    3.470183E+01
   3.650841E+01    3.648220E+01    3.642973E+01    3.635130E+01    3.624887E+01    3.612724E+01    3.599135E+01    3.584650E+01    3.569790E+01    3.554812E+01    3.539902E+01    3.524954E+01    3.509536E+01    3.493442E+01    3.476516E+01    3.458578E+01    3.461836E+01    3.464408E+01    3.466219E+01    3.467159E+01
   3.654112E+01    3.651392E+01    3.645839E+01    3.637283E+01    3.625759E+01    3.612161E+01    3.597081E+01    3.581133E+01    3.565346E+01    3.549966E+01    3.534946E+01    3.519986E+01    3.504705E+01    3.488869E+01    3.472338E+01    3.455006E+01    3.457869E+01    3.460390E+01    3.462329E+01    3.463385E+01
   3.658315E+01    3.655642E+01    3.650018E+01    3.640790E+01    3.627155E+01    3.611590E+01    3.594442E+01    3.576028E+01    3.559078E+01    3.543470E+01    3.528575E+01    3.513805E+01    3.498752E+01    3.483207E+01    3.467084E+01    3.450357E+01    3.452579E+01    3.455260E+01    3.457614E+01    3.458951E+01
   3.663386E+01    3.661084E+01    3.656117E+01    3.647144E+01    3.628966E+01    3.611182E+01    3.591667E+01    3.568104E+01    3.550102E+01    3.534932E+01    3.520681E+01    3.506394E+01    3.491665E+01    3.476402E+01    3.460623E+01    3.444242E+01    3.445119E+01    3.448724E+01    3.452169E+01    3.454099E+01
   3.668919E+01    3.667404E+01    3.664561E+01    3.661266E+01    1.000000E+30    1.000000E+30    1.000000E+30    3.553342E+01    3.536958E+01    3.524124E+01    3.511403E+01    3.497911E+01    3.483500E+01    3.468415E+01    3.452965E+01    3.436196E+01    3.433120E+01    3.440528E+01    3.446424E+01    3.449368E+01
   3.674069E+01    3.673208E+01    3.671734E+01    3.670391E+01    1.000000E+30    1.000000E+30    1.000000E+30    1.000000E+30    3.518928E+01    3.511805E+01    3.501446E+01    3.488822E+01    3.474377E+01    3.459045E+01    3.444776E+01    3.426896E+01    3.408511E+01    3.431880E+01    3.441734E+01    3.445711E+01
   3.678100E+01    3.677662E+01    3.676945E+01    3.676322E+01    1.000000E+30    1.000000E+30    1.000000E+30    1.000000E+30    3.506332E+01    3.501222E+01    3.492272E+01    3.479995E+01    3.464439E+01    3.446733E+01    3.438151E+01    3.427215E+01    3.426086E+01    3.434527E+01    3.440949E+01    3.444118E+01
   3.680532E+01    3.680311E+01    3.679955E+01    3.679644E+01    1.000000E+30    1.000000E+30    1.000000E+30    1.000000E+30    3.497152E+01    3.492941E+01    3.484911E+01    3.472845E+01    3.454815E+01    3.423141E+01    3.431756E+01    3.427460E+01    3.431765E+01    3.437124E+01    3.441473E+01    3.443795E+01
   3.681168E+01    3.681041E+01    3.680840E+01    3.680673E+01    1.000000E+30    1.000000E+30    1.000000E+30    1.000000E+30    3.490482E+01    3.486921E+01    3.480051E+01    3.469978E+01    3.456700E+01    3.441509E+01    3.436033E+01    3.429363E+01    3.434387E+01    3.438800E+01    3.442148E+01    3.443941E+01
   3.679981E+01    3.679893E+01    3.679761E+01    3.679656E+01    1.000000E+30    1.000000E+30    1.000000E+30    1.000000E+30    3.485674E+01    3.482642E+01    3.476849E+01    3.468639E+01    3.458536E+01    3.447848E+01    3.439430E+01    3.430950E+01    3.435766E+01    3.439718E+01    3.442576E+01    3.444080E+01
   3.677016E+01    3.676944E+01    3.676839E+01    3.676758E+01    1.000000E+30    1.000000E+30    1.000000E+30    1.000000E+30    3.482200E+01    3.479556E+01    3.474542E+01    3.467562E+01    3.459120E+01    3.449950E+01    3.440954E+01    3.431617E+01    3.436252E+01    3.439979E+01    3.442610E+01    3.443976E+01
   3.672340E+01    3.672267E+01    3.672164E+01    3.672088E+01    1.000000E+30    1.000000E+30    1.000000E+30    1.000000E+30    3.479678E+01    3.477268E+01    3.472710E+01    3.466365E+01    3.458647E+01    3.450042E+01    3.440969E+01    3.431344E+01    3.435951E+01    3.439633E+01    3.442205E+01    3.443528E+01
   3.666011E+01    3.665921E+01    3.665797E+01    3.665706E+01    1.000000E+30    1.000000E+30    1.000000E+30    1.000000E+30    3.477876E+01    3.475542E+01    3.471121E+01    3.464942E+01    3.457373E+01    3.448836E+01    3.439734E+01    3.430188E+01    3.434915E+01    3.438718E+01    3.441368E+01    3.442722E+01
   3.658092E+01    3.657961E+01    3.657773E+01    3.657635E+01    1.000000E+30    1.000000E+30    1.000000E+30    1.000000E+30    3.476721E+01    3.474300E+01    3.469723E+01    3.463308E+01    3.455402E+01    3.446465E+01    3.437156E+01    3.428093E+01    3.433170E+01    3.437292E+01    3.440154E+01    3.441611E+01
   3.648650E+01    3.648427E+01    3.648097E+01    3.647847E+01    1.000000E+30    1.000000E+30    1.000000E+30    1.000000E+30    3.476295E+01    3.473602E+01    3.468581E+01    3.461556E+01    3.452791E+01    3.442723E+01    3.432538E+01    3.424804E+01    3.430739E+01    3.435482E+01    3.438699E+01    3.440314E+01
   3.637787E+01    3.637376E+01    3.636741E+01    3.636227E+01    1.000000E+30    1.000000E+30    1.000000E+30    1.000000E+30    3.476866E+01    3.473612E+01    3.467848E+01    3.459916E+01    3.449785E+01    3.437302E+01    3.423607E+01    3.419942E+01    3.427835E+01    3.433552E+01    3.437213E+01    3.439000E+01
   3.625699E+01    3.624935E+01    3.623663E+01    3.622499E+01    1.000000E+30    1.000000E+30    1.000000E+30    1.000000E+30    3.478985E+01    3.474506E+01    3.467674E+01    3.458829E+01    3.447384E+01    3.431165E+01    3.402533E+01    3.414197E+01    3.425396E+01    3.432023E+01    3.435971E+01    3.437850E+01
   3.612738E+01    3.611373E+01    3.608852E+01    3.605974E+01    1.000000E+30    1.000000E+30    3.498341E+01    3.492949E+01    3.483867E+01    3.476128E+01    3.467902E+01    3.458672E+01    3.447936E+01    3.435219E+01    3.421479E+01    3.417847E+01    3.425771E+01    3.431507E+01    3.435176E+01    3.436966E+01
   3.599454E+01    3.597303E+01    3.592749E+01    3.584865E+01    3.570217E+01    1.000000E+30    3.501962E+01    3.494994E+01    3.485814E+01    3.476641E+01    3.467530E+01    3.458347E+01    3.448668E+01    3.438329E+01    3.428172E+01    3.420583E+01    3.426613E+01    3.431409E+01    3.434651E+01    3.436275E+01
   3.586624E+01    3.583956E+01    3.578313E+01    3.568865E+01    3.553884E+01    3.531127E+01    3.510787E+01    3.497610E+01    3.486158E+01    3.475494E+01    3.465623E+01    3.456838E+01    3.448272E+01    3.439421E+01    3.430437E+01    3.421739E+01    3.427021E+01    3.431248E+01    3.434154E+01    3.435628E+01
   3.574739E+01    3.571878E+01    3.565983E+01    3.556696E+01    3.543613E+01    3.527148E+01    3.510896E+01    3.496915E+01    3.484100E+01    3.471908E+01    3.460930E+01    3.453367E+01    3.446399E+01    3.438884E+01    3.430661E+01    3.421778E+01    3.426857E+01    3.430817E+01    3.433524E+01    3.434898E+01
   3.563975E+01    3.561100E+01    3.555309E+01    3.546549E+01    3.534963E+01    3.521258E+01    3.507061E+01    3.493397E+01    3.479748E+01    3.465373E+01    3.450943E+01    3.447447E+01    3.443285E+01    3.437317E+01    3.429844E+01    3.421124E+01    3.426213E+01    3.430078E+01    3.432686E+01    3.434003E+01
   3.554324E+01    3.551478E+01    3.545815E+01    3.537426E+01    3.526588E+01    3.513997E+01    3.500840E+01    3.488071E+01    3.474383E+01    3.456994E+01    3.427698E+01    3.440155E+01    3.440127E+01    3.435522E+01    3.428600E+01    3.420086E+01    3.425217E+01    3.429051E+01    3.431617E+01    3.432906E+01
   3.545747E+01    3.542892E+01    3.537239E+01    3.528883E+01    3.518032E+01    3.505281E+01    3.492163E+01    3.481662E+01    3.470885E+01    3.458540E+01    3.445456E+01    3.443003E+01    3.439641E+01    3.434312E+01    3.427298E+01    3.418836E+01    3.423953E+01    3.427769E+01    3.430316E+01    3.431595E+01
   3.538238E+01    3.535306E+01    3.529533E+01    3.520928E+01    3.509372E+01    3.494782E+01    3.478586E+01    3.473416E+01    3.467110E+01    3.458931E+01    3.450472E+01    3.444742E+01    3.439294E+01    3.433084E+01    3.425815E+01    3.417374E+01    3.422441E+01    3.426244E+01    3.428791E+01    3.430073E+01
   3.531870E+01    3.528760E+01    3.522814E+01    3.513999E+01    3.501696E+01    3.483654E+01    3.451573E+01    3.464176E+01    3.463206E+01    3.457685E+01    3.450845E+01    3.444351E+01    3.437959E+01    3.431259E+01    3.423903E+01    3.415613E+01    3.420655E+01    3.424476E+01    3.427051E+01    3.428352E+01
   3.526823E+01    3.523252E+01    3.517128E+01    3.508643E+01    3.497687E+01    3.484149E+01    3.469414E+01    3.466001E+01    3.461766E+01    3.455861E+01    3.449057E+01    3.442106E+01    3.435249E+01    3.428463E+01    3.421343E+01    3.413460E+01    3.418565E+01    3.422466E+01    3.425112E+01    3.426456E+01
   3.523561E+01    3.518509E+01    3.511987E+01    3.503878E+01    3.494296E+01    3.483701E+01    3.473447E+01    3.466470E+01    3.460044E+01    3.453125E+01    3.445685E+01    3.438079E+01    3.430819E+01    3.424386E+01    3.417968E+01    3.410851E+01    3.416161E+01    3.420229E+01    3.423006E+01    3.424434E+01
   1.000000E+30    3.513468E+01    3.506647E+01    3.498780E+01    3.490053E+01    3.480977E+01    3.472213E+01    3.464473E+01    3.457008E+01    3.449198E+01    3.440819E+01    3.432062E+01    3.423909E+01    3.418661E+01    3.413693E+01    3.407800E+01    3.413475E+01    3.417800E+01    3.420780E+01    3.422369E+01
   1.000000E+30    1.000000E+30    3.500599E+01    3.492789E+01    3.484385E+01    3.476149E+01    3.468155E+01    3.460440E+01    3.452621E+01    3.444207E+01    3.434726E+01    3.423811E+01    3.412372E+01    3.410955E+01    3.408704E+01    3.404474E+01    3.410614E+01    3.415226E+01    3.418473E+01    3.420421E+01
   1.000000E+30    1.000000E+30    1.000000E+30    3.485678E+01    3.476840E+01    3.469372E+01    3.462117E+01    3.454834E+01    3.447193E+01    3.438707E+01    3.428508E+01    3.414361E+01    3.388765E+01    3.402260E+01    3.404008E+01    3.401312E+01    3.407752E+01    3.412524E+01    3.415989E+01    3.418944E+01
   1.000000E+30    1.000000E+30    1.000000E+30    1.000000E+30    3.466255E+01    3.460724E+01    3.454456E+01    3.447946E+01    3.441020E+01    3.433383E+01    3.424655E+01    3.414490E+01    3.403831E+01    3.403308E+01    3.402034E+01    3.398867E+01    3.405026E+01    3.409633E+01    3.412536E+01    1.000000E+30
   1.000000E+30    1.000000E+30    1.000000E+30    1.000000E+30    3.459545E+01    3.451179E+01    3.445416E+01    3.439882E+01    3.434008E+01    3.427610E+01    3.420657E+01    3.413385E+01    3.406802E+01    3.403299E+01    3.400278E+01    3.396538E+01    3.402324E+01    3.406952E+01    3.410491E+01    1.000000E+30
   1.000000E+30    1.000000E+30    1.000000E+30    1.000000E+30    1.000000E+30    3.437386E+01    3.434528E+01    3.430576E+01    3.425961E+01    3.420845E+01    3.415406E+01    3.409942E+01    3.404988E+01    3.401122E+01    3.397615E+01    3.393776E+01    3.399255E+01    3.403859E+01    1.000000E+30    1.000000E+30
   1.000000E+30    1.000000E+30    1.000000E+30    1.000000E+30    1.000000E+30    3.424800E+01    3.423109E+01    3.420324E+01    3.416825E+01    3.412850E+01    3.408632E+01    3.404412E+01    3.400469E+01    3.396969E+01    3.393695E+01    3.390299E+01    3.395539E+01    1.000000E+30    1.000000E+30    1.000000E+30
   1.000000E+30    1.000000E+30    1.000000E+30    1.000000E+30    1.000000E+30    3.412241E+01    3.411125E+01    3.409131E+01    3.406518E+01    3.403527E+01    3.400324E+01    3.397075E+01    3.393921E+01    3.390989E+01    3.388303E+01    3.385977E+01    1.000000E+30    1.000000E+30    1.000000E+30    1.000000E+30
