  1 1 1.02051956E+02 1.00000000E+02 GHB1
  1 2 1.02086372E+02 1.00000000E+02 GHB1
  1 3 1.02092110E+02 1.00000000E+02 GHB1
  1 4 1.02098053E+02 1.00000000E+02 GHB1
  1 5 1.02104202E+02 1.00000000E+02 GHB1
  1 6 1.02142143E+02 1.00000000E+02 GHB1
  1 7 1.02149315E+02 1.00000000E+02 GHB1
  1 8 1.02156662E+02 1.00000000E+02 GHB1
  1 9 1.02164169E+02 1.00000000E+02 GHB1
  1 10 1.02171806E+02 1.00000000E+02 GHB1
  1 11 1.02214661E+02 1.00000000E+02 GHB1
  1 12 1.02223358E+02 1.00000000E+02 GHB1
  1 13 1.02232079E+02 1.00000000E+02 GHB1
  1 14 1.02240715E+02 1.00000000E+02 GHB1
  1 15 1.02287735E+02 1.00000000E+02 GHB1
  1 16 1.02296783E+02 1.00000000E+02 GHB1
  1 17 1.02305244E+02 1.00000000E+02 GHB1
  1 18 1.02305244E+02 1.00000000E+02 GHB1
  1 19 1.02353271E+02 1.00000000E+02 GHB1
  1 20 1.02360649E+02 1.00000000E+02 GHB1
  1 21 1.02367599E+02 1.00000000E+02 GHB1
  1 22 1.02374519E+02 1.00000000E+02 GHB1
  1 23 1.02420517E+02 1.00000000E+02 GHB1
  1 24 1.02428131E+02 1.00000000E+02 GHB1
  1 25 1.02436363E+02 1.00000000E+02 GHB1
  1 26 1.02445251E+02 1.00000000E+02 GHB1
  1 27 1.02492424E+02 1.00000000E+02 GHB1
  1 28 1.02502800E+02 1.00000000E+02 GHB1
  1 29 1.02513832E+02 1.00000000E+02 GHB1
  1 30 1.02525475E+02 1.00000000E+02 GHB1
  1 31 1.02574524E+02 1.00000000E+02 GHB1
  1 32 1.02587471E+02 1.00000000E+02 GHB1
  1 33 1.02600899E+02 1.00000000E+02 GHB1
  1 34 1.02614754E+02 1.00000000E+02 GHB1
  1 35 1.02628960E+02 1.00000000E+02 GHB1
  1 36 1.02680115E+02 1.00000000E+02 GHB1
  1 37 1.02695198E+02 1.00000000E+02 GHB1
  1 38 1.02710457E+02 1.00000000E+02 GHB1
  1 39 1.02725800E+02 1.00000000E+02 GHB1
  1 40 1.02778061E+02 1.00000000E+02 GHB1
  1 41 1.02793930E+02 1.00000000E+02 GHB1
  1 42 1.02809624E+02 1.00000000E+02 GHB1
  1 43 1.02824936E+02 1.00000000E+02 GHB1
  1 44 1.02878349E+02 1.00000000E+02 GHB1
  1 45 1.02893585E+02 1.00000000E+02 GHB1
  1 46 1.02907707E+02 1.00000000E+02 GHB1
  1 47 1.02920059E+02 1.00000000E+02 GHB1
  1 48 1.02974129E+02 1.00000000E+02 GHB1
  1 49 1.02982399E+02 1.00000000E+02 GHB1
  1 50 1.02984131E+02 1.00000000E+02 GHB1
  1 51 1.02977333E+02 1.00000000E+02 GHB1
  1 52 1.03025024E+02 1.00000000E+02 GHB1
  1 53 1.03006027E+02 1.00000000E+02 GHB1
  1 54 1.02981140E+02 1.00000000E+02 GHB1
  1 55 1.02953629E+02 1.00000000E+02 GHB1
  1 56 1.02954109E+02 1.00000000E+02 GHB1
  1 57 1.02923409E+02 1.00000000E+02 GHB1
  1 58 1.02892662E+02 1.00000000E+02 GHB1
  1 59 1.02861893E+02 1.00000000E+02 GHB1
  1 60 1.02831108E+02 1.00000000E+02 GHB1
  1 61 1.02822884E+02 1.00000000E+02 GHB1
  1 62 1.02791901E+02 1.00000000E+02 GHB1
  1 63 1.02791901E+02 1.00000000E+02 GHB1
  1 66 1.02760925E+02 1.00000000E+02 GHB1
  1 67 1.02760925E+02 1.00000000E+02 GHB1
  1 68 1.02760925E+02 1.00000000E+02 GHB1
  1 69 1.02760925E+02 1.00000000E+02 GHB1
  1 70 1.02760925E+02 1.00000000E+02 GHB1
  1 71 1.02760925E+02 1.00000000E+02 GHB1
  1 72 1.02760925E+02 1.00000000E+02 GHB1
  1 73 1.02760925E+02 1.00000000E+02 GHB1
  1 74 1.02729942E+02 1.00000000E+02 GHB1
  1 75 1.02760925E+02 1.00000000E+02 GHB1
  1 76 1.02729942E+02 1.00000000E+02 GHB1
  1 94 1.02729942E+02 1.00000000E+02 GHB1
  1 95 1.02729942E+02 1.00000000E+02 GHB1
  1 96 1.02729942E+02 1.00000000E+02 GHB1
  1 97 1.02729942E+02 1.00000000E+02 GHB1
  1 98 1.02729942E+02 1.00000000E+02 GHB1
  1 104 1.02698936E+02 1.00000000E+02 GHB1
  1 105 1.02667915E+02 1.00000000E+02 GHB1
  1 106 1.02636864E+02 1.00000000E+02 GHB1
  1 107 1.02605782E+02 1.00000000E+02 GHB1
  1 108 1.02574661E+02 1.00000000E+02 GHB1
  1 109 1.02543503E+02 1.00000000E+02 GHB1
  1 110 1.02512314E+02 1.00000000E+02 GHB1
  1 111 1.02481079E+02 1.00000000E+02 GHB1
  1 112 1.02449814E+02 1.00000000E+02 GHB1
  1 113 1.02418510E+02 1.00000000E+02 GHB1
  1 114 1.02387177E+02 1.00000000E+02 GHB1
  1 115 1.02355812E+02 1.00000000E+02 GHB1
  1 116 1.02324425E+02 1.00000000E+02 GHB1
  1 117 1.02293022E+02 1.00000000E+02 GHB1
  1 118 1.02261612E+02 1.00000000E+02 GHB1
  1 119 1.02230194E+02 1.00000000E+02 GHB1
  1 120 1.02198776E+02 1.00000000E+02 GHB1
  1 121 1.02167381E+02 1.00000000E+02 GHB1
  1 122 1.02136002E+02 1.00000000E+02 GHB1
  1 123 1.02022919E+02 1.00000000E+02 GHB1
  1 241 1.02136002E+02 1.00000000E+02 GHB1
  1 242 1.01993790E+02 1.00000000E+02 GHB1
  1 357 1.02136002E+02 1.00000000E+02 GHB1
  1 358 1.01967918E+02 1.00000000E+02 GHB1
  1 476 1.02136002E+02 1.00000000E+02 GHB1
  1 477 1.01938202E+02 1.00000000E+02 GHB1
  1 601 1.02104652E+02 1.00000000E+02 GHB1
  1 602 1.01938202E+02 1.00000000E+02 GHB1
  1 726 1.02104652E+02 1.00000000E+02 GHB1
  1 727 1.01908531E+02 1.00000000E+02 GHB1
  1 839 1.02081726E+02 1.00000000E+02 GHB1
  1 840 1.01880905E+02 1.00000000E+02 GHB1
  1 952 1.02058075E+02 1.00000000E+02 GHB1
  1 953 1.01851021E+02 1.00000000E+02 GHB1
  1 1077 1.02033691E+02 1.00000000E+02 GHB1
  1 1078 1.01821350E+02 1.00000000E+02 GHB1
  1 1202 1.01976814E+02 1.00000000E+02 GHB1
  1 1203 1.01791924E+02 1.00000000E+02 GHB1
  1 1330 1.01950905E+02 1.00000000E+02 GHB1
  1 1331 1.01763458E+02 1.00000000E+02 GHB1
  1 1500 1.01924301E+02 1.00000000E+02 GHB1
  1 1501 1.01734451E+02 1.00000000E+02 GHB1
  1 1625 1.01897003E+02 1.00000000E+02 GHB1
  1 1626 1.01705856E+02 1.00000000E+02 GHB1
  1 1741 1.01836952E+02 1.00000000E+02 GHB1
  1 1742 1.01677719E+02 1.00000000E+02 GHB1
  1 1866 1.01836952E+02 1.00000000E+02 GHB1
  1 1867 1.01650909E+02 1.00000000E+02 GHB1
  1 1994 1.01808228E+02 1.00000000E+02 GHB1
  1 1995 1.01624100E+02 1.00000000E+02 GHB1
  1 2119 1.01778847E+02 1.00000000E+02 GHB1
  1 2120 1.01598038E+02 1.00000000E+02 GHB1
  1 2244 1.01716530E+02 1.00000000E+02 GHB1
  1 2245 1.01572838E+02 1.00000000E+02 GHB1
  1 2360 1.01685768E+02 1.00000000E+02 GHB1
  1 2361 1.01551239E+02 1.00000000E+02 GHB1
  1 2476 1.01654358E+02 1.00000000E+02 GHB1
  1 2477 1.01528748E+02 1.00000000E+02 GHB1
  1 2592 1.01622314E+02 1.00000000E+02 GHB1
  1 2593 1.01507568E+02 1.00000000E+02 GHB1
  1 2729 1.01557007E+02 1.00000000E+02 GHB1
  1 2730 1.01487816E+02 1.00000000E+02 GHB1
  1 2860 1.01523598E+02 1.00000000E+02 GHB1
  1 2861 1.01473145E+02 1.00000000E+02 GHB1
  1 2982 1.01489540E+02 1.00000000E+02 GHB1
  1 2983 1.01456184E+02 1.00000000E+02 GHB1
  1 3098 1.01454834E+02 1.00000000E+02 GHB1
  1 3099 1.01440323E+02 1.00000000E+02 GHB1
  1 3283 1.01386391E+02 1.00000000E+02 GHB1
  1 3284 1.01425369E+02 1.00000000E+02 GHB1
  1 3543 1.01350243E+02 1.00000000E+02 GHB1
  1 3544 1.01413574E+02 1.00000000E+02 GHB1
  1 3860 1.01313416E+02 1.00000000E+02 GHB1
  1 3861 1.01399330E+02 1.00000000E+02 GHB1
  1 4084 1.01275894E+02 1.00000000E+02 GHB1
  1 4085 1.01385254E+02 1.00000000E+02 GHB1
  1 4308 1.01204033E+02 1.00000000E+02 GHB1
  1 4309 1.01371140E+02 1.00000000E+02 GHB1
  1 4523 1.01164917E+02 1.00000000E+02 GHB1
  1 4524 1.01371140E+02 1.00000000E+02 GHB1
  1 4741 1.01125053E+02 1.00000000E+02 GHB1
  1 4742 1.01357880E+02 1.00000000E+02 GHB1
  1 4959 1.01084412E+02 1.00000000E+02 GHB1
  1 4960 1.01342636E+02 1.00000000E+02 GHB1
  1 5252 1.01008820E+02 1.00000000E+02 GHB1
  1 5253 1.01326767E+02 1.00000000E+02 GHB1
  1 5608 1.00966408E+02 1.00000000E+02 GHB1
  1 5609 1.01310112E+02 1.00000000E+02 GHB1
  1 5994 1.00923141E+02 1.00000000E+02 GHB1
  1 5995 1.01292175E+02 1.00000000E+02 GHB1
  1 6401 1.00878998E+02 1.00000000E+02 GHB1
  1 6402 1.01272865E+02 1.00000000E+02 GHB1
  1 6832 1.00799561E+02 1.00000000E+02 GHB1
  1 6833 1.01252296E+02 1.00000000E+02 GHB1
  1 7281 1.00753502E+02 1.00000000E+02 GHB1
  1 7282 1.01230385E+02 1.00000000E+02 GHB1
  1 7736 1.00706505E+02 1.00000000E+02 GHB1
  1 7737 1.01204170E+02 1.00000000E+02 GHB1
  1 8224 1.00706505E+02 1.00000000E+02 GHB1
  1 8225 1.01178200E+02 1.00000000E+02 GHB1
  1 8757 1.00658554E+02 1.00000000E+02 GHB1
  1 8758 1.01150635E+02 1.00000000E+02 GHB1
  1 9305 1.00575500E+02 1.00000000E+02 GHB1
  1 9306 1.01121521E+02 1.00000000E+02 GHB1
  1 9874 1.00525620E+02 1.00000000E+02 GHB1
  1 9875 1.01083008E+02 1.00000000E+02 GHB1
  1 10437 1.00474770E+02 1.00000000E+02 GHB1
  1 10438 1.01049141E+02 1.00000000E+02 GHB1
  1 11009 1.00422943E+02 1.00000000E+02 GHB1
  1 11010 1.01013992E+02 1.00000000E+02 GHB1
  1 11563 1.00336929E+02 1.00000000E+02 GHB1
  1 11564 1.00977837E+02 1.00000000E+02 GHB1
  1 12126 1.00283340E+02 1.00000000E+02 GHB1
  1 12127 1.00924576E+02 1.00000000E+02 GHB1
  1 12677 1.00228821E+02 1.00000000E+02 GHB1
  1 12678 1.00884834E+02 1.00000000E+02 GHB1
  1 13210 1.00173378E+02 1.00000000E+02 GHB1
  1 13211 1.00845322E+02 1.00000000E+02 GHB1
  1 13737 1.00085403E+02 1.00000000E+02 GHB1
  1 13738 1.00806664E+02 1.00000000E+02 GHB1
  1 14246 1.00028519E+02 1.00000000E+02 GHB1
  1 14247 1.00742920E+02 1.00000000E+02 GHB1
  1 14740 9.99708023E+01 1.00000000E+02 GHB1
  1 14741 1.00705811E+02 1.00000000E+02 GHB1
  1 15216 9.99123001E+01 1.00000000E+02 GHB1
  1 15217 1.00670517E+02 1.00000000E+02 GHB1
  1 15680 9.98234711E+01 1.00000000E+02 GHB1
  1 15681 1.00636429E+02 1.00000000E+02 GHB1
  1 16135 9.97639008E+01 1.00000000E+02 GHB1
  1 16136 1.00607353E+02 1.00000000E+02 GHB1
  1 16566 9.97036591E+01 1.00000000E+02 GHB1
  1 16567 1.00573410E+02 1.00000000E+02 GHB1
  1 16970 9.96427765E+01 1.00000000E+02 GHB1
  1 16971 1.00539886E+02 1.00000000E+02 GHB1
  1 17341 9.95541153E+01 1.00000000E+02 GHB1
  1 17342 1.00506691E+02 1.00000000E+02 GHB1
  1 17649 9.94925385E+01 1.00000000E+02 GHB1
  1 17650 1.00442024E+02 1.00000000E+02 GHB1
  1 17894 9.94304428E+01 1.00000000E+02 GHB1
  1 17895 1.00408646E+02 1.00000000E+02 GHB1
  1 18109 9.93678665E+01 1.00000000E+02 GHB1
  1 18110 1.00375587E+02 1.00000000E+02 GHB1
  1 18318 9.92801666E+01 1.00000000E+02 GHB1
  1 18319 1.00342842E+02 1.00000000E+02 GHB1
  1 18515 9.92172012E+01 1.00000000E+02 GHB1
  1 18516 1.00310379E+02 1.00000000E+02 GHB1
  1 18700 9.91538544E+01 1.00000000E+02 GHB1
  1 18701 1.00243614E+02 1.00000000E+02 GHB1
  1 18870 9.91538544E+01 1.00000000E+02 GHB1
  1 18871 1.00211380E+02 1.00000000E+02 GHB1
  1 19040 9.90901566E+01 1.00000000E+02 GHB1
  1 19041 1.00179459E+02 1.00000000E+02 GHB1
  1 19195 9.90261307E+01 1.00000000E+02 GHB1
  1 19196 1.00147804E+02 1.00000000E+02 GHB1
  1 19332 9.89618073E+01 1.00000000E+02 GHB1
  1 19333 1.00081070E+02 1.00000000E+02 GHB1
  1 19448 9.88972168E+01 1.00000000E+02 GHB1
  1 19449 1.00049911E+02 1.00000000E+02 GHB1
  1 19570 9.88323746E+01 1.00000000E+02 GHB1
  1 19571 1.00019012E+02 1.00000000E+02 GHB1
  1 19689 9.87673111E+01 1.00000000E+02 GHB1
  1 19690 9.99883499E+01 1.00000000E+02 GHB1
  1 19811 9.87020493E+01 1.00000000E+02 GHB1
  1 19812 9.99229050E+01 1.00000000E+02 GHB1
  1 19927 9.86365891E+01 1.00000000E+02 GHB1
  1 19928 9.98928680E+01 1.00000000E+02 GHB1
  1 20040 9.85709686E+01 1.00000000E+02 GHB1
  1 20041 9.98630524E+01 1.00000000E+02 GHB1
  1 20162 9.85051956E+01 1.00000000E+02 GHB1
  1 20163 9.98334503E+01 1.00000000E+02 GHB1
  1 20278 9.84392853E+01 1.00000000E+02 GHB1
  1 20279 9.97700119E+01 1.00000000E+02 GHB1
  1 20394 9.83732376E+01 1.00000000E+02 GHB1
  1 20395 9.97411194E+01 1.00000000E+02 GHB1
  1 20510 9.83070831E+01 1.00000000E+02 GHB1
  1 20511 9.97124405E+01 1.00000000E+02 GHB1
  1 20626 9.82408142E+01 1.00000000E+02 GHB1
  1 20627 9.96839905E+01 1.00000000E+02 GHB1
  1 20742 9.81744461E+01 1.00000000E+02 GHB1
  1 20743 9.96229172E+01 1.00000000E+02 GHB1
  1 20858 9.81079941E+01 1.00000000E+02 GHB1
  1 20859 9.96229172E+01 1.00000000E+02 GHB1
  1 20977 9.80414505E+01 1.00000000E+02 GHB1
  1 20978 9.95952377E+01 1.00000000E+02 GHB1
  1 21099 9.79748306E+01 1.00000000E+02 GHB1
  1 21100 9.95678101E+01 1.00000000E+02 GHB1
  1 21224 9.79081421E+01 1.00000000E+02 GHB1
  1 21225 9.95086670E+01 1.00000000E+02 GHB1
  1 21349 9.78413773E+01 1.00000000E+02 GHB1
  1 21350 9.94820557E+01 1.00000000E+02 GHB1
  1 21501 9.77745590E+01 1.00000000E+02 GHB1
  1 21502 9.94557266E+01 1.00000000E+02 GHB1
  1 21755 9.77745590E+01 1.00000000E+02 GHB1
  1 21756 9.77745590E+01 1.00000000E+02 GHB1
  1 21758 9.77076797E+01 1.00000000E+02 GHB1
  1 21763 9.77076797E+01 1.00000000E+02 GHB1
  1 21764 9.77076797E+01 1.00000000E+02 GHB1
  1 21765 9.94296722E+01 1.00000000E+02 GHB1
  1 21870 9.77076797E+01 1.00000000E+02 GHB1
  1 21872 9.77076797E+01 1.00000000E+02 GHB1
  1 21875 9.77076797E+01 1.00000000E+02 GHB1
  1 21877 9.76407547E+01 1.00000000E+02 GHB1
  1 21878 9.77076797E+01 1.00000000E+02 GHB1
  1 21879 9.77076797E+01 1.00000000E+02 GHB1
  1 21880 9.77076797E+01 1.00000000E+02 GHB1
  1 21881 9.77076797E+01 1.00000000E+02 GHB1
  1 21882 9.76407547E+01 1.00000000E+02 GHB1
  1 21883 9.77076797E+01 1.00000000E+02 GHB1
  1 21884 9.77076797E+01 1.00000000E+02 GHB1
  1 21886 9.76407547E+01 1.00000000E+02 GHB1
  1 21888 9.76407547E+01 1.00000000E+02 GHB1
  1 21889 9.76407547E+01 1.00000000E+02 GHB1
  1 21890 9.76407547E+01 1.00000000E+02 GHB1
  1 21891 9.76407547E+01 1.00000000E+02 GHB1
  1 21892 9.76407547E+01 1.00000000E+02 GHB1
  1 21893 9.76407547E+01 1.00000000E+02 GHB1
  1 21894 9.76407547E+01 1.00000000E+02 GHB1
  1 21895 9.76407547E+01 1.00000000E+02 GHB1
  1 21896 9.76407547E+01 1.00000000E+02 GHB1
  1 21897 9.76407547E+01 1.00000000E+02 GHB1
  1 21898 9.76407547E+01 1.00000000E+02 GHB1
  1 21899 9.76407547E+01 1.00000000E+02 GHB1
  1 21900 9.76407547E+01 1.00000000E+02 GHB1
  1 21901 9.76407547E+01 1.00000000E+02 GHB1
  1 21902 9.93730392E+01 1.00000000E+02 GHB1
  1 21984 9.76407547E+01 1.00000000E+02 GHB1
  1 21985 9.76407547E+01 1.00000000E+02 GHB1
  1 21986 9.76407547E+01 1.00000000E+02 GHB1
  1 21987 9.76407547E+01 1.00000000E+02 GHB1
  1 21988 9.76407547E+01 1.00000000E+02 GHB1
  1 21989 9.75737839E+01 1.00000000E+02 GHB1
  1 21990 9.75737839E+01 1.00000000E+02 GHB1
  1 21991 9.93478622E+01 1.00000000E+02 GHB1
  1 22073 9.75067825E+01 1.00000000E+02 GHB1
  1 22074 9.93230057E+01 1.00000000E+02 GHB1
  1 22156 9.75067825E+01 1.00000000E+02 GHB1
  1 22157 9.92984619E+01 1.00000000E+02 GHB1
  1 22239 9.74397659E+01 1.00000000E+02 GHB1
  1 22240 9.92742538E+01 1.00000000E+02 GHB1
  1 22322 9.73727493E+01 1.00000000E+02 GHB1
  1 22323 9.92206650E+01 1.00000000E+02 GHB1
  1 22405 9.73057785E+01 1.00000000E+02 GHB1
  1 22406 9.92206650E+01 1.00000000E+02 GHB1
  1 22407 9.91908340E+01 1.00000000E+02 GHB1
  1 22408 9.91609039E+01 1.00000000E+02 GHB1
  1 22409 9.91308899E+01 1.00000000E+02 GHB1
  1 22410 9.91007919E+01 1.00000000E+02 GHB1
  1 22411 9.90706329E+01 1.00000000E+02 GHB1
  1 22412 9.90404129E+01 1.00000000E+02 GHB1
  1 22413 9.90323868E+01 1.00000000E+02 GHB1
  1 22414 9.90019226E+01 1.00000000E+02 GHB1
  1 22415 9.89714355E+01 1.00000000E+02 GHB1
  1 22416 9.89409256E+01 1.00000000E+02 GHB1
  1 22417 9.89324341E+01 1.00000000E+02 GHB1
  1 22418 9.89017944E+01 1.00000000E+02 GHB1
  1 22419 9.88711472E+01 1.00000000E+02 GHB1
  1 22420 9.88404999E+01 1.00000000E+02 GHB1
  1 22421 9.88319397E+01 1.00000000E+02 GHB1
  1 22422 9.88319397E+01 1.00000000E+02 GHB1
  1 22423 9.88012161E+01 1.00000000E+02 GHB1
  1 22424 9.87704849E+01 1.00000000E+02 GHB1
  1 22425 9.87621994E+01 1.00000000E+02 GHB1
  1 22426 9.87314148E+01 1.00000000E+02 GHB1
  1 22427 9.87005844E+01 1.00000000E+02 GHB1
  1 22428 9.86696930E+01 1.00000000E+02 GHB1
  1 22429 9.86618500E+01 1.00000000E+02 GHB1
  1 22430 9.86308289E+01 1.00000000E+02 GHB1
  1 22431 9.85996857E+01 1.00000000E+02 GHB1
  1 22432 9.85683823E+01 1.00000000E+02 GHB1
  1 22433 9.85369186E+01 1.00000000E+02 GHB1
  1 22434 9.85293808E+01 1.00000000E+02 GHB1
  1 22435 9.84975510E+01 1.00000000E+02 GHB1
  1 22436 9.84654770E+01 1.00000000E+02 GHB1
  1 22437 9.84331207E+01 1.00000000E+02 GHB1
  1 22438 9.84256058E+01 1.00000000E+02 GHB1
  1 22439 9.83926620E+01 1.00000000E+02 GHB1
  1 22440 9.83593674E+01 1.00000000E+02 GHB1
  1 22441 9.83257141E+01 1.00000000E+02 GHB1
  1 22442 9.83177185E+01 1.00000000E+02 GHB1
  1 22443 9.82832489E+01 1.00000000E+02 GHB1
  1 22444 9.82483673E+01 1.00000000E+02 GHB1
  1 22445 9.82130661E+01 1.00000000E+02 GHB1
  1 22446 9.82040939E+01 1.00000000E+02 GHB1
  1 22447 9.81678162E+01 1.00000000E+02 GHB1
  1 22448 9.81311111E+01 1.00000000E+02 GHB1
  1 22449 9.80939789E+01 1.00000000E+02 GHB1
  1 22450 9.80836334E+01 1.00000000E+02 GHB1
  1 22451 9.80454407E+01 1.00000000E+02 GHB1
  1 22452 9.80068283E+01 1.00000000E+02 GHB1
  1 22453 9.79678040E+01 1.00000000E+02 GHB1
  1 22454 9.79559097E+01 1.00000000E+02 GHB1
  1 22455 9.79157944E+01 1.00000000E+02 GHB1
  1 22456 9.79157944E+01 1.00000000E+02 GHB1
  1 22457 9.78752747E+01 1.00000000E+02 GHB1
  1 22458 9.78343658E+01 1.00000000E+02 GHB1
  1 22459 9.78209229E+01 1.00000000E+02 GHB1
  1 22460 9.77789078E+01 1.00000000E+02 GHB1
  1 22461 9.77365112E+01 1.00000000E+02 GHB1
  1 22462 9.76937332E+01 1.00000000E+02 GHB1
  1 22463 9.76789017E+01 1.00000000E+02 GHB1
  1 22464 9.76350021E+01 1.00000000E+02 GHB1
  1 22465 9.75907211E+01 1.00000000E+02 GHB1
  1 22466 9.75460739E+01 1.00000000E+02 GHB1
  1 22467 9.75302429E+01 1.00000000E+02 GHB1
  1 22468 9.74844437E+01 1.00000000E+02 GHB1
  1 22469 9.74382629E+01 1.00000000E+02 GHB1
  1 22470 9.73917084E+01 1.00000000E+02 GHB1
  1 22471 9.73759308E+01 1.00000000E+02 GHB1
  1 22472 9.73283157E+01 1.00000000E+02 GHB1
  1 22473 9.72803040E+01 1.00000000E+02 GHB1
  1 22474 9.72318954E+01 1.00000000E+02 GHB1
  1 22475 9.72206955E+01 1.00000000E+02 GHB1
  1 22476 9.71729507E+01 1.00000000E+02 GHB1
  1 22477 9.71260757E+01 1.00000000E+02 GHB1
  1 22478 9.70822372E+01 1.00000000E+02 GHB1
  1 22479 9.71169815E+01 1.00000000E+02 GHB1
  1 22480 9.71064377E+01 1.00000000E+02 GHB1
  1 22481 9.71064377E+01 1.00000000E+02 GHB1
  1 22482 9.71064377E+01 1.00000000E+02 GHB1
  1 22483 9.71064377E+01 1.00000000E+02 GHB1
  1 22484 9.71723328E+01 1.00000000E+02 GHB1
  1 22485 9.71723328E+01 1.00000000E+02 GHB1
  1 22486 9.71723328E+01 1.00000000E+02 GHB1
  1 22487 9.71723328E+01 1.00000000E+02 GHB1
  1 22488 9.72389221E+01 1.00000000E+02 GHB1
