   3.717430E-05    3.281533E-05    2.130807E-05    3.417221E-05    4.298177E-05    5.598353E-05    7.004858E-05    6.894893E-05    4.224776E-05    3.574308E-05    2.873186E-05    2.769803E-05    2.920205E-05    2.423177E-05    3.015571E-05    3.215414E-05    4.704146E-05    5.190842E-05    6.728150E-05    5.310725E-05
   5.042718E-05    4.107650E-05    4.093094E-05    4.538469E-05    4.669435E-05    5.465766E-05    7.042966E-05    7.157092E-05    4.146999E-05    2.835250E-05    2.610178E-05    1.452389E-05    1.670608E-05    2.244825E-05    2.640812E-05    4.043845E-05    8.380828E-05    7.743010E-05    6.371345E-05    6.953808E-05
   5.737176E-05    5.961347E-05    4.262878E-05    4.455373E-05    4.052963E-05    6.731554E-05    7.047364E-05    6.016357E-05    2.985473E-05    2.855730E-05    2.878468E-05    1.857710E-05    2.639486E-05    2.286076E-05    4.865043E-05    5.489227E-05    5.818632E-05    3.630359E-05    7.424959E-05    6.073762E-05
   4.348527E-05    5.697802E-05    4.790708E-05    2.978303E-05    4.582038E-05    4.933527E-05    6.734926E-05    6.093008E-05    3.445282E-05    2.564906E-05    2.398060E-05    1.387798E-05    2.164738E-05    1.747287E-05    3.213471E-05    3.832440E-05    4.228835E-05    3.705552E-05    4.240574E-05    4.036155E-05
   3.261098E-05    3.516843E-05    5.100859E-05    2.592550E-05    3.117249E-05    6.726069E-05    4.504790E-05    5.933512E-05    3.166266E-05    3.191586E-05    3.691387E-05    2.023977E-05    1.593634E-05    1.793998E-05    3.204646E-05    4.082177E-05    4.972625E-05    2.756726E-05    6.128993E-05    6.992628E-05
   4.265813E-05    4.894345E-05    6.665048E-05    3.068212E-05    3.065793E-05    3.268080E-05    6.178456E-05    5.674229E-05    3.609060E-05    2.300230E-05    3.288655E-05    2.163875E-05    1.943027E-05    1.636704E-05    2.129399E-05    3.360231E-05    3.911169E-05    2.248575E-05    2.509085E-05    4.676358E-05
   5.257212E-05    6.346600E-05    4.290847E-05    4.073413E-05    2.859444E-05    4.067494E-05    4.400004E-05    5.544028E-05    2.556979E-05    1.900494E-05    3.044170E-05    1.361046E-05    1.112499E-05    1.051133E-05    1.030403E-05    1.402201E-05    2.095155E-05    3.343189E-05    2.932228E-05    3.998647E-05
   6.413337E-05    5.934899E-05    8.346751E-05    7.064196E-05    4.006241E-05    4.571663E-05    4.444502E-05    5.566409E-05    2.827444E-05    2.661059E-05    2.972500E-05    1.552376E-05    1.338670E-05    1.457604E-05    1.183752E-05    1.347736E-05    2.099128E-05    2.363234E-05    1.890627E-05    3.433404E-05
   5.801586E-05    3.898137E-05    6.810387E-05    5.626560E-05    6.214915E-05    6.214915E-05    6.214915E-05    4.593944E-05    3.784435E-05    1.717173E-05    2.060945E-05    2.316387E-05    9.520437E-06    7.747366E-06    1.008955E-05    1.474052E-05    1.272640E-05    2.347383E-05    2.027289E-05    1.780937E-05
   5.132620E-05    3.651830E-05    4.245499E-05    5.905258E-05    6.214915E-05    6.214915E-05    6.214915E-05    6.214915E-05    2.921161E-05    3.110510E-05    3.215982E-05    1.879968E-05    1.006447E-05    7.836467E-06    9.600354E-06    2.074206E-05    1.492862E-05    1.869454E-05    2.403413E-05    1.764570E-05
   5.562207E-05    5.228198E-05    5.369128E-05    1.246152E-04    6.214915E-05    6.214915E-05    6.214915E-05    6.214915E-05    3.717930E-05    4.047447E-05    3.428650E-05    2.293860E-05    1.574762E-05    1.712424E-05    2.111257E-05    2.319214E-05    2.019907E-05    2.656828E-05    2.083610E-05    2.002180E-05
   3.496880E-05    5.841224E-05    8.781600E-05    1.126150E-04    6.214915E-05    6.214915E-05    6.214915E-05    6.214915E-05    4.951197E-05    2.602840E-05    1.990780E-05    3.028353E-05    1.940271E-05    1.864176E-05    2.746770E-05    2.562501E-05    3.926065E-05    2.598224E-05    1.662727E-05    2.001636E-05
   5.090324E-05    4.653910E-05    6.482792E-05    9.222671E-05    6.214915E-05    6.214915E-05    6.214915E-05    6.214915E-05    3.936869E-05    3.640945E-05    2.382874E-05    3.813697E-05    2.847748E-05    2.451629E-05    1.757844E-05    2.423602E-05    2.769560E-05    1.735900E-05    2.012278E-05    1.010346E-05
   4.928546E-05    7.924052E-05    8.501245E-05    1.100773E-04    6.214915E-05    6.214915E-05    6.214915E-05    6.214915E-05    8.676476E-05    3.824639E-05    3.556550E-05    2.801270E-05    2.202310E-05    2.159216E-05    2.641714E-05    2.143320E-05    2.125455E-05    1.664369E-05    2.037534E-05    2.655041E-05
   6.524092E-05    7.161148E-05    1.040168E-04    1.334493E-04    6.214915E-05    6.214915E-05    6.214915E-05    6.214915E-05    7.019822E-05    4.063822E-05    2.941613E-05    3.719995E-05    2.624426E-05    2.121316E-05    2.602286E-05    1.619122E-05    1.762381E-05    2.053473E-05    2.478140E-05    3.793276E-05
   7.229512E-05    7.877227E-05    1.231912E-04    1.347740E-04    6.214915E-05    6.214915E-05    6.214915E-05    6.214915E-05    5.711752E-05    2.803897E-05    1.643658E-05    1.862781E-05    1.954185E-05    1.201745E-05    2.606226E-05    1.825695E-05    1.738511E-05    2.527377E-05    3.139640E-05    5.319675E-05
   7.567690E-05    1.419725E-04    1.780668E-04    9.693341E-05    6.214915E-05    6.214915E-05    6.214915E-05    6.214915E-05    3.348588E-05    2.753924E-05    2.157067E-05    2.622481E-05    2.612103E-05    1.999685E-05    1.671113E-05    1.714905E-05    2.945268E-05    2.259509E-05    3.973243E-05    5.931872E-05
   1.120473E-04    7.775004E-05    8.998901E-05    7.653039E-05    6.214915E-05    6.214915E-05    6.214915E-05    6.214915E-05    4.043949E-05    2.587611E-05    3.652276E-05    4.153620E-05    2.456679E-05    1.480235E-05    1.387759E-05    2.617916E-05    3.572786E-05    4.619108E-05    6.241208E-05    8.011462E-05
   1.056619E-04    9.000762E-05    7.582609E-05    7.103572E-05    6.214915E-05    6.214915E-05    6.214915E-05    6.214915E-05    5.078767E-05    2.338916E-05    2.801126E-05    6.153978E-05    3.706067E-05    2.024804E-05    2.215751E-05    2.481688E-05    4.312225E-05    5.040854E-05    5.172462E-05    6.003876E-05
   1.300307E-04    9.310629E-05    4.997129E-05    6.110553E-05    6.214915E-05    6.214915E-05    6.214915E-05    6.214915E-05    2.527744E-05    2.910057E-05    1.662375E-05    3.902667E-05    2.885005E-05    2.997751E-05    2.977923E-05    2.799735E-05    3.468034E-05    4.020581E-05    5.720111E-05    3.698804E-05
   5.140850E-05    6.720228E-05    2.549296E-05    4.348398E-05    6.214915E-05    6.214915E-05    6.214915E-05    6.214915E-05    4.649604E-05    4.010418E-05    3.294179E-05    4.853484E-05    7.083326E-05    4.419830E-05    3.373547E-05    3.299962E-05    2.738623E-05    3.301142E-05    3.403374E-05    3.895180E-05
   3.261218E-05    3.033321E-05    2.775420E-05    2.624570E-05    6.214915E-05    6.214915E-05    3.487332E-05    3.943295E-05    5.832311E-05    4.157501E-05    4.506009E-05    5.626403E-05    9.425038E-05    1.097045E-04    4.251342E-05    3.035232E-05    2.707115E-05    2.339058E-05    2.197747E-05    3.527668E-05
   2.697221E-05    2.849096E-05    2.794418E-05    3.135252E-05    5.053736E-05    6.214915E-05    3.016258E-05    3.590425E-05    4.815014E-05    7.084926E-05    9.825951E-05    7.017383E-05    6.153874E-05    5.392912E-05    4.673697E-05    3.772731E-05    4.642089E-05    2.889877E-05    2.020829E-05    3.049795E-05
   2.124029E-05    4.879465E-05    3.248282E-05    4.574717E-05    3.139690E-05    5.072914E-05    2.393074E-05    4.416505E-05    7.146419E-05    7.577196E-05    9.754737E-05    9.018716E-05    7.126414E-05    7.794190E-05    6.055253E-05    4.534395E-05    4.677269E-05    2.296778E-05    3.022428E-05    2.786484E-05
   2.556158E-05    5.540324E-05    5.615959E-05    6.207031E-05    4.463795E-05    4.538160E-05    2.999852E-05    4.513594E-05    8.077110E-05    6.968957E-05    7.921259E-05    1.019748E-04    1.289231E-04    7.363148E-05    7.088477E-05    4.159266E-05    3.840941E-05    3.709663E-05    3.837976E-05    4.122377E-05
   3.740147E-05    6.230657E-05    8.230106E-05    6.927112E-05    4.492297E-05    3.463214E-05    4.757531E-05    6.376363E-05    7.503235E-05    8.127924E-05    8.483095E-05    1.087986E-04    8.906277E-05    8.207398E-05    5.929947E-05    5.510057E-05    4.246292E-05    4.765498E-05    3.078498E-05    4.409800E-05
   5.234683E-05    5.888948E-05    6.831205E-05    7.757120E-05    5.553128E-05    4.503312E-05    5.475629E-05    5.764428E-05    1.011094E-04    1.254838E-04    8.167922E-05    1.005165E-04    8.370805E-05    5.408113E-05    6.467845E-05    5.983399E-05    4.013384E-05    4.494752E-05    4.930050E-05    3.597143E-05
   8.559220E-05    8.522744E-05    1.015657E-04    6.138442E-05    8.962522E-05    9.123073E-05    6.318532E-05    4.508825E-05    8.897766E-05    1.255866E-04    1.205167E-04    7.140261E-05    6.243893E-05    5.013218E-05    4.658025E-05    4.967611E-05    3.030698E-05    2.783507E-05    3.545911E-05    3.447675E-05
   1.785460E-04    1.706337E-04    1.149208E-04    6.653990E-05    3.482613E-05    3.914833E-05    6.434416E-05    4.507280E-05    5.216545E-05    9.458142E-05    8.694727E-05    1.031422E-04    9.408772E-05    4.007909E-05    3.181202E-05    3.051726E-05    1.938046E-05    2.624744E-05    2.298747E-05    4.603657E-05
   1.824024E-04    1.824743E-04    8.360109E-05    7.923844E-05    3.464664E-05    4.146496E-05    7.840409E-05    6.201498E-05    7.828873E-05    4.438039E-05    6.100788E-05    7.875544E-05    5.059638E-05    3.410622E-05    2.578784E-05    2.713907E-05    2.004143E-05    1.935426E-05    1.907005E-05    3.110369E-05
   1.521378E-04    2.097256E-04    8.515368E-05    4.401539E-05    3.688695E-05    3.899048E-05    5.920686E-05    4.553875E-05    3.647408E-05    3.724136E-05    5.269888E-05    7.063676E-05    5.881954E-05    4.814222E-05    3.446198E-05    3.086310E-05    1.422690E-05    2.368688E-05    2.100612E-05    1.827291E-05
   1.572650E-04    2.083774E-04    1.704260E-04    8.638621E-05    8.383738E-05    7.260364E-05    4.881134E-05    4.891942E-05    6.186851E-05    4.595428E-05    8.832953E-05    4.933084E-05    8.836298E-05    9.787924E-05    5.230171E-05    3.466518E-05    3.280208E-05    2.966842E-05    1.825338E-05    2.108516E-05
   6.214915E-05    1.663270E-04    1.432321E-04    8.780096E-05    7.070053E-05    6.811685E-05    5.200299E-05    7.574252E-05    5.237757E-05    5.563519E-05    8.443141E-05    9.752157E-05    1.095298E-04    5.148880E-05    4.008963E-05    2.958836E-05    4.338935E-05    2.736661E-05    2.852129E-05    2.527630E-05
   6.214915E-05    6.214915E-05    2.026713E-04    9.086925E-05    8.246621E-05    8.591224E-05    6.585700E-05    6.664727E-05    5.434903E-05    7.766861E-05    9.309054E-05    1.058936E-04    8.708379E-05    8.442954E-05    3.307804E-05    2.435947E-05    2.806018E-05    3.489479E-05    2.847901E-05    3.205222E-05
   6.214915E-05    6.214915E-05    6.214915E-05    8.140578E-05    6.945859E-05    8.220507E-05    1.467043E-04    9.866228E-05    5.772808E-05    7.318777E-05    1.370280E-04    6.881877E-05    1.052627E-04    5.455502E-05    2.569433E-05    3.265348E-05    3.297526E-05    3.310994E-05    2.608472E-05    4.597242E-05
   6.214915E-05    6.214915E-05    6.214915E-05    6.214915E-05    6.045987E-05    9.326699E-05    1.048793E-04    9.786544E-05    9.114973E-05    7.460722E-05    8.053242E-05    6.308430E-05    5.813100E-05    3.637226E-05    3.959997E-05    3.633665E-05    3.772147E-05    5.295160E-05    3.554666E-05    6.214915E-05
   6.214915E-05    6.214915E-05    6.214915E-05    6.214915E-05    4.472314E-05    5.885456E-05    6.437815E-05    8.929708E-05    8.572064E-05    5.466111E-05    5.863787E-05    4.591410E-05    4.174384E-05    5.477219E-05    5.616894E-05    5.413588E-05    7.100432E-05    4.419258E-05    3.294271E-05    6.214915E-05
   6.214915E-05    6.214915E-05    6.214915E-05    6.214915E-05    6.214915E-05    5.412218E-05    6.419188E-05    8.343400E-05    6.959468E-05    4.085597E-05    5.607008E-05    4.405109E-05    3.800888E-05    6.092955E-05    5.050021E-05    5.499098E-05    3.247807E-05    2.705916E-05    6.214915E-05    6.214915E-05
   6.214915E-05    6.214915E-05    6.214915E-05    6.214915E-05    6.214915E-05    4.470079E-05    6.142780E-05    5.810768E-05    5.279880E-05    2.394646E-05    5.388672E-05    5.627358E-05    3.461677E-05    5.266425E-05    6.081331E-05    4.542155E-05    2.692629E-05    6.214915E-05    6.214915E-05    6.214915E-05
   6.214915E-05    6.214915E-05    6.214915E-05    6.214915E-05    6.214915E-05    6.531311E-05    3.505609E-05    4.430439E-05    4.392410E-05    8.141734E-05    7.037138E-05    7.990176E-05    3.872787E-05    2.823437E-05    3.629534E-05    2.329254E-05    6.214915E-05    6.214915E-05    6.214915E-05    6.214915E-05
