         39.86652          40.88393          39.55425          41.15983          33.11368          44.92637          37.36122          27.08993          40.32477          36.84793          43.71281          31.52754          36.65738          44.27944          27.39615          38.51404          45.36244          35.45278          33.17404          31.08994
         43.45282          35.63247          37.96542          40.42023          48.85412          39.38853          35.61288          25.59024          33.64883          40.11003          27.15369          34.95960          31.92108          32.56327          27.33514          37.51229          29.26713          43.37800          43.21880          36.44561
         36.63403          49.08567          39.01612          36.38932          44.88931          42.63375          37.36262          33.11217          50.00000          35.17511          44.74265          33.83805          33.79090          40.95155          32.54127          43.92462          37.88211          41.21908          41.14340          46.44874
         44.14935          38.82832          34.25261          39.10869          42.20775          37.95356          37.37986          32.89717          42.54129          26.40544          46.61965          31.50011          33.42131          27.01218          29.67697          36.47494          44.34935          43.33451          40.26341          33.17547
         39.81081          35.67429          39.37834          24.70478          36.63237          36.30119          43.20898          42.05878          40.18181          38.15226          38.10607          37.56188          37.04763          36.13903          27.29968          34.76767          28.93430          29.96452          38.90630          32.36789
         33.46932          38.43798          38.41733          32.33325          33.01793          46.06233          29.31577          44.31684          37.54941          45.91697          31.26554          31.89458          39.49831          33.41175          41.50282          29.98608          27.40465          36.72926          32.21729          30.26883
         33.62024          43.53195          38.05229          30.62740          31.75338          33.62280          43.32362          32.41266          40.82666          39.60444          31.09960          35.38672          29.49942          41.66967          39.67142          29.16864          26.24924          30.24859          37.95034          38.76625
         35.51637          41.82265          37.88208          39.58285          36.82569          34.57574          32.34104          41.62363          37.14980          35.97532          27.12033          35.34825          33.62079          38.37025          45.43165          29.54820          38.59855          32.60537          37.37465          31.12361
         31.17053          37.33471          39.77032          39.66013           1.00000           1.00000           1.00000          30.36845          37.22055          33.37355          38.52426          33.58472          32.31707          31.69975          35.28320          33.17590          36.31681          35.23950          31.35837          38.09793
         31.70875          38.97811          48.86454          42.90435           1.00000           1.00000           1.00000           1.00000          38.55881          33.86954          31.65849          32.53637          34.81304          38.13965          41.24573          38.84611          34.70946          26.64485          25.83245          43.19548
         39.93602          40.25838          31.50923          37.05609           1.00000           1.00000           1.00000           1.00000          35.18393          45.19976          45.15910          37.61438          25.62345          29.25150          24.98919          38.71930          38.49689          34.83504          34.12462          29.73782
         37.34915          33.51823          40.25673          36.93370           1.00000           1.00000           1.00000           1.00000          31.24802          36.55250          29.39683          33.72245          41.78034          42.47464          29.87610          28.91882          38.22894          34.30914          36.77646          35.13019
         36.63804          41.07714          36.70251          42.28402           1.00000           1.00000           1.00000           1.00000          43.79119          43.83561          32.09594          37.90837          27.49434          31.75680          43.41768          25.68527          33.26645          38.20777          35.26683          40.34684
         37.10534          34.91806          37.87987          39.01177           1.00000           1.00000           1.00000           1.00000          40.21742          31.15657          37.68004          29.41404          39.78314          36.47886          29.54771          24.37039          35.84031          40.44859          33.19680          20.57344
         50.00000          40.34590          40.55825          48.52988           1.00000           1.00000           1.00000           1.00000          32.74573          37.36455          34.86522          30.41141          28.69898          34.34400          44.18261          37.42922          30.30253          35.88891          26.14736          32.89371
         37.17199          39.36359          42.59326          39.97299           1.00000           1.00000           1.00000           1.00000          27.31725          45.91853          34.58296          34.20244          25.55097          34.58829          26.72301          40.54861          40.52325          34.96622          35.87629          33.60971
         36.57734          36.82945          50.00000          34.67370           1.00000           1.00000           1.00000           1.00000          39.27377          36.23749          35.96229          30.57990          50.00000          43.21728          31.89542          30.50418          41.69025          29.35504          39.61985          43.97535
         44.87092          41.43823          36.22486          37.64578           1.00000           1.00000           1.00000           1.00000          26.39378          30.65180          23.68813          28.28370          36.18548          47.15624          20.31067          35.00996          41.71842          31.69533          32.89273          32.27914
         38.19504          39.55712          30.26059          39.32277           1.00000           1.00000           1.00000           1.00000          27.12149          41.55601          32.40435          31.17050          34.09794          29.70490          33.05855          25.01630          40.09844          35.81206          43.45533          30.62255
         43.95470          40.74432          43.78852          25.85290           1.00000           1.00000           1.00000           1.00000          29.77433          40.16904          36.07803          36.83689          30.60447          37.01773          35.96692          34.68163          35.00886          39.21296          35.66273          30.56367
         31.34781          37.19774          44.54370          39.83001           1.00000           1.00000           1.00000           1.00000          43.03671          29.90051          30.39111          25.36153          43.15767          41.76365          40.35034          34.21814          27.27206          40.84757          48.92189          39.08538
         29.84654          44.94073          40.51347          38.12001           1.00000           1.00000          30.64527          29.78038          39.50345          33.83641          46.08107          31.78554          38.84214          40.31457          42.82363          22.50185          28.64830          36.85116          38.60040          30.32508
         37.97417          41.20965          39.57142          41.81065          40.03495           1.00000          45.16294          27.61315          30.66133          34.02367          42.48677          26.41112          29.34470          46.68392          35.31076          33.88518          39.67947          39.70457          39.49611          32.67679
         29.84252          37.51161          34.49550          35.58900          43.14731          43.31669          36.39829          33.75533          35.15330          36.40562          38.22652          38.75565          44.75639          43.77062          38.49240          29.00923          34.30782          33.09116          40.81540          39.64120
         38.64410          29.73859          28.52690          47.06797          47.35644          32.00609          40.44123          38.70967          33.43328          39.45888          36.52931          39.94094          42.23901          31.23481          34.74698          29.80999          36.44629          30.92260          40.43068          45.47579
         36.39431          35.50704          42.60615          29.31915          43.25549          34.40044          39.98525          33.97174          31.46514          40.09335          34.58576          28.21668          32.13754          27.06352          25.98981          28.08216          33.11109          31.24579          36.07965          27.93121
         44.08089          36.68721          40.91858          48.05740          39.07810          34.86664          33.66764          39.22165          30.75651          27.12267          33.62486          38.18229          28.05019          37.11838          31.38610          35.91587          37.59838          31.34158          37.08366          26.82522
         31.60958          34.55040          32.90245          37.34727          33.13770          40.85930          40.05464          27.25919          30.38715          40.33317          39.03199          42.51684          49.05117          37.02275          33.69079          28.22325          34.15478          32.13783          48.91176          37.87475
         40.96372          37.17708          31.30144          43.91409          40.45816          38.36659          31.87299          32.36249          30.51503          27.10120          29.11842          27.30274          36.80812          36.39864          37.14678          32.79109          29.37280          33.81858          29.66432          24.95909
         37.79222          36.91844          33.41458          36.48419          30.70272          37.76571          41.17472          27.87628          34.57203          39.75338          41.08095          35.26435          32.53846          34.99005          38.75606          28.59915          33.88156          35.79547          22.99446          27.25618
         31.41616          37.66433          41.38449          39.50847          31.70051          32.74485          31.78858          35.45401          28.52929          44.99168          49.52116          28.05630          21.48265          36.79040          31.94082          29.06749          41.18856          32.79884          36.20893          37.29505
         42.02598          50.00000          37.17640          39.43289          38.26007          41.01944          48.00287          38.46034          35.75158          31.96743          29.17923          30.07992          38.02490          28.59290          29.06586          30.43694          34.19214          33.51717          31.15345          24.15581
          1.00000          34.90301          21.41341          47.01513          28.46324          37.59711          30.13876          41.06903          45.21493          36.22479          41.13189          39.07672          28.13363          30.04384          26.00960          37.03162          32.03757          37.72063          39.18383          41.04456
          1.00000           1.00000          43.93240          35.79831          27.45742          36.44863          38.83276          37.88930          27.58541          38.84245          34.72845          30.97221          32.04845          35.59572          26.63090          31.34455          28.87419          29.64396          31.95009          40.29484
          1.00000           1.00000           1.00000          36.82163          35.51428          42.25743          27.96149          37.30457          34.65384          33.20628          37.05026          35.06646          33.00705          30.60228          23.67004          33.37725          37.12680          36.61618          41.52413          28.65001
          1.00000           1.00000           1.00000           1.00000          42.81673          41.99748          37.83376          30.34313          29.66330          30.13571          40.26175          33.69575          30.70736          36.63821          34.25404          39.21585          34.48152          38.80898          38.79510           1.00000
          1.00000           1.00000           1.00000           1.00000          29.73743          29.72259          31.83818          42.41451          31.89066          36.36859          26.96373          26.96754          24.68188          40.56665          33.05829          23.82027          26.49414          39.99684          37.34315           1.00000
          1.00000           1.00000           1.00000           1.00000           1.00000          33.72230          35.28561          27.58286          38.11543          41.84511          31.40338          41.99540          40.25164          33.57166          32.82076          28.72044          34.35296          40.76730           1.00000           1.00000
          1.00000           1.00000           1.00000           1.00000           1.00000          27.10121          34.39646          30.12855          35.48704          27.97928          23.11520          34.77624          30.31068          23.52169          30.80235          22.85464          32.26669           1.00000           1.00000           1.00000
          1.00000           1.00000           1.00000           1.00000           1.00000          26.21457          36.13238          32.40881          29.87737          32.27240          31.76627          45.05664          27.94738          30.96382          29.20503          45.19831           1.00000           1.00000           1.00000           1.00000
