   4.910162E-05    4.334408E-05    2.814473E-05    4.513631E-05    5.677241E-05    7.394576E-05    9.252357E-05    9.107109E-05    5.580290E-05    4.721120E-05    3.795044E-05    3.658491E-05    3.857149E-05    3.200650E-05    3.983113E-05    4.247075E-05    6.213464E-05    6.856316E-05    8.886868E-05    7.014664E-05
   6.660667E-05    5.425584E-05    5.406357E-05    5.994631E-05    6.167617E-05    7.219450E-05    9.302692E-05    9.453435E-05    5.477558E-05    3.744936E-05    3.447650E-05    1.918386E-05    2.206620E-05    2.965075E-05    3.488113E-05    5.341307E-05    1.106981E-04    1.022734E-04    8.415582E-05    9.184928E-05
   7.577940E-05    7.874037E-05    5.630617E-05    5.884873E-05    5.353351E-05    8.891364E-05    9.308500E-05    7.946696E-05    3.943358E-05    3.771987E-05    3.802020E-05    2.453753E-05    3.486362E-05    3.019560E-05    6.425985E-05    7.250437E-05    7.685532E-05    4.795154E-05    9.807246E-05    8.022520E-05
   5.743745E-05    7.525933E-05    6.327799E-05    3.933887E-05    6.052178E-05    6.516442E-05    8.895818E-05    8.047941E-05    4.550696E-05    3.387852E-05    3.167475E-05    1.833071E-05    2.859291E-05    2.307901E-05    4.244508E-05    5.062072E-05    5.585650E-05    4.894473E-05    5.601156E-05    5.331150E-05
   4.307417E-05    4.645218E-05    6.737463E-05    3.424367E-05    4.117414E-05    8.884118E-05    5.950145E-05    7.837271E-05    4.182158E-05    4.215601E-05    4.875763E-05    2.673368E-05    2.104949E-05    2.369599E-05    4.232852E-05    5.391938E-05    6.568085E-05    3.641217E-05    8.095472E-05    9.236203E-05
   5.634492E-05    6.464688E-05    8.803519E-05    4.052643E-05    4.049448E-05    4.316638E-05    8.160805E-05    7.494797E-05    4.767021E-05    3.038256E-05    4.343815E-05    2.858151E-05    2.566445E-05    2.161838E-05    2.812614E-05    4.438356E-05    5.166062E-05    2.970027E-05    3.314122E-05    6.176761E-05
   6.943982E-05    8.382898E-05    5.667559E-05    5.380362E-05    3.776892E-05    5.372544E-05    5.811739E-05    7.322822E-05    3.377382E-05    2.510264E-05    4.020888E-05    1.797736E-05    1.469443E-05    1.388387E-05    1.361006E-05    1.852096E-05    2.767383E-05    4.415847E-05    3.873030E-05    5.281607E-05
   8.471047E-05    7.839104E-05    1.102479E-04    9.330733E-05    5.291637E-05    6.038475E-05    5.870515E-05    7.352384E-05    3.734626E-05    3.514856E-05    3.926222E-05    2.050454E-05    1.768181E-05    1.925274E-05    1.563557E-05    1.780156E-05    2.772630E-05    3.121474E-05    2.497232E-05    4.535006E-05
   7.663016E-05    5.148849E-05    8.995490E-05    7.431833E-05    7.597061E-05    7.597061E-05    7.597061E-05    6.067904E-05    4.998666E-05    2.268126E-05    2.722197E-05    3.059597E-05    1.257506E-05    1.023310E-05    1.332677E-05    1.947000E-05    1.680965E-05    3.100538E-05    2.677741E-05    2.352348E-05
   6.779414E-05    4.823514E-05    5.607661E-05    7.799952E-05    7.597061E-05    7.597061E-05    7.597061E-05    7.597061E-05    3.858412E-05    4.108512E-05    4.247826E-05    2.483152E-05    1.329365E-05    1.035079E-05    1.268061E-05    2.739711E-05    1.971845E-05    2.469266E-05    3.174544E-05    2.330730E-05
   7.346833E-05    6.905658E-05    7.091805E-05    1.645978E-04    7.597061E-05    7.597061E-05    7.597061E-05    7.597061E-05    4.910822E-05    5.346064E-05    4.528727E-05    3.029842E-05    2.080022E-05    2.261853E-05    2.788651E-05    3.063331E-05    2.667991E-05    3.509268E-05    2.752133E-05    2.644576E-05
   4.618849E-05    7.715372E-05    1.159916E-04    1.487473E-04    7.597061E-05    7.597061E-05    7.597061E-05    7.597061E-05    6.539782E-05    3.437958E-05    2.629518E-05    3.999995E-05    2.562805E-05    2.462295E-05    3.628068E-05    3.384676E-05    5.185737E-05    3.431861E-05    2.196210E-05    2.643858E-05
   6.723547E-05    6.147111E-05    8.562786E-05    1.218175E-04    7.597061E-05    7.597061E-05    7.597061E-05    7.597061E-05    5.200008E-05    4.809138E-05    3.147416E-05    5.037316E-05    3.761444E-05    3.238230E-05    2.321845E-05    3.201211E-05    3.658169E-05    2.292861E-05    2.657914E-05    1.334514E-05
   6.509863E-05    1.046647E-04    1.122886E-04    1.453954E-04    7.597061E-05    7.597061E-05    7.597061E-05    7.597061E-05    1.146031E-04    5.051769E-05    4.697665E-05    3.700053E-05    2.908918E-05    2.851997E-05    3.489304E-05    2.831001E-05    2.807404E-05    2.198379E-05    2.691274E-05    3.506908E-05
   8.617337E-05    9.458792E-05    1.373905E-04    1.762663E-04    7.597061E-05    7.597061E-05    7.597061E-05    7.597061E-05    9.272122E-05    5.367694E-05    3.885426E-05    4.913550E-05    3.466470E-05    2.801938E-05    3.437226E-05    2.138615E-05    2.327838E-05    2.712327E-05    3.273247E-05    5.010343E-05
   9.549090E-05    1.040462E-04    1.627169E-04    1.780161E-04    7.597061E-05    7.597061E-05    7.597061E-05    7.597061E-05    7.544359E-05    3.703524E-05    2.171024E-05    2.460451E-05    2.581182E-05    1.587324E-05    3.442430E-05    2.411466E-05    2.296310E-05    3.338283E-05    4.146989E-05    7.026485E-05
   9.995773E-05    1.875241E-04    2.351992E-04    1.280344E-04    7.597061E-05    7.597061E-05    7.597061E-05    7.597061E-05    4.422978E-05    3.637516E-05    2.849159E-05    3.463900E-05    3.450193E-05    2.641282E-05    2.207287E-05    2.265129E-05    3.890253E-05    2.984469E-05    5.248053E-05    7.835105E-05
   1.479975E-04    1.026960E-04    1.188619E-04    1.010851E-04    7.597061E-05    7.597061E-05    7.597061E-05    7.597061E-05    5.341444E-05    3.417842E-05    4.824103E-05    5.486303E-05    3.244901E-05    1.955166E-05    1.833019E-05    3.457871E-05    4.719110E-05    6.101143E-05    8.243690E-05    1.058193E-04
   1.395633E-04    1.188864E-04    1.001548E-04    9.382743E-05    7.597061E-05    7.597061E-05    7.597061E-05    7.597061E-05    6.708282E-05    3.089353E-05    3.699864E-05    8.128473E-05    4.895154E-05    2.674459E-05    2.926672E-05    3.277934E-05    5.695796E-05    6.658204E-05    6.832039E-05    7.930212E-05
   1.717509E-04    1.229793E-04    6.600450E-05    8.071116E-05    7.597061E-05    7.597061E-05    7.597061E-05    7.597061E-05    3.338767E-05    3.843745E-05    2.195746E-05    5.154832E-05    3.810655E-05    3.959575E-05    3.933385E-05    3.698026E-05    4.580747E-05    5.310579E-05    7.555400E-05    4.885560E-05
   6.790284E-05    8.876404E-05    3.367234E-05    5.743576E-05    7.597061E-05    7.597061E-05    7.597061E-05    7.597061E-05    6.141423E-05    5.297154E-05    4.351111E-05    6.410717E-05    9.356002E-05    5.837926E-05    4.455945E-05    4.358750E-05    3.617306E-05    4.360308E-05    4.495342E-05    5.144943E-05
   4.307576E-05    4.006558E-05    3.665909E-05    3.466660E-05    7.597061E-05    7.597061E-05    4.606237E-05    5.208495E-05    7.703599E-05    5.491429E-05    5.951755E-05    7.431626E-05    1.244905E-04    1.449031E-04    5.615379E-05    4.009082E-05    3.575689E-05    3.089541E-05    2.902890E-05    4.659516E-05
   3.562620E-05    3.763224E-05    3.691002E-05    4.141193E-05    6.675220E-05    7.597061E-05    3.984020E-05    4.742408E-05    6.359905E-05    9.358115E-05    1.297859E-04    9.268901E-05    8.128335E-05    7.123220E-05    6.173247E-05    4.983207E-05    6.131496E-05    3.817090E-05    2.669209E-05    4.028318E-05
   2.805521E-05    6.445034E-05    4.290488E-05    6.042509E-05    4.147055E-05    6.700551E-05    3.160888E-05    5.833534E-05    9.439337E-05    1.000833E-04    1.288453E-04    1.191236E-04    9.412914E-05    1.029494E-04    7.998073E-05    5.989249E-05    6.177964E-05    3.033696E-05    3.992169E-05    3.680523E-05
   3.376298E-05    7.317930E-05    7.417832E-05    8.198547E-05    5.895997E-05    5.994222E-05    3.962351E-05    5.961774E-05    1.066864E-04    9.204936E-05    1.046278E-04    1.346933E-04    1.702879E-04    9.725603E-05    9.362805E-05    5.493760E-05    5.073302E-05    4.899903E-05    5.069385E-05    5.445036E-05
   4.940168E-05    8.229754E-05    1.087072E-04    9.149666E-05    5.933645E-05    4.574382E-05    6.283978E-05    8.422210E-05    9.910637E-05    1.073576E-04    1.120488E-04    1.437065E-04    1.176384E-04    1.084073E-04    7.832562E-05    7.277951E-05    5.608709E-05    6.294501E-05    4.066230E-05    5.824678E-05
   6.914224E-05    7.778408E-05    9.022987E-05    1.024598E-04    7.334841E-05    5.948193E-05    7.232477E-05    7.613937E-05    1.335501E-04    1.657451E-04    1.078859E-04    1.327671E-04    1.105657E-04    7.143298E-05    8.543044E-05    7.903165E-05    5.301073E-05    5.936887E-05    6.511849E-05    4.751281E-05
   1.130543E-04    1.125725E-04    1.341530E-04    8.107953E-05    1.183813E-04    1.205020E-04    8.345824E-05    5.955475E-05    1.175260E-04    1.658809E-04    1.591842E-04    9.431204E-05    8.247237E-05    6.621702E-05    6.152545E-05    6.561462E-05    4.003093E-05    3.676591E-05    4.683612E-05    4.553856E-05
   2.358323E-04    2.253812E-04    1.517929E-04    8.788914E-05    4.600004E-05    5.170901E-05    8.498889E-05    5.953434E-05    6.890266E-05    1.249277E-04    1.148442E-04    1.362352E-04    1.242756E-04    5.293842E-05    4.201886E-05    4.030868E-05    2.559865E-05    3.466889E-05    3.036297E-05    6.080733E-05
   2.409259E-04    2.410209E-04    1.104244E-04    1.046620E-04    4.576296E-05    5.476894E-05    1.035599E-04    8.191240E-05    1.034076E-04    5.861978E-05    8.058218E-05    1.040240E-04    6.683016E-05    4.504915E-05    3.406183E-05    3.584661E-05    2.647170E-05    2.556404E-05    2.518865E-05    4.108326E-05
   2.009510E-04    2.770158E-04    1.124751E-04    5.813767E-05    4.872207E-05    5.150052E-05    7.820329E-05    6.014980E-05    4.817674E-05    4.919020E-05    6.960724E-05    9.330046E-05    7.769171E-05    6.358858E-05    4.551906E-05    4.076548E-05    1.879158E-05    3.128678E-05    2.774590E-05    2.413574E-05
   2.077233E-04    2.752349E-04    2.251069E-04    1.141031E-04    1.107365E-04    9.589842E-05    6.447239E-05    6.461515E-05    8.171893E-05    6.069864E-05    1.166699E-04    6.515857E-05    1.167141E-04    1.292837E-04    6.908264E-05    4.578745E-05    4.332658E-05    3.918749E-05    2.410996E-05    2.785031E-05
   7.597061E-05    2.196928E-04    1.891879E-04    1.159718E-04    9.338470E-05    8.997205E-05    6.868808E-05    1.000444E-04    6.918284E-05    7.348567E-05    1.115211E-04    1.288112E-04    1.446722E-04    6.800890E-05    5.295233E-05    3.908174E-05    5.731076E-05    3.614715E-05    3.767231E-05    3.338616E-05
   7.597061E-05    7.597061E-05    2.676980E-04    1.200245E-04    1.089254E-04    1.134771E-04    8.698712E-05    8.803095E-05    7.178685E-05    1.025885E-04    1.229585E-04    1.398695E-04    1.150245E-04    1.115186E-04    4.369108E-05    3.217517E-05    3.706325E-05    4.609074E-05    3.761646E-05    4.233613E-05
   7.597061E-05    7.597061E-05    7.597061E-05    1.075247E-04    9.174428E-05    1.085805E-04    1.937741E-04    1.303179E-04    7.625005E-05    9.666996E-05    1.809932E-04    9.089917E-05    1.390361E-04    7.205892E-05    3.393832E-05    4.313030E-05    4.355532E-05    4.373322E-05    3.445397E-05    6.072261E-05
   7.597061E-05    7.597061E-05    7.597061E-05    7.597061E-05    7.985834E-05    1.231916E-04    1.385297E-04    1.292654E-04    1.203950E-04    9.854484E-05    1.063711E-04    8.332480E-05    7.678224E-05    4.804225E-05    5.230557E-05    4.799521E-05    4.982435E-05    6.994104E-05    4.695176E-05    7.597061E-05
   7.597061E-05    7.597061E-05    7.597061E-05    7.597061E-05    5.907250E-05    7.773796E-05    8.503378E-05    1.179479E-04    1.132240E-04    7.219905E-05    7.745175E-05    6.064557E-05    5.513729E-05    7.234576E-05    7.419067E-05    7.150530E-05    9.378596E-05    5.837171E-05    4.351234E-05    7.597061E-05
   7.597061E-05    7.597061E-05    7.597061E-05    7.597061E-05    7.597061E-05    7.148721E-05    8.478776E-05    1.102037E-04    9.192404E-05    5.396455E-05    7.406008E-05    5.818481E-05    5.020398E-05    8.047871E-05    6.670313E-05    7.263475E-05    4.289861E-05    3.574106E-05    7.597061E-05    7.597061E-05
   7.597061E-05    7.597061E-05    7.597061E-05    7.597061E-05    7.597061E-05    5.904297E-05    8.113683E-05    7.675144E-05    6.973921E-05    3.162964E-05    7.117620E-05    7.432888E-05    4.572351E-05    6.956151E-05    8.032518E-05    5.999499E-05    3.556555E-05    7.597061E-05    7.597061E-05    7.597061E-05
   7.597061E-05    7.597061E-05    7.597061E-05    7.597061E-05    7.597061E-05    8.626872E-05    4.630379E-05    5.851939E-05    5.801709E-05    1.075400E-04    9.294994E-05    1.055381E-04    5.115365E-05    3.729333E-05    4.794065E-05    3.076592E-05    7.597061E-05    7.597061E-05    7.597061E-05    7.597061E-05
