   1.083805E-01   2.743148E-01   3.807130E-01   8.185650E-02   1.198158E-01   1.572228E-01   1.300445E-01   1.250356E-01   1.797789E-01   1.764198E-01   4.000000E-01   4.000000E-01   3.102750E-01   2.010884E-01   1.965595E-01   1.056531E-01   1.338614E-01   1.547219E-01   1.311245E-01   4.182656E-02
   1.531426E-01   2.659565E-01   3.760965E-01   1.126923E-01   8.832262E-02   9.323345E-02   3.992223E-02   6.800314E-02   2.788022E-01   1.812452E-01   1.518821E-01   2.844015E-01   1.402636E-01   1.356663E-01   1.061523E-01   9.301893E-02   1.780872E-01   2.145754E-01   2.123668E-01   1.242083E-01
   1.903419E-01   1.607990E-01   1.737423E-01   1.630765E-01   5.494440E-02   7.246370E-02   3.689220E-02   3.865068E-02   1.212843E-01   1.241039E-01   2.269079E-01   2.618956E-01   1.341010E-01   1.155709E-01   5.936461E-02   1.667285E-01   4.000000E-01   3.027467E-01   1.550234E-01   1.685923E-01
   1.602092E-01   1.176232E-01   1.890713E-01   1.184319E-01   6.565669E-02   5.015961E-02   7.072736E-02   7.169740E-02   7.718295E-02   1.273712E-01   1.842804E-01   2.378419E-01   7.724770E-02   1.030392E-01   1.040659E-01   1.118875E-01   2.217831E-01   2.090157E-01   1.512677E-01   1.187869E-01
   2.681176E-01   2.902542E-01   2.491807E-01   1.975434E-01   2.107878E-01   8.854269E-02   8.805036E-02   8.260358E-02   1.386356E-01   1.475172E-01   1.745463E-01   2.000177E-01   2.002296E-01   1.149981E-01   1.471679E-01   2.354804E-01   2.170194E-01   1.241987E-01   2.074139E-01   2.683161E-01
   2.346751E-01   2.694314E-01   1.966859E-01   2.018933E-01   2.414867E-01   9.520637E-02   1.062055E-01   2.236473E-01   1.146709E-01   1.372844E-01   1.307249E-01   4.000000E-01   2.064487E-01   2.461925E-01   9.948251E-02   3.683283E-01   1.912313E-01   1.107451E-01   9.702989E-02   2.498837E-01
   2.729479E-01   1.974511E-01   1.528098E-01   1.440658E-01   2.658143E-01   1.518036E-01   1.924008E-01   1.593704E-01   1.239944E-01   2.606405E-01   2.945996E-01   2.610872E-01   4.000000E-01   1.451495E-01   1.500741E-01   3.616095E-01   2.864294E-01   1.120731E-01   1.100180E-01   2.014377E-01
   4.000000E-01   2.667734E-01   2.378079E-01   1.449855E-01   1.520448E-01   1.455765E-01   1.041354E-01   1.628267E-01   2.495703E-01   1.765439E-01   3.045005E-01   2.979709E-01   2.744885E-01   1.910145E-01   1.958582E-01   1.498655E-01   1.900543E-01   1.614664E-01   3.479346E-01   4.000000E-01
   4.000000E-01   4.000000E-01   2.445228E-01   1.848178E-01   1.000000E-01   1.000000E-01   1.000000E-01   1.326718E-01   1.685116E-01   2.751480E-01   4.000000E-01   4.000000E-01   1.604256E-01   1.878973E-01   6.717785E-02   1.705809E-01   1.245727E-01   1.428062E-01   1.627783E-01   2.490880E-01
   4.000000E-01   4.000000E-01   1.298374E-01   1.893511E-01   1.000000E-01   1.000000E-01   1.000000E-01   1.000000E-01   9.166963E-02   2.088972E-01   4.000000E-01   4.000000E-01   3.395065E-01   2.033100E-01   1.329124E-01   1.082970E-01   1.260494E-01   2.046106E-01   1.103809E-01   2.404004E-01
   3.424436E-01   4.000000E-01   4.000000E-01   2.555448E-01   1.000000E-01   1.000000E-01   1.000000E-01   1.000000E-01   1.182504E-01   1.394020E-01   4.000000E-01   4.000000E-01   2.687708E-01   1.520852E-01   1.446434E-01   1.388388E-01   1.082147E-01   1.822628E-01   1.373788E-01   1.855040E-01
   2.370008E-01   4.000000E-01   3.503496E-01   1.565343E-01   1.000000E-01   1.000000E-01   1.000000E-01   1.000000E-01   1.126016E-01   1.787719E-01   4.000000E-01   4.000000E-01   2.806201E-01   1.910277E-01   2.001541E-01   2.303870E-01   2.544975E-01   1.220618E-01   1.050796E-01   1.165167E-01
   2.408825E-01   1.365410E-01   1.739015E-01   1.474833E-01   1.000000E-01   1.000000E-01   1.000000E-01   1.000000E-01   1.507073E-01   2.819688E-01   4.000000E-01   4.000000E-01   3.759137E-01   3.341351E-01   3.528385E-01   2.568108E-01   1.432975E-01   7.399636E-02   8.810272E-02   7.364128E-02
   1.287160E-01   1.795375E-01   1.847857E-01   3.292000E-01   1.000000E-01   1.000000E-01   1.000000E-01   1.000000E-01   1.777895E-01   4.000000E-01   4.000000E-01   4.000000E-01   4.000000E-01   4.000000E-01   3.775854E-01   1.817717E-01   1.201899E-01   5.849503E-02   7.197219E-02   8.314894E-02
   1.793044E-01   1.133038E-01   3.126370E-01   3.480119E-01   1.000000E-01   1.000000E-01   1.000000E-01   1.000000E-01   4.000000E-01   4.000000E-01   4.000000E-01   4.000000E-01   4.000000E-01   2.672751E-01   2.590970E-01   2.420526E-01   9.416005E-02   5.272215E-02   6.134616E-02   1.324447E-01
   1.601299E-01   2.305012E-01   4.000000E-01   4.000000E-01   1.000000E-01   1.000000E-01   1.000000E-01   1.000000E-01   4.000000E-01   4.000000E-01   2.832901E-01   4.000000E-01   3.752218E-01   2.452126E-01   1.858611E-01   1.350425E-01   5.466029E-02   5.432805E-02   8.131645E-02   1.727580E-01
   2.031625E-01   3.552761E-01   3.826670E-01   4.000000E-01   1.000000E-01   1.000000E-01   1.000000E-01   1.000000E-01   4.000000E-01   4.000000E-01   4.000000E-01   2.355839E-01   1.230193E-01   2.043729E-01   2.769490E-01   2.767645E-01   6.192413E-02   6.481064E-02   1.809234E-01   3.238006E-01
   1.784460E-01   1.756219E-01   3.652822E-01   3.338125E-01   1.000000E-01   1.000000E-01   1.000000E-01   1.000000E-01   4.000000E-01   4.000000E-01   4.000000E-01   3.321080E-01   1.388817E-01   2.512019E-01   1.986462E-01   1.176129E-01   5.623740E-02   8.179807E-02   1.650586E-01   4.000000E-01
   9.926235E-02   1.197500E-01   1.206410E-01   2.189559E-01   1.000000E-01   1.000000E-01   1.000000E-01   1.000000E-01   4.000000E-01   4.000000E-01   2.752236E-01   3.027067E-01   1.297831E-01   1.698438E-01   1.134124E-01   6.393906E-02   3.583093E-02   4.883455E-02   7.918698E-02   1.800355E-01
   9.021719E-02   1.623898E-01   1.834275E-01   1.580152E-01   1.000000E-01   1.000000E-01   1.000000E-01   1.000000E-01   4.000000E-01   2.448644E-01   3.712237E-01   3.499091E-01   1.775175E-01   2.315166E-01   1.500265E-01   1.343661E-01   9.680634E-02   5.857402E-02   1.872303E-01   2.316422E-01
   1.136864E-01   5.050784E-02   4.082133E-02   6.610775E-02   1.000000E-01   1.000000E-01   1.000000E-01   1.000000E-01   3.206057E-01   4.000000E-01   4.000000E-01   3.923057E-01   1.801491E-01   1.919805E-01   1.060620E-01   1.347124E-01   9.397907E-02   1.019012E-01   3.250193E-01   3.760475E-01
   5.521495E-02   4.706170E-02   2.757159E-02   3.752466E-02   1.000000E-01   1.000000E-01   3.264932E-01   2.350016E-01   4.000000E-01   4.000000E-01   4.000000E-01   1.896729E-01   1.255667E-01   1.381761E-01   1.226500E-01   1.177796E-01   1.971977E-01   2.861923E-01   2.302145E-01   2.229616E-01
   1.367516E-01   1.356315E-01   3.569668E-02   3.172087E-02   4.997097E-02   1.000000E-01   2.475287E-01   2.313490E-01   3.617453E-01   3.091780E-01   1.425012E-01   8.182238E-02   1.146507E-01   9.942659E-02   1.384374E-01   1.312162E-01   3.061046E-01   4.000000E-01   2.613397E-01   2.809687E-01
   1.483904E-01   1.190226E-01   7.064590E-02   6.873246E-02   5.998156E-02   1.503280E-01   1.700473E-01   1.515227E-01   2.078057E-01   1.344960E-01   1.266788E-01   9.291570E-02   9.542236E-02   1.161451E-01   1.447832E-01   9.991523E-02   1.926942E-01   3.741593E-01   2.526166E-01   1.948958E-01
   1.522115E-01   1.959164E-01   6.488404E-02   6.759986E-02   7.305045E-02   1.919279E-01   1.703700E-01   1.740416E-01   1.264999E-01   1.043528E-01   1.070628E-01   1.027703E-01   6.236107E-02   7.700278E-02   1.619050E-01   8.617428E-02   1.875099E-01   2.159711E-01   1.730455E-01   2.147241E-01
   1.369163E-01   1.489047E-01   5.318768E-02   4.556232E-02   7.166777E-02   6.886454E-02   1.572535E-01   1.634674E-01   8.147777E-02   5.961828E-02   5.678585E-02   3.026423E-02   3.514531E-02   6.400135E-02   6.660403E-02   1.043846E-01   1.497143E-01   1.344367E-01   1.731350E-01   1.693864E-01
   1.314643E-01   1.041182E-01   7.298035E-02   1.198535E-01   1.184727E-01   2.290960E-01   1.764516E-01   7.597996E-02   6.278473E-02   3.507040E-02   6.333279E-02   7.936504E-02   7.105128E-02   9.467594E-02   7.618899E-02   1.203472E-01   7.401758E-02   1.602297E-01   1.552092E-01   1.165569E-01
   1.177976E-01   2.672329E-01   1.141939E-01   1.198372E-01   1.977015E-01   1.358464E-01   1.975884E-01   7.606822E-02   4.702386E-02   4.820714E-02   6.625869E-02   9.959540E-02   8.437765E-02   6.598929E-02   8.660911E-02   1.237288E-01   8.294213E-02   5.189145E-02   9.248822E-02   2.000220E-01
   2.051714E-01   1.787877E-01   1.635728E-01   2.290152E-01   2.357073E-01   4.000000E-01   1.356590E-01   1.177371E-01   5.624046E-02   6.206242E-02   9.112277E-02   5.767345E-02   3.627973E-02   4.859377E-02   8.136036E-02   8.563094E-02   7.260487E-02   3.105502E-02   3.119211E-02   1.553490E-01
   3.265822E-01   2.236484E-01   2.845478E-01   2.659820E-01   2.768899E-01   3.069358E-01   8.782595E-02   2.053500E-01   7.867177E-02   8.194820E-02   5.684557E-02   2.659586E-02   2.561376E-02   3.189212E-02   4.384587E-02   5.453725E-02   4.953441E-02   2.128126E-02   3.519676E-02   4.085430E-02
   2.772804E-01   2.557351E-01   3.802760E-01   3.154152E-01   3.977511E-01   1.724099E-01   1.705027E-01   1.613550E-01   2.386171E-01   1.136843E-01   3.921461E-02   2.042722E-02   1.726714E-02   2.520703E-02   3.295466E-02   6.138393E-02   5.555275E-02   3.394512E-02   5.679870E-02   9.132584E-02
   1.379491E-01   1.732727E-01   2.481307E-01   3.665723E-01   3.138647E-01   1.283090E-01   1.568117E-01   1.564870E-01   7.380823E-02   1.990735E-02   2.204277E-02   1.061440E-02   1.945593E-02   4.140355E-02   4.268282E-02   3.751226E-02   1.049805E-01   1.249403E-01   1.195508E-01   1.688503E-01
   1.000000E-01   6.284285E-02   1.520396E-01   7.542072E-02   1.114196E-01   1.025603E-01   1.118352E-01   4.844202E-02   5.251988E-02   1.344711E-02   1.723088E-02   1.963409E-02   2.362814E-02   5.338790E-02   5.493087E-02   5.031811E-02   6.429213E-02   6.513426E-02   1.207419E-01   2.623259E-01
   1.000000E-01   1.000000E-01   4.676705E-02   5.235792E-02   5.858582E-02   1.034873E-01   7.255535E-02   3.138023E-02   3.639868E-02   1.197372E-02   1.191921E-02   2.053902E-02   1.639631E-02   7.075093E-02   8.569300E-02   3.785424E-02   5.383977E-02   8.706938E-02   2.243167E-01   2.185141E-01
   1.000000E-01   1.000000E-01   1.000000E-01   5.306127E-02   5.866334E-02   8.195750E-02   4.463588E-02   4.709110E-02   2.957149E-02   2.807980E-02   1.613337E-02   4.007202E-02   6.046637E-02   5.853770E-02   7.047826E-02   6.857257E-02   4.222995E-02   7.068637E-02   1.114130E-01   1.557584E-01
   1.000000E-01   1.000000E-01   1.000000E-01   1.000000E-01   6.897593E-02   6.995345E-02   4.029082E-02   3.959757E-02   6.647585E-02   4.705840E-02   4.671710E-02   5.012817E-02   4.767817E-02   5.033079E-02   6.223914E-02   5.596069E-02   7.820163E-02   6.278158E-02   8.319761E-02   1.000000E-01
   1.000000E-01   1.000000E-01   1.000000E-01   1.000000E-01   8.030382E-02   1.150958E-01   4.701709E-02   3.620336E-02   5.495956E-02   9.318992E-02   6.211764E-02   4.001052E-02   3.522901E-02   7.142721E-02   9.085890E-02   5.334519E-02   5.184784E-02   4.649913E-02   4.522813E-02   1.000000E-01
   1.000000E-01   1.000000E-01   1.000000E-01   1.000000E-01   1.000000E-01   9.794656E-02   1.105154E-01   1.424840E-01   1.313640E-01   1.126019E-01   6.494910E-02   5.311403E-02   4.093401E-02   4.203259E-02   6.328503E-02   5.927051E-02   4.274514E-02   8.057388E-02   1.000000E-01   1.000000E-01
   1.000000E-01   1.000000E-01   1.000000E-01   1.000000E-01   1.000000E-01   3.896879E-02   9.336552E-02   6.831580E-02   1.029574E-01   1.577761E-01   8.504793E-02   9.257411E-02   4.755983E-02   5.781579E-02   4.027884E-02   6.353338E-02   3.975572E-02   1.000000E-01   1.000000E-01   1.000000E-01
   1.000000E-01   1.000000E-01   1.000000E-01   1.000000E-01   1.000000E-01   1.018214E-01   1.303596E-01   1.324830E-01   1.257075E-01   1.109774E-01   5.116746E-02   8.895737E-02   5.751277E-02   8.351127E-02   3.917411E-02   5.657245E-02   1.000000E-01   1.000000E-01   1.000000E-01   1.000000E-01
