   7.125504E-05    6.289984E-05    4.084293E-05    6.550068E-05    8.238670E-05    1.073082E-04    1.342679E-04    1.321601E-04    8.097977E-05    6.851172E-05    5.507273E-05    5.309110E-05    5.597397E-05    4.644703E-05    5.780194E-05    6.163249E-05    9.016824E-05    9.949715E-05    1.289640E-04    1.017950E-04
   9.665793E-05    7.873472E-05    7.845570E-05    8.699258E-05    8.950291E-05    1.047668E-04    1.349983E-04    1.371859E-04    7.948895E-05    5.434557E-05    5.003143E-05    2.783914E-05    3.202192E-05    4.302842E-05    5.061862E-05    7.751171E-05    1.606422E-04    1.484167E-04    1.221248E-04    1.332894E-04
   1.099692E-04    1.142661E-04    8.171011E-05    8.539980E-05    7.768649E-05    1.290293E-04    1.350826E-04    1.153205E-04    5.722502E-05    5.473814E-05    5.517396E-05    3.560825E-05    5.059321E-05    4.381910E-05    9.325229E-05    1.052165E-04    1.115305E-04    6.958608E-05    1.423203E-04    1.164208E-04
   8.335179E-05    1.092145E-04    9.182744E-05    5.708758E-05    8.782770E-05    9.456497E-05    1.290939E-04    1.167897E-04    6.603857E-05    4.916367E-05    4.596560E-05    2.660106E-05    4.149332E-05    3.349168E-05    6.159524E-05    7.345953E-05    8.105756E-05    7.102736E-05    8.128257E-05    7.736431E-05
   6.250815E-05    6.741024E-05    9.777238E-05    4.969355E-05    5.975089E-05    1.289241E-04    8.634701E-05    1.137325E-04    6.069043E-05    6.117575E-05    7.075585E-05    3.879524E-05    3.054650E-05    3.438703E-05    6.142608E-05    7.824646E-05    9.531441E-05    5.284043E-05    1.174795E-04    1.340335E-04
   8.176634E-05    9.381394E-05    1.277545E-04    5.881095E-05    5.876458E-05    6.264198E-05    1.184276E-04    1.087626E-04    6.917782E-05    4.409041E-05    6.303636E-05    4.147677E-05    3.724360E-05    3.137205E-05    4.081595E-05    6.440832E-05    7.496860E-05    4.310029E-05    4.809371E-05    8.963561E-05
   1.007693E-04    1.216505E-04    8.224619E-05    7.807847E-05    5.480931E-05    7.796502E-05    8.433850E-05    1.062670E-04    4.901172E-05    3.642833E-05    5.835011E-05    2.608829E-05    2.132419E-05    2.014793E-05    1.975058E-05    2.687715E-05    4.015957E-05    6.408167E-05    5.620444E-05    7.664536E-05
   1.229297E-04    1.137591E-04    1.599891E-04    1.354053E-04    7.679091E-05    8.762884E-05    8.519144E-05    1.066960E-04    5.419595E-05    5.100671E-05    5.697635E-05    2.975568E-05    2.565940E-05    2.793909E-05    2.268996E-05    2.583317E-05    4.023571E-05    4.529805E-05    3.623921E-05    6.581088E-05
   1.112038E-04    7.471881E-05    1.305403E-04    1.078489E-04    1.293269E-04    1.293269E-04    1.293269E-04    8.805591E-05    7.253939E-05    3.291448E-05    3.950384E-05    4.440010E-05    1.824861E-05    1.485001E-05    1.933947E-05    2.825437E-05    2.439374E-05    4.499423E-05    3.885871E-05    3.413669E-05
   9.838116E-05    6.999763E-05    8.137697E-05    1.131909E-04    1.293269E-04    1.293269E-04    1.293269E-04    1.293269E-04    5.599231E-05    5.962170E-05    6.164339E-05    3.603489E-05    1.929141E-05    1.502080E-05    1.840179E-05    3.975801E-05    2.861492E-05    3.583337E-05    4.606819E-05    3.382298E-05
   1.066154E-04    1.002132E-04    1.029145E-04    2.388603E-04    1.293269E-04    1.293269E-04    1.293269E-04    1.293269E-04    7.126462E-05    7.758075E-05    6.571976E-05    4.396830E-05    3.018475E-05    3.282345E-05    4.046820E-05    4.445429E-05    3.871722E-05    5.092562E-05    3.993827E-05    3.837743E-05
   6.702758E-05    1.119635E-04    1.683242E-04    2.158584E-04    1.293269E-04    1.293269E-04    1.293269E-04    1.293269E-04    9.490368E-05    4.989079E-05    3.815891E-05    5.804693E-05    3.719078E-05    3.573221E-05    5.264961E-05    4.911758E-05    7.525412E-05    4.980230E-05    3.187086E-05    3.836700E-05
   9.757043E-05    8.920534E-05    1.242610E-04    1.767785E-04    1.293269E-04    1.293269E-04    1.293269E-04    1.293269E-04    7.546122E-05    6.978900E-05    4.567451E-05    7.310027E-05    5.458513E-05    4.699239E-05    3.369404E-05    4.645518E-05    5.308643E-05    3.327342E-05    3.857098E-05    1.936614E-05
   9.446951E-05    1.518868E-04    1.629504E-04    2.109942E-04    1.293269E-04    1.293269E-04    1.293269E-04    1.293269E-04    1.663092E-04    7.331001E-05    6.817133E-05    5.369424E-05    4.221350E-05    4.138747E-05    5.063591E-05    4.108278E-05    4.074034E-05    3.190233E-05    3.905510E-05    5.089137E-05
   1.250526E-04    1.372636E-04    1.993777E-04    2.557932E-04    1.293269E-04    1.293269E-04    1.293269E-04    1.293269E-04    1.345547E-04    7.789463E-05    5.638433E-05    7.130421E-05    5.030455E-05    4.066102E-05    4.988016E-05    3.103504E-05    3.378100E-05    3.936061E-05    4.750055E-05    7.270885E-05
   1.385740E-04    1.509893E-04    2.361307E-04    2.583325E-04    1.293269E-04    1.293269E-04    1.293269E-04    1.293269E-04    1.094819E-04    5.374461E-05    3.150536E-05    3.570545E-05    3.745747E-05    2.303484E-05    4.995569E-05    3.499459E-05    3.332347E-05    4.844432E-05    6.018006E-05    1.019666E-04
   1.450562E-04    2.721303E-04    3.413153E-04    1.858003E-04    1.293269E-04    1.293269E-04    1.293269E-04    1.293269E-04    6.418515E-05    5.278672E-05    4.134629E-05    5.026725E-05    5.006833E-05    3.832962E-05    3.203159E-05    3.287099E-05    5.645438E-05    4.330987E-05    7.615843E-05    1.137011E-04
   2.147703E-04    1.490299E-04    1.724894E-04    1.466921E-04    1.293269E-04    1.293269E-04    1.293269E-04    1.293269E-04    7.751370E-05    4.959887E-05    7.000618E-05    7.961586E-05    4.708919E-05    2.837289E-05    2.660031E-05    5.017976E-05    6.848254E-05    8.853826E-05    1.196304E-04    1.535623E-04
   2.025308E-04    1.725250E-04    1.453421E-04    1.361600E-04    1.293269E-04    1.293269E-04    1.293269E-04    1.293269E-04    9.734892E-05    4.483192E-05    5.369149E-05    1.179584E-04    7.103725E-05    3.881108E-05    4.247113E-05    4.756856E-05    8.265597E-05    9.662220E-05    9.914483E-05    1.150812E-04
   2.492406E-04    1.784645E-04    9.578408E-05    1.171260E-04    1.293269E-04    1.293269E-04    1.293269E-04    1.293269E-04    4.845136E-05    5.577947E-05    3.186411E-05    7.480564E-05    5.529927E-05    5.746036E-05    5.708029E-05    5.366483E-05    6.647466E-05    7.706579E-05    1.096421E-04    7.089803E-05
   9.853890E-05    1.288122E-04    4.886446E-05    8.334933E-05    1.293269E-04    1.293269E-04    1.293269E-04    1.293269E-04    8.912280E-05    7.687098E-05    6.314224E-05    9.303072E-05    1.357720E-04    8.471852E-05    6.466355E-05    6.325309E-05    5.249344E-05    6.327570E-05    6.523528E-05    7.466212E-05
   6.251046E-05    5.814217E-05    5.319876E-05    5.030730E-05    1.293269E-04    1.293269E-04    6.684456E-05    7.558438E-05    1.117927E-04    7.969024E-05    8.637038E-05    1.078459E-04    1.806575E-04    2.102797E-04    8.148898E-05    5.817879E-05    5.188951E-05    4.483465E-05    4.212602E-05    6.761773E-05
   5.169986E-05    5.461097E-05    5.356290E-05    6.009595E-05    9.686912E-05    1.293269E-04    5.781510E-05    6.882064E-05    9.229335E-05    1.358026E-04    1.883421E-04    1.345080E-04    1.179564E-04    1.033704E-04    8.958461E-05    7.231505E-05    8.897874E-05    5.539266E-05    3.873489E-05    5.845794E-05
   4.071301E-05    9.352872E-05    6.226249E-05    8.768737E-05    6.018103E-05    9.723672E-05    4.587002E-05    8.465479E-05    1.369813E-04    1.452384E-04    1.869771E-04    1.728692E-04    1.365978E-04    1.493977E-04    1.160660E-04    8.691449E-05    8.965306E-05    4.402424E-05    5.793336E-05    5.341083E-05
   4.899600E-05    1.061960E-04    1.076457E-04    1.189753E-04    8.556124E-05    8.698664E-05    5.750064E-05    8.651578E-05    1.548206E-04    1.335797E-04    1.518333E-04    1.954635E-04    2.471176E-04    1.411355E-04    1.358707E-04    7.972407E-05    7.362249E-05    7.110617E-05    7.356565E-05    7.901700E-05
   7.169048E-05    1.194281E-04    1.577532E-04    1.327777E-04    8.610757E-05    6.638228E-05    9.119151E-05    1.222210E-04    1.438207E-04    1.557946E-04    1.626025E-04    2.085432E-04    1.707140E-04    1.573180E-04    1.136642E-04    1.056158E-04    8.139219E-05    9.134423E-05    5.900812E-05    8.452627E-05
   1.003375E-04    1.128783E-04    1.309393E-04    1.486871E-04    1.064414E-04    8.631869E-05    1.049559E-04    1.104915E-04    1.938046E-04    2.405252E-04    1.565613E-04    1.926683E-04    1.604501E-04    1.036618E-04    1.239745E-04    1.146887E-04    7.692784E-05    8.615462E-05    9.449833E-05    6.894941E-05
   1.640616E-04    1.633625E-04    1.946794E-04    1.176606E-04    1.717920E-04    1.748695E-04    1.211125E-04    8.642436E-05    1.705508E-04    2.407221E-04    2.310042E-04    1.368633E-04    1.196818E-04    9.609248E-05    8.928420E-05    9.521829E-05    5.809189E-05    5.335377E-05    6.796741E-05    6.608442E-05
   3.422339E-04    3.270676E-04    2.202781E-04    1.275425E-04    6.675411E-05    7.503882E-05    1.233338E-04    8.639474E-05    9.998982E-05    1.812920E-04    1.666590E-04    1.977011E-04    1.803457E-04    7.682290E-05    6.097671E-05    5.849494E-05    3.714812E-05    5.031062E-05    4.406198E-05    8.824208E-05
   3.496257E-04    3.497635E-04    1.602451E-04    1.518828E-04    6.641007E-05    7.947931E-05    1.502836E-04    1.188692E-04    1.500625E-04    8.506755E-05    1.169388E-04    1.509570E-04    9.698226E-05    6.537420E-05    4.942967E-05    5.201970E-05    3.841507E-05    3.709790E-05    3.655314E-05    5.961900E-05
   2.916151E-04    4.019983E-04    1.632211E-04    8.436793E-05    7.070425E-05    7.473626E-05    1.134867E-04    8.728788E-05    6.991288E-05    7.138359E-05    1.010123E-04    1.353953E-04    1.127443E-04    9.227816E-05    6.605612E-05    5.915785E-05    2.726988E-05    4.540260E-05    4.026416E-05    3.502519E-05
   3.014428E-04    3.994141E-04    3.266695E-04    1.655836E-04    1.606980E-04    1.391654E-04    9.356073E-05    9.376788E-05    1.185885E-04    8.808435E-05    1.693085E-04    9.455648E-05    1.693726E-04    1.876132E-04    1.002510E-04    6.644561E-05    6.287445E-05    5.686790E-05    3.498777E-05    4.041567E-05
   1.293269E-04    3.188127E-04    2.745447E-04    1.682953E-04    1.355175E-04    1.305652E-04    9.967842E-05    1.451819E-04    1.003964E-04    1.066406E-04    1.618366E-04    1.869276E-04    2.099447E-04    9.869282E-05    7.684309E-05    5.671445E-05    8.316795E-05    5.245584E-05    5.466911E-05    4.844916E-05
   1.293269E-04    1.293269E-04    3.884767E-04    1.741766E-04    1.580698E-04    1.646751E-04    1.262335E-04    1.277483E-04    1.041753E-04    1.488738E-04    1.784343E-04    2.029751E-04    1.669207E-04    1.618331E-04    6.340341E-05    4.669180E-05    5.378526E-05    6.688573E-05    5.458806E-05    6.143714E-05
   1.293269E-04    1.293269E-04    1.293269E-04    1.560372E-04    1.331370E-04    1.575692E-04    2.812002E-04    1.891141E-04    1.106522E-04    1.402850E-04    2.626529E-04    1.319106E-04    2.017657E-04    1.045701E-04    4.925044E-05    6.258961E-05    6.320639E-05    6.346456E-05    4.999873E-05    8.811913E-05
   1.293269E-04    1.293269E-04    1.293269E-04    1.293269E-04    1.158884E-04    1.787725E-04    2.010308E-04    1.875868E-04    1.747142E-04    1.430058E-04    1.543631E-04    1.209189E-04    1.114245E-04    6.971771E-05    7.590453E-05    6.964944E-05    7.230385E-05    1.014967E-04    6.813521E-05    1.293269E-04
   1.293269E-04    1.293269E-04    1.293269E-04    1.293269E-04    8.572453E-05    1.128114E-04    1.233989E-04    1.711631E-04    1.643078E-04    1.047735E-04    1.123960E-04    8.800733E-05    8.001386E-05    1.049864E-04    1.076636E-04    1.037667E-04    1.360998E-04    8.470756E-05    6.314401E-05    1.293269E-04
   1.293269E-04    1.293269E-04    1.293269E-04    1.293269E-04    1.293269E-04    1.037405E-04    1.230419E-04    1.599248E-04    1.333979E-04    7.831200E-05    1.074741E-04    8.443635E-05    7.285475E-05    1.167887E-04    9.679792E-05    1.054057E-04    6.225339E-05    5.186653E-05    1.293269E-04    1.293269E-04
   1.293269E-04    1.293269E-04    1.293269E-04    1.293269E-04    1.293269E-04    8.568168E-05    1.177437E-04    1.113798E-04    1.012038E-04    4.590014E-05    1.032891E-04    1.078642E-04    6.635281E-05    1.009459E-04    1.165659E-04    8.706322E-05    5.161184E-05    1.293269E-04    1.293269E-04    1.293269E-04
   1.293269E-04    1.293269E-04    1.293269E-04    1.293269E-04    1.293269E-04    1.251910E-04    6.719490E-05    8.492188E-05    8.419294E-05    1.560593E-04    1.348866E-04    1.531543E-04    7.423290E-05    5.411915E-05    6.957027E-05    4.464673E-05    1.293269E-04    1.293269E-04    1.293269E-04    1.293269E-04
