   4.266562E-05    3.766275E-05    2.445566E-05    3.922007E-05    4.933096E-05    6.425332E-05    8.039604E-05    7.913395E-05    4.848853E-05    4.102299E-05    3.297609E-05    3.178954E-05    3.351573E-05    2.781124E-05    3.461027E-05    3.690390E-05    5.399034E-05    5.957625E-05    7.722022E-05    6.095217E-05
   5.787620E-05    4.714425E-05    4.697719E-05    5.208884E-05    5.359196E-05    6.273160E-05    8.083341E-05    8.214326E-05    4.759587E-05    3.254068E-05    2.995749E-05    1.666934E-05    1.917388E-05    2.576427E-05    3.030908E-05    4.641195E-05    9.618830E-05    8.886795E-05    7.312509E-05    7.981013E-05
   6.584662E-05    6.841947E-05    4.892584E-05    5.113513E-05    4.651660E-05    7.725928E-05    8.088388E-05    6.905083E-05    3.426482E-05    3.277574E-05    3.303670E-05    2.132127E-05    3.029387E-05    2.623771E-05    5.583699E-05    6.300086E-05    6.678150E-05    4.166629E-05    8.521761E-05    6.970968E-05
   4.990884E-05    6.539472E-05    5.498383E-05    3.418252E-05    5.258889E-05    5.662299E-05    7.729798E-05    6.993057E-05    3.954214E-05    2.943790E-05    2.752298E-05    1.592801E-05    2.484509E-05    2.005393E-05    3.688159E-05    4.398561E-05    4.853511E-05    4.252930E-05    4.866984E-05    4.632369E-05
   3.742822E-05    4.036346E-05    5.854350E-05    2.975518E-05    3.577724E-05    7.719632E-05    5.170229E-05    6.810001E-05    3.633981E-05    3.663041E-05    4.236672E-05    2.322956E-05    1.829043E-05    2.059004E-05    3.678030E-05    4.685190E-05    5.707173E-05    3.163944E-05    7.034357E-05    8.025567E-05
   4.895951E-05    5.617329E-05    7.649597E-05    3.521443E-05    3.518667E-05    3.750835E-05    7.091127E-05    6.512416E-05    4.142184E-05    2.640016E-05    3.774449E-05    2.483519E-05    2.230048E-05    1.878475E-05    2.443951E-05    3.856599E-05    4.488921E-05    2.580731E-05    2.879723E-05    5.367142E-05
   6.033799E-05    7.284110E-05    4.924683E-05    4.675131E-05    3.281836E-05    4.668338E-05    5.049965E-05    6.362983E-05    2.934692E-05    2.181231E-05    3.493850E-05    1.562097E-05    1.276836E-05    1.206405E-05    1.182612E-05    1.609332E-05    2.404648E-05    3.837040E-05    3.365372E-05    4.589321E-05
   7.360704E-05    6.811593E-05    9.579719E-05    8.107707E-05    4.598036E-05    5.246982E-05    5.101037E-05    6.388670E-05    3.245109E-05    3.054146E-05    3.411592E-05    1.781691E-05    1.536416E-05    1.672918E-05    1.358614E-05    1.546822E-05    2.409207E-05    2.712327E-05    2.169908E-05    3.940580E-05
   6.658586E-05    4.473964E-05    7.816406E-05    6.457706E-05    6.839797E-05    6.839797E-05    6.839797E-05    5.272554E-05    4.343465E-05    1.970831E-05    2.365385E-05    2.658560E-05    1.092678E-05    8.891794E-06    1.157996E-05    1.691797E-05    1.460632E-05    2.694135E-05    2.326756E-05    2.044014E-05
   5.890802E-05    4.191272E-05    4.872637E-05    6.777573E-05    6.839797E-05    6.839797E-05    6.839797E-05    6.839797E-05    3.352671E-05    3.569989E-05    3.691042E-05    2.157673E-05    1.155118E-05    8.994057E-06    1.101850E-05    2.380604E-05    1.713385E-05    2.145607E-05    2.758441E-05    2.025230E-05
   6.383846E-05    6.000499E-05    6.162246E-05    1.430232E-04    6.839797E-05    6.839797E-05    6.839797E-05    6.839797E-05    4.267136E-05    4.645329E-05    3.935124E-05    2.632705E-05    1.807383E-05    1.965381E-05    2.423128E-05    2.661804E-05    2.318284E-05    3.049291E-05    2.391398E-05    2.297938E-05
   4.013433E-05    6.704079E-05    1.007880E-04    1.292502E-04    6.839797E-05    6.839797E-05    6.839797E-05    6.839797E-05    5.682580E-05    2.987328E-05    2.284854E-05    3.475696E-05    2.226885E-05    2.139549E-05    3.152519E-05    2.941030E-05    4.506016E-05    2.982029E-05    1.908342E-05    2.297314E-05
   5.842258E-05    5.341378E-05    7.440419E-05    1.058503E-04    6.839797E-05    6.839797E-05    6.839797E-05    6.839797E-05    4.518417E-05    4.178780E-05    2.734868E-05    4.377050E-05    3.268412E-05    2.813779E-05    2.017509E-05    2.781612E-05    3.178674E-05    1.992324E-05    2.309528E-05    1.159593E-05
   5.656583E-05    9.094580E-05    9.757034E-05    1.263377E-04    6.839797E-05    6.839797E-05    6.839797E-05    6.839797E-05    9.958151E-05    4.389609E-05    4.081918E-05    3.215068E-05    2.527632E-05    2.478172E-05    3.031943E-05    2.459928E-05    2.439423E-05    1.910227E-05    2.338516E-05    3.047240E-05
   7.487820E-05    8.218981E-05    1.193820E-04    1.531622E-04    6.839797E-05    6.839797E-05    6.839797E-05    6.839797E-05    8.056778E-05    4.664123E-05    3.376143E-05    4.269506E-05    3.012102E-05    2.434674E-05    2.986691E-05    1.858296E-05    2.022716E-05    2.356809E-05    2.844206E-05    4.353613E-05
   8.297443E-05    9.040837E-05    1.413888E-04    1.546826E-04    6.839797E-05    6.839797E-05    6.839797E-05    6.839797E-05    6.555482E-05    3.218084E-05    1.886457E-05    2.137947E-05    2.242854E-05    1.379265E-05    2.991214E-05    2.095383E-05    1.995321E-05    2.900717E-05    3.603422E-05    6.105488E-05
   8.685577E-05    1.629444E-04    2.043705E-04    1.112523E-04    6.839797E-05    6.839797E-05    6.839797E-05    6.839797E-05    3.843236E-05    3.160729E-05    2.475706E-05    3.009869E-05    2.997959E-05    2.295076E-05    1.917966E-05    1.968228E-05    3.380338E-05    2.593280E-05    4.560164E-05    6.808118E-05
   1.285987E-04    8.923514E-05    1.032820E-04    8.783533E-05    6.839797E-05    6.839797E-05    6.839797E-05    6.839797E-05    4.641314E-05    2.969849E-05    4.191784E-05    4.767186E-05    2.819576E-05    1.698893E-05    1.592756E-05    3.004630E-05    4.100552E-05    5.301435E-05    7.163148E-05    9.194902E-05
   1.212701E-04    1.033034E-04    8.702699E-05    8.152900E-05    6.839797E-05    6.839797E-05    6.839797E-05    6.839797E-05    5.828994E-05    2.684416E-05    3.214904E-05    7.063033E-05    4.253521E-05    2.323904E-05    2.543059E-05    2.848279E-05    4.949220E-05    5.785480E-05    5.936529E-05    6.890759E-05
   1.492387E-04    1.068598E-04    5.735296E-05    7.013194E-05    6.839797E-05    6.839797E-05    6.839797E-05    6.839797E-05    2.901138E-05    3.339926E-05    1.907938E-05    4.479163E-05    3.311173E-05    3.440574E-05    3.417816E-05    3.213307E-05    3.980326E-05    4.614495E-05    6.565076E-05    4.245185E-05
   5.900247E-05    7.712929E-05    2.925874E-05    4.990736E-05    6.839797E-05    6.839797E-05    6.839797E-05    6.839797E-05    5.336436E-05    4.602830E-05    3.780789E-05    5.570432E-05    8.129664E-05    5.072720E-05    3.871882E-05    3.787427E-05    3.143167E-05    3.788781E-05    3.906115E-05    4.470569E-05
   3.742960E-05    3.481399E-05    3.185400E-05    3.012267E-05    6.839797E-05    6.839797E-05    4.002475E-05    4.525792E-05    6.693850E-05    4.771640E-05    5.171629E-05    6.457525E-05    1.081729E-04    1.259099E-04    4.879343E-05    3.483591E-05    3.107006E-05    2.684580E-05    2.522394E-05    4.048770E-05
   3.095650E-05    3.269960E-05    3.207204E-05    3.598386E-05    5.800265E-05    6.839797E-05    3.461815E-05    4.120797E-05    5.526280E-05    8.131499E-05    1.127742E-04    8.053980E-05    7.062913E-05    6.189544E-05    5.364088E-05    4.330033E-05    5.327810E-05    3.316765E-05    2.319342E-05    3.500306E-05
   2.437787E-05    5.600251E-05    3.728113E-05    5.250487E-05    3.603480E-05    5.822276E-05    2.746575E-05    5.068904E-05    8.202076E-05    8.696487E-05    1.119569E-04    1.035095E-04    8.179116E-05    8.945535E-05    6.949725E-05    5.204208E-05    5.368187E-05    2.636054E-05    3.468896E-05    3.198098E-05
   2.933750E-05    6.358732E-05    6.445539E-05    7.123923E-05    5.123179E-05    5.208529E-05    3.442985E-05    5.180335E-05    9.270247E-05    7.998399E-05    9.091374E-05    1.170383E-04    1.479675E-04    8.450819E-05    8.135575E-05    4.773665E-05    4.408319E-05    4.257648E-05    4.404915E-05    4.731328E-05
   4.292635E-05    7.151039E-05    9.445843E-05    7.950373E-05    5.155892E-05    3.974794E-05    5.460305E-05    7.318269E-05    8.611600E-05    9.328567E-05    9.736203E-05    1.248701E-04    1.022190E-04    9.419781E-05    6.805909E-05    6.323994E-05    4.873548E-05    5.469449E-05    3.533249E-05    5.061208E-05
   6.007942E-05    6.758853E-05    7.840299E-05    8.902989E-05    6.373426E-05    5.168534E-05    6.284480E-05    6.615940E-05    1.160451E-04    1.440201E-04    9.374474E-05    1.153646E-04    9.607327E-05    6.206990E-05    7.423265E-05    6.867257E-05    4.606234E-05    5.158709E-05    5.658308E-05    4.128507E-05
   9.823573E-05    9.781709E-05    1.165689E-04    7.045203E-05    1.028645E-04    1.047072E-04    7.251895E-05    5.174861E-05    1.021213E-04    1.441380E-04    1.383192E-04    8.195009E-05    7.166230E-05    5.753762E-05    5.346100E-05    5.701418E-05    3.478388E-05    3.194682E-05    4.069707E-05    3.956959E-05
   2.049206E-04    1.958394E-04    1.318967E-04    7.636906E-05    3.997059E-05    4.493125E-05    7.384897E-05    5.173087E-05    5.987125E-05    1.085528E-04    9.979098E-05    1.183782E-04    1.079862E-04    4.599951E-05    3.651123E-05    3.502522E-05    2.224330E-05    3.012466E-05    2.638314E-05    5.283701E-05
   2.093466E-04    2.094291E-04    9.595051E-05    9.094341E-05    3.976458E-05    4.759010E-05    8.998581E-05    7.117573E-05    8.985341E-05    5.093619E-05    7.001986E-05    9.038906E-05    5.807040E-05    3.914433E-05    2.959717E-05    3.114801E-05    2.300192E-05    2.221324E-05    2.188705E-05    3.569827E-05
   1.746114E-04    2.407059E-04    9.773244E-05    5.051727E-05    4.233583E-05    4.475009E-05    6.795279E-05    5.226566E-05    4.186197E-05    4.274259E-05    6.048347E-05    8.107110E-05    6.750826E-05    5.525371E-05    3.955265E-05    3.542214E-05    1.632848E-05    2.718587E-05    2.410911E-05    2.097215E-05
   1.804960E-04    2.391585E-04    1.956010E-04    9.914704E-05    9.622170E-05    8.332853E-05    5.602167E-05    5.614571E-05    7.100762E-05    5.274257E-05    1.013774E-04    5.661791E-05    1.014158E-04    1.123378E-04    6.002763E-05    3.978586E-05    3.764755E-05    3.405099E-05    2.094974E-05    2.419983E-05
   6.839797E-05    1.908965E-04    1.643901E-04    1.007708E-04    8.114430E-05    7.817896E-05    5.968479E-05    8.693108E-05    6.011470E-05    6.385353E-05    9.690348E-05    1.119273E-04    1.257093E-04    5.909464E-05    4.601160E-05    3.395910E-05    4.979876E-05    3.140916E-05    3.273441E-05    2.901007E-05
   6.839797E-05    6.839797E-05    2.326095E-04    1.042923E-04    9.464798E-05    9.860305E-05    7.558528E-05    7.649229E-05    6.237738E-05    8.914168E-05    1.068417E-04    1.215361E-04    9.994766E-05    9.690133E-05    3.796427E-05    2.795781E-05    3.220518E-05    4.004939E-05    3.268588E-05    3.678692E-05
   6.839797E-05    6.839797E-05    6.839797E-05    9.343090E-05    7.971889E-05    9.434827E-05    1.683752E-04    1.132365E-04    6.625557E-05    8.399894E-05    1.572695E-04    7.898456E-05    1.208120E-04    6.261380E-05    2.948985E-05    3.747699E-05    3.784631E-05    3.800089E-05    2.993791E-05    5.276339E-05
   6.839797E-05    6.839797E-05    6.839797E-05    6.839797E-05    6.939091E-05    1.070442E-04    1.203719E-04    1.123220E-04    1.046142E-04    8.562807E-05    9.242854E-05    7.240300E-05    6.671801E-05    4.174511E-05    4.544962E-05    4.170423E-05    4.329362E-05    6.077352E-05    4.079755E-05    6.839797E-05
   6.839797E-05    6.839797E-05    6.839797E-05    6.839797E-05    5.132957E-05    6.754845E-05    7.388798E-05    1.024879E-04    9.838314E-05    6.273556E-05    6.729976E-05    5.269645E-05    4.791017E-05    6.286304E-05    6.446612E-05    6.213274E-05    8.149296E-05    5.072063E-05    3.780896E-05    6.839797E-05
   6.839797E-05    6.839797E-05    6.839797E-05    6.839797E-05    6.839797E-05    6.211702E-05    7.367420E-05    9.575873E-05    7.987509E-05    4.689114E-05    6.435265E-05    5.055824E-05    4.362349E-05    6.992996E-05    5.796002E-05    6.311415E-05    3.727567E-05    3.105630E-05    6.839797E-05    6.839797E-05
   6.839797E-05    6.839797E-05    6.839797E-05    6.839797E-05    6.839797E-05    5.130391E-05    7.050181E-05    6.669125E-05    6.059815E-05    2.748379E-05    6.184677E-05    6.458622E-05    3.973030E-05    6.044373E-05    6.979655E-05    5.213114E-05    3.090380E-05    6.839797E-05    6.839797E-05    6.839797E-05
   6.839797E-05    6.839797E-05    6.839797E-05    6.839797E-05    6.839797E-05    7.496105E-05    4.023452E-05    5.084896E-05    5.041250E-05    9.344417E-05    8.076653E-05    9.170472E-05    4.444868E-05    3.240511E-05    4.165683E-05    2.673327E-05    6.839797E-05    6.839797E-05    6.839797E-05    6.839797E-05
