   1.278398E-04    1.128496E-04    7.327693E-05    1.175158E-04    1.478112E-04    1.925233E-04    2.408921E-04    2.371104E-04    1.452870E-04    1.229179E-04    9.880683E-05    9.525155E-05    1.004238E-04    8.333132E-05    1.037033E-04    1.105758E-04    1.617722E-04    1.785093E-04    2.313763E-04    1.826320E-04
   1.734155E-04    1.412592E-04    1.407586E-04    1.560747E-04    1.605785E-04    1.879638E-04    2.422026E-04    2.461273E-04    1.426123E-04    9.750222E-05    8.976216E-05    4.994663E-05    5.745102E-05    7.719794E-05    9.081563E-05    1.390649E-04    2.882107E-04    2.662766E-04    2.191060E-04    2.391365E-04
   1.972974E-04    2.050065E-04    1.465973E-04    1.532171E-04    1.393785E-04    2.314933E-04    2.423538E-04    2.068982E-04    1.026683E-04    9.820652E-05    9.898844E-05    6.388531E-05    9.077005E-05    7.861651E-05    1.673053E-04    1.887706E-04    2.000986E-04    1.248454E-04    2.553390E-04    2.088723E-04
   1.495427E-04    1.959433E-04    1.647490E-04    1.024217E-04    1.575730E-04    1.696605E-04    2.316093E-04    2.095342E-04    1.184808E-04    8.820528E-05    8.246758E-05    4.772537E-05    7.444379E-05    6.008793E-05    1.105090E-04    1.317949E-04    1.454266E-04    1.274313E-04    1.458303E-04    1.388005E-04
   1.121468E-04    1.209417E-04    1.754149E-04    8.915595E-05    1.072000E-04    2.313047E-04    1.549165E-04    2.040492E-04    1.088856E-04    1.097563E-04    1.269441E-04    6.960314E-05    5.480394E-05    6.169429E-05    1.102055E-04    1.403832E-04    1.710050E-04    9.480182E-05    2.107717E-04    2.404715E-04
   1.466982E-04    1.683130E-04    2.292062E-04    1.055136E-04    1.054304E-04    1.123869E-04    2.124727E-04    1.951327E-04    1.241130E-04    7.910327E-05    1.130945E-04    7.441411E-05    6.681931E-05    5.628507E-05    7.322852E-05    1.155559E-04    1.345023E-04    7.732688E-05    8.628565E-05    1.608166E-04
   1.807918E-04    2.182550E-04    1.475591E-04    1.400818E-04    9.833422E-05    1.398782E-04    1.513130E-04    1.906552E-04    8.793268E-05    6.535662E-05    1.046868E-04    4.680540E-05    3.825806E-05    3.614771E-05    3.543481E-05    4.822071E-05    7.205089E-05    1.149699E-04    1.008372E-04    1.375106E-04
   2.205501E-04    2.040969E-04    2.870388E-04    2.429326E-04    1.377717E-04    1.572162E-04    1.528433E-04    1.914248E-04    9.723378E-05    9.151191E-05    1.022221E-04    5.338511E-05    4.603592E-05    5.012594E-05    4.070839E-05    4.634769E-05    7.218750E-05    8.126992E-05    6.501732E-05    1.180723E-04
   1.995124E-04    1.340542E-04    2.342043E-04    1.934934E-04    1.446688E-04    1.446688E-04    1.446688E-04    1.579824E-04    1.301440E-04    5.905236E-05    7.087443E-05    7.965890E-05    3.274010E-05    2.664264E-05    3.469724E-05    5.069160E-05    4.376518E-05    8.072483E-05    6.971700E-05    6.124516E-05
   1.765071E-04    1.255838E-04    1.459997E-04    2.030776E-04    1.446688E-04    1.446688E-04    1.446688E-04    1.446688E-04    1.004567E-04    1.069682E-04    1.105953E-04    6.465074E-05    3.461100E-05    2.694905E-05    3.301493E-05    7.133044E-05    5.133846E-05    6.428919E-05    8.265165E-05    6.068231E-05
   1.912803E-04    1.797940E-04    1.846405E-04    4.285428E-04    1.446688E-04    1.446688E-04    1.446688E-04    1.446688E-04    1.278569E-04    1.391888E-04    1.179088E-04    7.888420E-05    5.415492E-05    5.888905E-05    7.260462E-05    7.975611E-05    6.946315E-05    9.136643E-05    7.165386E-05    6.885353E-05
   1.202552E-04    2.008755E-04    3.019929E-04    3.872748E-04    1.446688E-04    1.446688E-04    1.446688E-04    1.446688E-04    1.702681E-04    8.950982E-05    6.846149E-05    1.041429E-04    6.672454E-05    6.410770E-05    9.445947E-05    8.812259E-05    1.350146E-04    8.935107E-05    5.717999E-05    6.883482E-05
   1.750526E-04    1.600447E-04    2.229386E-04    3.171611E-04    1.446688E-04    1.446688E-04    1.446688E-04    1.446688E-04    1.353861E-04    1.252095E-04    8.194534E-05    1.311503E-04    9.793201E-05    8.430976E-05    6.045099E-05    8.334594E-05    9.524317E-05    5.969636E-05    6.920079E-05    3.474508E-05
   1.694892E-04    2.725025E-04    2.923517E-04    3.785479E-04    1.446688E-04    1.446688E-04    1.446688E-04    1.446688E-04    2.983778E-04    1.315266E-04    1.223072E-04    9.633366E-05    7.573588E-05    7.425389E-05    9.084665E-05    7.370724E-05    7.309287E-05    5.723645E-05    7.006935E-05    9.130497E-05
   2.243589E-04    2.462668E-04    3.577065E-04    4.589225E-04    1.446688E-04    1.446688E-04    1.446688E-04    1.446688E-04    2.414067E-04    1.397519E-04    1.011600E-04    1.279280E-04    9.025215E-05    7.295056E-05    8.949076E-05    5.568044E-05    6.060701E-05    7.061747E-05    8.522145E-05    1.304481E-04
   2.486177E-04    2.708922E-04    4.236456E-04    4.634783E-04    1.446688E-04    1.446688E-04    1.446688E-04    1.446688E-04    1.964231E-04    9.642403E-05    5.652424E-05    6.405969E-05    6.720302E-05    4.132716E-05    8.962626E-05    6.278433E-05    5.978615E-05    8.691470E-05    1.079700E-04    1.829398E-04
   2.602475E-04    4.882331E-04    6.123589E-04    3.333471E-04    1.446688E-04    1.446688E-04    1.446688E-04    1.446688E-04    1.151556E-04    9.470547E-05    7.418000E-05    9.018524E-05    8.982836E-05    6.876775E-05    5.746836E-05    5.897435E-05    1.012857E-04    7.770289E-05    1.366370E-04    2.039928E-04
   3.853226E-04    2.673768E-04    3.094658E-04    2.631825E-04    1.446688E-04    1.446688E-04    1.446688E-04    1.446688E-04    1.390685E-04    8.898609E-05    1.255991E-04    1.428400E-04    8.448344E-05    5.090423E-05    4.772403E-05    9.002827E-05    1.228656E-04    1.588478E-04    2.146307E-04    2.755084E-04
   3.633636E-04    3.095298E-04    2.607605E-04    2.442868E-04    1.446688E-04    1.446688E-04    1.446688E-04    1.446688E-04    1.746552E-04    8.043364E-05    9.632873E-05    2.116309E-04    1.274490E-04    6.963155E-05    7.619811E-05    8.534348E-05    1.482943E-04    1.733514E-04    1.778773E-04    2.064690E-04
   4.471664E-04    3.201859E-04    1.718477E-04    2.101376E-04    1.446688E-04    1.446688E-04    1.446688E-04    1.446688E-04    8.692732E-05    1.000748E-04    5.716789E-05    1.342099E-04    9.921326E-05    1.030905E-04    1.024086E-04    9.628088E-05    1.192632E-04    1.382649E-04    1.967105E-04    1.271992E-04
   1.767901E-04    2.311038E-04    8.766847E-05    1.495383E-04    1.446688E-04    1.446688E-04    1.446688E-04    1.446688E-04    1.598966E-04    1.379154E-04    1.132845E-04    1.669078E-04    2.435905E-04    1.519948E-04    1.160139E-04    1.134833E-04    9.417927E-05    1.135239E-04    1.170396E-04    1.339524E-04
   1.121510E-04    1.043138E-04    9.544470E-05    9.025709E-05    1.446688E-04    1.446688E-04    1.199269E-04    1.356071E-04    2.005690E-04    1.429735E-04    1.549584E-04    1.934880E-04    3.241203E-04    3.772661E-04    1.462006E-04    1.043794E-04    9.309576E-05    8.043853E-05    7.557893E-05    1.213140E-04
   9.275550E-05    9.797838E-05    9.609802E-05    1.078191E-04    1.737944E-04    1.446688E-04    1.037270E-04    1.234722E-04    1.655849E-04    2.436455E-04    3.379074E-04    2.413228E-04    2.116273E-04    1.854584E-04    1.607251E-04    1.297415E-04    1.596381E-04    9.938081E-05    6.949486E-05    1.048803E-04
   7.304384E-05    1.678013E-04    1.117061E-04    1.573212E-04    1.079717E-04    1.744539E-04    8.229610E-05    1.518805E-04    2.457602E-04    2.605744E-04    3.354584E-04    3.101472E-04    2.450723E-04    2.680366E-04    2.082358E-04    1.559346E-04    1.608479E-04    7.898455E-05    1.039391E-04    9.582518E-05
   8.790446E-05    1.905278E-04    1.931288E-04    2.134553E-04    1.535067E-04    1.560641E-04    1.031628E-04    1.552193E-04    2.777660E-04    2.396574E-04    2.724064E-04    3.506840E-04    4.433575E-04    2.532134E-04    2.437677E-04    1.430342E-04    1.320872E-04    1.275727E-04    1.319853E-04    1.417656E-04
   1.286210E-04    2.142678E-04    2.830275E-04    2.382184E-04    1.544869E-04    1.190975E-04    1.636081E-04    2.192786E-04    2.580309E-04    2.795135E-04    2.917276E-04    3.741506E-04    3.062805E-04    2.822465E-04    2.039266E-04    1.894869E-04    1.460270E-04    1.638821E-04    1.058674E-04    1.516499E-04
   1.800170E-04    2.025167E-04    2.349202E-04    2.667618E-04    1.909681E-04    1.548657E-04    1.883030E-04    1.982346E-04    3.477078E-04    4.315298E-04    2.808890E-04    3.456691E-04    2.878660E-04    1.859811E-04    2.224246E-04    2.057648E-04    1.380174E-04    1.545713E-04    1.695409E-04    1.237032E-04
   2.943454E-04    2.930911E-04    3.492773E-04    2.110966E-04    3.082147E-04    3.137360E-04    2.172898E-04    1.550553E-04    3.059878E-04    4.318833E-04    4.144481E-04    2.455485E-04    2.147230E-04    1.724010E-04    1.601861E-04    1.708326E-04    1.042235E-04    9.572281E-05    1.219414E-04    1.185631E-04
   6.140070E-04    5.867970E-04    3.952043E-04    2.288260E-04    1.197646E-04    1.346283E-04    2.212750E-04    1.550021E-04    1.793933E-04    3.252587E-04    2.990055E-04    3.546986E-04    3.235609E-04    1.378291E-04    1.093992E-04    1.049467E-04    6.664800E-05    9.026306E-05    7.905227E-05    1.583165E-04
   6.272688E-04    6.275161E-04    2.874982E-04    2.724953E-04    1.191473E-04    1.425950E-04    2.696261E-04    2.132651E-04    2.692293E-04    1.526210E-04    2.098017E-04    2.708343E-04    1.739973E-04    1.172888E-04    8.868252E-05    9.332934E-05    6.892106E-05    6.655791E-05    6.558055E-05    1.069634E-04
   5.231911E-04    7.212313E-04    2.928374E-04    1.513658E-04    1.268516E-04    1.340855E-04    2.036081E-04    1.566045E-04    1.254318E-04    1.280704E-04    1.812277E-04    2.429148E-04    2.022762E-04    1.655576E-04    1.185123E-04    1.061360E-04    4.892530E-05    8.145749E-05    7.223854E-05    6.283922E-05
   5.408232E-04    7.165948E-04    5.860828E-04    2.970760E-04    2.883108E-04    2.496787E-04    1.678587E-04    1.682304E-04    2.127614E-04    1.580335E-04    3.037589E-04    1.696452E-04    3.038740E-04    3.365997E-04    1.798618E-04    1.192111E-04    1.128040E-04    1.020276E-04    6.277208E-05    7.251037E-05
   1.446688E-04    5.719867E-04    4.925648E-04    3.019412E-04    2.431341E-04    2.342490E-04    1.788346E-04    2.604731E-04    1.801227E-04    1.913255E-04    2.903536E-04    3.353697E-04    3.766650E-04    1.770663E-04    1.378654E-04    1.017523E-04    1.492129E-04    9.411183E-05    9.808268E-05    8.692338E-05
   1.446688E-04    1.446688E-04    6.969719E-04    3.124928E-04    2.835954E-04    2.954460E-04    2.264775E-04    2.291952E-04    1.869024E-04    2.670968E-04    3.201317E-04    3.641607E-04    2.994749E-04    2.903472E-04    1.137530E-04    8.377046E-05    9.649695E-05    1.200007E-04    9.793728E-05    1.102253E-04
   1.446688E-04    1.446688E-04    1.446688E-04    2.799487E-04    2.388631E-04    2.826974E-04    5.045055E-04    3.392925E-04    1.985227E-04    2.516875E-04    4.712295E-04    2.366628E-04    3.619910E-04    1.876108E-04    8.836096E-05    1.122930E-04    1.133996E-04    1.138627E-04    8.970349E-05    1.580959E-04
   1.446688E-04    1.446688E-04    1.446688E-04    1.446688E-04    2.079172E-04    3.207385E-04    3.606724E-04    3.365523E-04    3.134574E-04    2.565689E-04    2.769452E-04    2.169424E-04    1.999083E-04    1.250816E-04    1.361815E-04    1.249591E-04    1.297214E-04    1.820968E-04    1.222424E-04    1.446688E-04
   1.446688E-04    1.446688E-04    1.446688E-04    1.446688E-04    1.537997E-04    2.023966E-04    2.213918E-04    3.070863E-04    2.947871E-04    1.879756E-04    2.016515E-04    1.578953E-04    1.435541E-04    1.883576E-04    1.931610E-04    1.861694E-04    2.441788E-04    1.519751E-04    1.132876E-04    1.446688E-04
   1.446688E-04    1.446688E-04    1.446688E-04    1.446688E-04    1.446688E-04    1.861223E-04    2.207513E-04    2.869236E-04    2.393311E-04    1.405008E-04    1.928210E-04    1.514885E-04    1.307098E-04    2.095324E-04    1.736666E-04    1.891100E-04    1.116897E-04    9.305452E-05    1.446688E-04    1.446688E-04
   1.446688E-04    1.446688E-04    1.446688E-04    1.446688E-04    1.446688E-04    1.537228E-04    2.112458E-04    1.998281E-04    1.815713E-04    8.235015E-05    1.853126E-04    1.935208E-04    1.190446E-04    1.811086E-04    2.091326E-04    1.562015E-04    9.259759E-05    1.446688E-04    1.446688E-04    1.446688E-04
   1.446688E-04    1.446688E-04    1.446688E-04    1.446688E-04    1.446688E-04    2.246071E-04    1.205554E-04    1.523596E-04    1.510518E-04    2.799884E-04    2.420022E-04    2.747764E-04    1.331824E-04    9.709600E-05    1.248171E-04    8.010137E-05    1.446688E-04    1.446688E-04    1.446688E-04    1.446688E-04
