   2.042522E-05    1.803020E-05    1.170760E-05    1.877574E-05    2.361610E-05    3.075985E-05    3.848782E-05    3.788362E-05    2.321281E-05    1.963885E-05    1.578657E-05    1.521854E-05    1.604491E-05    1.331401E-05    1.656890E-05    1.766692E-05    2.584668E-05    2.852080E-05    3.696746E-05    2.917949E-05
   2.770694E-05    2.256926E-05    2.248928E-05    2.493638E-05    2.565596E-05    3.003136E-05    3.869720E-05    3.932426E-05    2.278546E-05    1.557813E-05    1.434148E-05    7.980076E-06    9.179067E-06    1.233407E-05    1.450980E-05    2.221869E-05    4.604801E-05    4.254355E-05    3.500701E-05    3.820733E-05
   3.152260E-05    3.275430E-05    2.342216E-05    2.447981E-05    2.226879E-05    3.698616E-05    3.872136E-05    3.305655E-05    1.640352E-05    1.569066E-05    1.581559E-05    1.020709E-05    1.450252E-05    1.256072E-05    2.673072E-05    3.016026E-05    3.197016E-05    1.994681E-05    4.079604E-05    3.337196E-05
   2.389275E-05    3.130627E-05    2.632229E-05    1.636412E-05    2.517576E-05    2.710700E-05    3.700469E-05    3.347771E-05    1.892992E-05    1.409274E-05    1.317601E-05    7.625180E-06    1.189404E-05    9.600372E-06    1.765624E-05    2.105713E-05    2.323510E-05    2.035996E-05    2.329960E-05    2.217644E-05
   1.791793E-05    1.932311E-05    2.802640E-05    1.424463E-05    1.712756E-05    3.695602E-05    2.475132E-05    3.260137E-05    1.739688E-05    1.753600E-05    2.028213E-05    1.112064E-05    8.756137E-06    9.857023E-06    1.760775E-05    2.242930E-05    2.732182E-05    1.514668E-05    3.367542E-05    3.842062E-05
   2.343828E-05    2.689171E-05    3.662075E-05    1.685813E-05    1.684483E-05    1.795629E-05    3.394720E-05    3.117674E-05    1.982978E-05    1.263849E-05    1.806934E-05    1.188929E-05    1.067586E-05    8.992780E-06    1.169987E-05    1.846261E-05    2.148971E-05    1.235467E-05    1.378604E-05    2.569400E-05
   2.888547E-05    3.487105E-05    2.357583E-05    2.238115E-05    1.571106E-05    2.234863E-05    2.417558E-05    3.046137E-05    1.404918E-05    1.044216E-05    1.672603E-05    7.478194E-06    6.112568E-06    5.775393E-06    5.661492E-06    7.704321E-06    1.151172E-05    1.836897E-05    1.611097E-05    2.197035E-05
   3.523773E-05    3.260899E-05    4.586077E-05    3.881385E-05    2.201207E-05    2.511876E-05    2.442008E-05    3.058434E-05    1.553524E-05    1.462104E-05    1.633224E-05    8.529448E-06    7.355252E-06    8.008724E-06    6.504063E-06    7.405065E-06    1.153354E-05    1.298466E-05    1.038795E-05    1.886465E-05
   3.187650E-05    2.141811E-05    3.741931E-05    3.091483E-05    2.860418E-05    2.860418E-05    2.860418E-05    2.524118E-05    2.079338E-05    9.434917E-06    1.132375E-05    1.272726E-05    5.230953E-06    4.256748E-06    5.543649E-06    8.099100E-06    6.992452E-06    1.289757E-05    1.113883E-05    9.785264E-06
   2.820091E-05    2.006478E-05    2.332667E-05    3.244612E-05    2.860418E-05    2.860418E-05    2.860418E-05    2.860418E-05    1.605016E-05    1.709053E-05    1.767004E-05    1.032938E-05    5.529871E-06    4.305705E-06    5.274863E-06    1.139661E-05    8.202451E-06    1.027162E-05    1.320542E-05    9.695337E-06
   3.056125E-05    2.872605E-05    2.950038E-05    6.846916E-05    2.860418E-05    2.860418E-05    2.860418E-05    2.860418E-05    2.042796E-05    2.223848E-05    1.883853E-05    1.260349E-05    8.652443E-06    9.408824E-06    1.160019E-05    1.274280E-05    1.109827E-05    1.459780E-05    1.144828E-05    1.100087E-05
   1.921342E-05    3.209429E-05    4.825003E-05    6.187568E-05    2.860418E-05    2.860418E-05    2.860418E-05    2.860418E-05    2.720409E-05    1.430117E-05    1.093823E-05    1.663912E-05    1.066072E-05    1.024262E-05    1.509198E-05    1.407953E-05    2.157155E-05    1.427580E-05    9.135763E-06    1.099788E-05
   2.796851E-05    2.557066E-05    3.561935E-05    5.067347E-05    2.860418E-05    2.860418E-05    2.860418E-05    2.860418E-05    2.163092E-05    2.000498E-05    1.309257E-05    2.095415E-05    1.564680E-05    1.347034E-05    9.658378E-06    1.331635E-05    1.521720E-05    9.537809E-06    1.105635E-05    5.551292E-06
   2.707963E-05    4.353828E-05    4.670963E-05    6.048137E-05    2.860418E-05    2.860418E-05    2.860418E-05    2.860418E-05    4.767243E-05    2.101428E-05    1.954128E-05    1.539143E-05    1.210048E-05    1.186370E-05    1.451475E-05    1.177636E-05    1.167820E-05    9.144785E-06    1.119512E-05    1.458798E-05
   3.584627E-05    3.934654E-05    5.715150E-05    7.332298E-05    2.860418E-05    2.860418E-05    2.860418E-05    2.860418E-05    3.857004E-05    2.232845E-05    1.616254E-05    2.043931E-05    1.441977E-05    1.165546E-05    1.429812E-05    8.896177E-06    9.683305E-06    1.128270E-05    1.361601E-05    2.084195E-05
   3.972216E-05    4.328100E-05    6.768673E-05    7.405087E-05    2.860418E-05    2.860418E-05    2.860418E-05    2.860418E-05    3.138291E-05    1.540586E-05    9.030993E-06    1.023495E-05    1.073716E-05    6.602925E-06    1.431977E-05    1.003118E-05    9.552155E-06    1.388654E-05    1.725058E-05    2.922867E-05
   4.158027E-05    7.800600E-05    9.783783E-05    5.325954E-05    2.860418E-05    2.860418E-05    2.860418E-05    2.860418E-05    1.839864E-05    1.513129E-05    1.185189E-05    1.440908E-05    1.435206E-05    1.098716E-05    9.181838E-06    9.422452E-06    1.618262E-05    1.241475E-05    2.183077E-05    3.259235E-05
   6.156378E-05    4.271934E-05    4.944398E-05    4.204921E-05    2.860418E-05    2.860418E-05    2.860418E-05    2.860418E-05    2.221926E-05    1.421749E-05    2.006723E-05    2.282184E-05    1.349809E-05    8.133072E-06    7.624965E-06    1.438400E-05    1.963048E-05    2.537944E-05    3.429198E-05    4.401855E-05
   5.805534E-05    4.945421E-05    4.166224E-05    3.903020E-05    2.860418E-05    2.860418E-05    2.860418E-05    2.860418E-05    2.790501E-05    1.285105E-05    1.539064E-05    3.381270E-05    2.036279E-05    1.112518E-05    1.217433E-05    1.363550E-05    2.369329E-05    2.769670E-05    2.841981E-05    3.298798E-05
   7.144470E-05    5.115675E-05    2.745645E-05    3.357411E-05    2.860418E-05    2.860418E-05    2.860418E-05    2.860418E-05    1.388855E-05    1.598915E-05    9.133830E-06    2.144300E-05    1.585150E-05    1.647098E-05    1.636204E-05    1.538299E-05    1.905493E-05    2.209087E-05    3.142884E-05    2.032288E-05
   2.824612E-05    3.692393E-05    1.400697E-05    2.389204E-05    2.860418E-05    2.860418E-05    2.860418E-05    2.860418E-05    2.554700E-05    2.203502E-05    1.809969E-05    2.666721E-05    3.891896E-05    2.428452E-05    1.853577E-05    1.813146E-05    1.504721E-05    1.813794E-05    1.869966E-05    2.140186E-05
   1.791859E-05    1.666642E-05    1.524940E-05    1.442056E-05    2.860418E-05    2.860418E-05    1.916096E-05    2.166622E-05    3.204532E-05    2.284316E-05    2.475802E-05    3.091397E-05    5.178536E-05    6.027657E-05    2.335877E-05    1.667692E-05    1.487410E-05    1.285183E-05    1.207540E-05    1.938258E-05
   1.481974E-05    1.565421E-05    1.535378E-05    1.722647E-05    2.776748E-05    2.860418E-05    1.657267E-05    1.972740E-05    2.645584E-05    3.892775E-05    5.398816E-05    3.855664E-05    3.381213E-05    2.963106E-05    2.567938E-05    2.072907E-05    2.550571E-05    1.587828E-05    1.110334E-05    1.675694E-05
   1.167036E-05    2.680996E-05    1.784751E-05    2.513554E-05    1.725086E-05    2.787285E-05    1.314862E-05    2.426625E-05    3.926561E-05    4.163250E-05    5.359688E-05    4.955285E-05    3.915570E-05    4.282476E-05    3.327026E-05    2.491399E-05    2.569900E-05    1.261952E-05    1.660657E-05    1.531018E-05
   1.404468E-05    3.044102E-05    3.085659E-05    3.410420E-05    2.452608E-05    2.493467E-05    1.648253E-05    2.479970E-05    4.437925E-05    3.829056E-05    4.352293E-05    5.602951E-05    7.083613E-05    4.045642E-05    3.894726E-05    2.285286E-05    2.110385E-05    2.038254E-05    2.108755E-05    2.265018E-05
   2.055004E-05    3.423401E-05    4.521987E-05    3.806064E-05    2.468269E-05    1.902844E-05    2.614000E-05    3.503458E-05    4.122612E-05    4.465844E-05    4.660991E-05    5.977880E-05    4.893506E-05    4.509511E-05    3.258177E-05    3.027471E-05    2.333103E-05    2.618377E-05    1.691464E-05    2.422941E-05
   2.876169E-05    3.235651E-05    3.753369E-05    4.262108E-05    3.051136E-05    2.474321E-05    3.008555E-05    3.167234E-05    5.555399E-05    6.894640E-05    4.487821E-05    5.522826E-05    4.599294E-05    2.971459E-05    3.553723E-05    3.287547E-05    2.205132E-05    2.469617E-05    2.708789E-05    1.976431E-05
   4.702817E-05    4.682776E-05    5.580475E-05    3.372734E-05    4.924409E-05    5.012623E-05    3.471684E-05    2.477350E-05    4.888830E-05    6.900287E-05    6.621723E-05    3.923178E-05    3.430674E-05    2.754486E-05    2.559327E-05    2.729427E-05    1.665201E-05    1.529383E-05    1.948282E-05    1.894306E-05
   9.810116E-05    9.375375E-05    6.314260E-05    3.655999E-05    1.913503E-05    2.150984E-05    3.535355E-05    2.476501E-05    2.866203E-05    5.196725E-05    4.777271E-05    5.667093E-05    5.169599E-05    2.202124E-05    1.747894E-05    1.676754E-05    1.064849E-05    1.442151E-05    1.263034E-05    2.529454E-05
   1.002200E-04    1.002595E-04    4.593417E-05    4.353713E-05    1.903641E-05    2.278270E-05    4.307871E-05    3.407380E-05    4.301532E-05    2.438457E-05    3.352045E-05    4.327175E-05    2.779991E-05    1.873948E-05    1.416899E-05    1.491142E-05    1.101166E-05    1.063409E-05    1.047794E-05    1.708976E-05
   8.359132E-05    1.152326E-04    4.678723E-05    2.418402E-05    2.026734E-05    2.142311E-05    3.253089E-05    2.502102E-05    2.004049E-05    2.046207E-05    2.895512E-05    3.881099E-05    3.231808E-05    2.645148E-05    1.893495E-05    1.695756E-05    7.816895E-06    1.301463E-05    1.154170E-05    1.003995E-05
   8.640842E-05    1.144918E-04    9.363964E-05    4.746444E-05    4.606400E-05    3.989168E-05    2.681913E-05    2.687851E-05    3.399332E-05    2.524933E-05    4.853218E-05    2.710456E-05    4.855057E-05    5.377922E-05    2.873689E-05    1.904660E-05    1.802293E-05    1.630115E-05    1.002922E-05    1.158513E-05
   2.860418E-05    9.138748E-05    7.869809E-05    4.824177E-05    3.884603E-05    3.742644E-05    2.857276E-05    4.161632E-05    2.877857E-05    3.056846E-05    4.639038E-05    5.358270E-05    6.018054E-05    2.829024E-05    2.202703E-05    1.625717E-05    2.384005E-05    1.503644E-05    1.567087E-05    1.388793E-05
   2.860418E-05    2.860418E-05    1.113566E-04    4.992762E-05    4.531062E-05    4.720402E-05    3.618477E-05    3.661898E-05    2.986179E-05    4.267460E-05    5.114810E-05    5.818269E-05    4.784772E-05    4.638936E-05    1.817455E-05    1.338418E-05    1.541751E-05    1.917276E-05    1.564764E-05    1.761092E-05
   2.860418E-05    2.860418E-05    2.860418E-05    4.472797E-05    3.816365E-05    4.516713E-05    8.060588E-05    5.420946E-05    3.171838E-05    4.021263E-05    7.528930E-05    3.781210E-05    5.783604E-05    2.997496E-05    1.411761E-05    1.794128E-05    1.811808E-05    1.819208E-05    1.433211E-05    2.525930E-05
   2.860418E-05    2.860418E-05    2.860418E-05    2.860418E-05    3.321935E-05    5.124505E-05    5.762536E-05    5.377164E-05    5.008173E-05    4.099254E-05    4.424811E-05    3.466133E-05    3.193976E-05    1.998454E-05    2.175799E-05    1.996498E-05    2.072586E-05    2.909397E-05    1.953092E-05    2.860418E-05
   2.860418E-05    2.860418E-05    2.860418E-05    2.860418E-05    2.457289E-05    3.233732E-05    3.537223E-05    4.906380E-05    4.709874E-05    3.003325E-05    3.221826E-05    2.522725E-05    2.293593E-05    3.009428E-05    3.086172E-05    2.974467E-05    3.901294E-05    2.428138E-05    1.810020E-05    2.860418E-05
   2.860418E-05    2.860418E-05    2.860418E-05    2.860418E-05    2.860418E-05    2.973714E-05    3.526989E-05    4.584236E-05    3.823842E-05    2.244809E-05    3.080740E-05    2.420363E-05    2.088378E-05    3.347741E-05    2.774707E-05    3.021450E-05    1.784490E-05    1.486751E-05    2.860418E-05    2.860418E-05
   2.860418E-05    2.860418E-05    2.860418E-05    2.860418E-05    2.860418E-05    2.456061E-05    3.375118E-05    3.192695E-05    2.901001E-05    1.315725E-05    2.960777E-05    3.091922E-05    1.902000E-05    2.893609E-05    3.341355E-05    2.495663E-05    1.479451E-05    2.860418E-05    2.860418E-05    2.860418E-05
   2.860418E-05    2.860418E-05    2.860418E-05    2.860418E-05    2.860418E-05    3.588593E-05    1.926138E-05    2.434281E-05    2.413386E-05    4.473432E-05    3.866518E-05    4.390159E-05    2.127882E-05    1.551323E-05    1.994228E-05    1.279796E-05    2.860418E-05    2.860418E-05    2.860418E-05    2.860418E-05
