1
1
8 1
      1001         1         1         3             0.5             0.5             0.5               0         1
      1002         1         2         3             0.5             0.5             0.5               0         1
      1003         1         3         3             0.5             0.5             0.5               0         1
      1004         1         4         3             0.5             0.5             0.5               0         1
      1005         1        18         3             0.5             0.5             0.5               0         1
      1006         1        19         3             0.5             0.5             0.5               0         1
      1007         1        20         3             0.5             0.5             0.5               0         1
      1008         1        21         3             0.5             0.5             0.5               0         1
