   5.574667E-06    5.574667E-06    5.574667E-06    5.574667E-06    5.574667E-06    5.574667E-06    5.574667E-06    5.574667E-06    5.574667E-06    5.574667E-06    5.574667E-06    5.574667E-06    5.574667E-06    5.574667E-06    5.574667E-06    5.574667E-06    5.574667E-06    5.574667E-06    5.574667E-06    5.574667E-06
   5.574667E-06    5.574667E-06    5.574667E-06    5.574667E-06    5.574667E-06    5.574667E-06    5.574667E-06    5.574667E-06    5.574667E-06    5.574667E-06    5.574667E-06    5.574667E-06    5.574667E-06    5.574667E-06    5.574667E-06    5.574667E-06    5.574667E-06    5.574667E-06    5.574667E-06    5.574667E-06
   5.574667E-06    5.574667E-06    5.574667E-06    5.574667E-06    5.574667E-06    5.574667E-06    5.574667E-06    5.574667E-06    5.574667E-06    5.574667E-06    5.574667E-06    5.574667E-06    5.574667E-06    5.574667E-06    5.574667E-06    5.574667E-06    5.574667E-06    5.574667E-06    5.574667E-06    5.574667E-06
   5.574667E-06    5.574667E-06    5.574667E-06    5.574667E-06    5.574667E-06    5.574667E-06    5.574667E-06    5.574667E-06    5.574667E-06    5.574667E-06    5.574667E-06    5.574667E-06    5.574667E-06    5.574667E-06    5.574667E-06    5.574667E-06    5.574667E-06    5.574667E-06    5.574667E-06    5.574667E-06
   5.574667E-06    5.574667E-06    5.574667E-06    5.574667E-06    5.574667E-06    5.574667E-06    5.574667E-06    5.574667E-06    5.574667E-06    5.574667E-06    5.574667E-06    5.574667E-06    5.574667E-06    5.574667E-06    5.574667E-06    5.574667E-06    5.574667E-06    5.574667E-06    5.574667E-06    5.574667E-06
   5.574667E-06    5.574667E-06    5.574667E-06    5.574667E-06    5.574667E-06    5.574667E-06    5.574667E-06    5.574667E-06    5.574667E-06    5.574667E-06    5.574667E-06    5.574667E-06    5.574667E-06    5.574667E-06    5.574667E-06    5.574667E-06    5.574667E-06    5.574667E-06    5.574667E-06    5.574667E-06
   5.574667E-06    5.574667E-06    5.574667E-06    5.574667E-06    5.574667E-06    5.574667E-06    5.574667E-06    5.574667E-06    5.574667E-06    5.574667E-06    5.574667E-06    5.574667E-06    5.574667E-06    5.574667E-06    5.574667E-06    5.574667E-06    5.574667E-06    5.574667E-06    5.574667E-06    5.574667E-06
   5.574667E-06    5.574667E-06    5.574667E-06    5.574667E-06    5.574667E-06    5.574667E-06    5.574667E-06    5.574667E-06    5.574667E-06    5.574667E-06    5.574667E-06    5.574667E-06    5.574667E-06    5.574667E-06    5.574667E-06    5.574667E-06    5.574667E-06    5.574667E-06    5.574667E-06    5.574667E-06
   5.574667E-06    5.574667E-06    5.574667E-06    5.574667E-06    5.965886E-06    5.965886E-06    5.965886E-06    5.574667E-06    5.574667E-06    5.574667E-06    5.574667E-06    5.574667E-06    5.574667E-06    5.574667E-06    5.574667E-06    5.574667E-06    5.574667E-06    5.574667E-06    5.574667E-06    5.574667E-06
   5.574667E-06    5.574667E-06    5.574667E-06    5.574667E-06    5.965886E-06    5.965886E-06    5.965886E-06    5.965886E-06    5.574667E-06    5.574667E-06    5.574667E-06    5.574667E-06    5.574667E-06    5.574667E-06    5.574667E-06    5.574667E-06    5.574667E-06    5.574667E-06    5.574667E-06    5.574667E-06
   5.574667E-06    5.574667E-06    5.574667E-06    5.574667E-06    5.965886E-06    5.965886E-06    5.965886E-06    5.965886E-06    5.574667E-06    5.574667E-06    5.574667E-06    5.574667E-06    5.574667E-06    5.574667E-06    5.574667E-06    5.574667E-06    5.574667E-06    5.574667E-06    5.574667E-06    5.574667E-06
   5.574667E-06    5.574667E-06    5.574667E-06    5.574667E-06    5.965886E-06    5.965886E-06    5.965886E-06    5.965886E-06    5.574667E-06    5.574667E-06    5.574667E-06    5.574667E-06    5.574667E-06    5.574667E-06    5.574667E-06    5.574667E-06    5.574667E-06    5.574667E-06    5.574667E-06    5.574667E-06
   5.574667E-06    5.574667E-06    5.574667E-06    5.574667E-06    5.965886E-06    5.965886E-06    5.965886E-06    5.965886E-06    5.574667E-06    5.574667E-06    5.574667E-06    5.574667E-06    5.574667E-06    5.574667E-06    5.574667E-06    5.574667E-06    5.574667E-06    5.574667E-06    5.574667E-06    5.574667E-06
   5.574667E-06    5.574667E-06    5.574667E-06    5.574667E-06    5.965886E-06    5.965886E-06    5.965886E-06    5.965886E-06    5.574667E-06    5.574667E-06    5.574667E-06    5.574667E-06    5.574667E-06    5.574667E-06    5.574667E-06    5.574667E-06    5.574667E-06    5.574667E-06    5.574667E-06    5.574667E-06
   5.574667E-06    5.574667E-06    5.574667E-06    5.574667E-06    5.965886E-06    5.965886E-06    5.965886E-06    5.965886E-06    5.574667E-06    5.574667E-06    5.574667E-06    5.574667E-06    5.574667E-06    5.574667E-06    5.574667E-06    5.574667E-06    5.574667E-06    5.574667E-06    5.574667E-06    5.574667E-06
   5.574667E-06    5.574667E-06    5.574667E-06    5.574667E-06    5.965886E-06    5.965886E-06    5.965886E-06    5.965886E-06    5.574667E-06    5.574667E-06    5.574667E-06    5.574667E-06    5.574667E-06    5.574667E-06    5.574667E-06    5.574667E-06    5.574667E-06    5.574667E-06    5.574667E-06    5.574667E-06
   5.574667E-06    5.574667E-06    5.574667E-06    5.574667E-06    5.965886E-06    5.965886E-06    5.965886E-06    5.965886E-06    5.574667E-06    5.574667E-06    5.574667E-06    5.574667E-06    5.574667E-06    5.574667E-06    5.574667E-06    5.574667E-06    5.574667E-06    5.574667E-06    5.574667E-06    5.574667E-06
   5.574667E-06    5.574667E-06    5.574667E-06    5.574667E-06    5.965886E-06    5.965886E-06    5.965886E-06    5.965886E-06    5.574667E-06    5.574667E-06    5.574667E-06    5.574667E-06    5.574667E-06    5.574667E-06    5.574667E-06    5.574667E-06    5.574667E-06    5.574667E-06    5.574667E-06    5.574667E-06
   5.574667E-06    5.574667E-06    5.574667E-06    5.574667E-06    5.965886E-06    5.965886E-06    5.965886E-06    5.965886E-06    5.574667E-06    5.574667E-06    5.574667E-06    5.574667E-06    5.574667E-06    5.574667E-06    5.574667E-06    5.574667E-06    5.574667E-06    5.574667E-06    5.574667E-06    5.574667E-06
   5.574667E-06    5.574667E-06    5.574667E-06    5.574667E-06    5.965886E-06    5.965886E-06    5.965886E-06    5.965886E-06    5.574667E-06    5.574667E-06    5.574667E-06    5.574667E-06    5.574667E-06    5.574667E-06    5.574667E-06    5.574667E-06    5.574667E-06    5.574667E-06    5.574667E-06    5.574667E-06
   5.574667E-06    5.574667E-06    5.574667E-06    5.574667E-06    5.965886E-06    5.965886E-06    5.965886E-06    5.965886E-06    5.574667E-06    5.574667E-06    5.574667E-06    5.574667E-06    5.574667E-06    5.574667E-06    5.574667E-06    5.574667E-06    5.574667E-06    5.574667E-06    5.574667E-06    5.574667E-06
   5.574667E-06    5.574667E-06    5.574667E-06    5.574667E-06    5.965886E-06    5.965886E-06    5.574667E-06    5.574667E-06    5.574667E-06    5.574667E-06    5.574667E-06    5.574667E-06    5.574667E-06    5.574667E-06    5.574667E-06    5.574667E-06    5.574667E-06    5.574667E-06    5.574667E-06    5.574667E-06
   5.574667E-06    5.574667E-06    5.574667E-06    5.574667E-06    5.574667E-06    5.965886E-06    5.574667E-06    5.574667E-06    5.574667E-06    5.574667E-06    5.574667E-06    5.574667E-06    5.574667E-06    5.574667E-06    5.574667E-06    5.574667E-06    5.574667E-06    5.574667E-06    5.574667E-06    5.574667E-06
   5.574667E-06    5.574667E-06    5.574667E-06    5.574667E-06    5.574667E-06    5.574667E-06    5.574667E-06    5.574667E-06    5.574667E-06    5.574667E-06    5.574667E-06    5.574667E-06    5.574667E-06    5.574667E-06    5.574667E-06    5.574667E-06    5.574667E-06    5.574667E-06    5.574667E-06    5.574667E-06
   5.574667E-06    5.574667E-06    5.574667E-06    5.574667E-06    5.574667E-06    5.574667E-06    5.574667E-06    5.574667E-06    5.574667E-06    5.574667E-06    5.574667E-06    5.574667E-06    5.574667E-06    5.574667E-06    5.574667E-06    5.574667E-06    5.574667E-06    5.574667E-06    5.574667E-06    5.574667E-06
   5.574667E-06    5.574667E-06    5.574667E-06    5.574667E-06    5.574667E-06    5.574667E-06    5.574667E-06    5.574667E-06    5.574667E-06    5.574667E-06    5.574667E-06    5.574667E-06    5.574667E-06    5.574667E-06    5.574667E-06    5.574667E-06    5.574667E-06    5.574667E-06    5.574667E-06    5.574667E-06
   5.574667E-06    5.574667E-06    5.574667E-06    5.574667E-06    5.574667E-06    5.574667E-06    5.574667E-06    5.574667E-06    5.574667E-06    5.574667E-06    5.574667E-06    5.574667E-06    5.574667E-06    5.574667E-06    5.574667E-06    5.574667E-06    5.574667E-06    5.574667E-06    5.574667E-06    5.574667E-06
   5.574667E-06    5.574667E-06    5.574667E-06    5.574667E-06    5.574667E-06    5.574667E-06    5.574667E-06    5.574667E-06    5.574667E-06    5.574667E-06    5.574667E-06    5.574667E-06    5.574667E-06    5.574667E-06    5.574667E-06    5.574667E-06    5.574667E-06    5.574667E-06    5.574667E-06    5.574667E-06
   5.574667E-06    5.574667E-06    5.574667E-06    5.574667E-06    5.574667E-06    5.574667E-06    5.574667E-06    5.574667E-06    5.574667E-06    5.574667E-06    5.574667E-06    5.574667E-06    5.574667E-06    5.574667E-06    5.574667E-06    5.574667E-06    5.574667E-06    5.574667E-06    5.574667E-06    5.574667E-06
   5.574667E-06    5.574667E-06    5.574667E-06    5.574667E-06    5.574667E-06    5.574667E-06    5.574667E-06    5.574667E-06    5.574667E-06    5.574667E-06    5.574667E-06    5.574667E-06    5.574667E-06    5.574667E-06    5.574667E-06    5.574667E-06    5.574667E-06    5.574667E-06    5.574667E-06    5.574667E-06
   5.574667E-06    5.574667E-06    5.574667E-06    5.574667E-06    5.574667E-06    5.574667E-06    5.574667E-06    5.574667E-06    5.574667E-06    5.574667E-06    5.574667E-06    5.574667E-06    5.574667E-06    5.574667E-06    5.574667E-06    5.574667E-06    5.574667E-06    5.574667E-06    5.574667E-06    5.574667E-06
   5.574667E-06    5.574667E-06    5.574667E-06    5.574667E-06    5.574667E-06    5.574667E-06    5.574667E-06    5.574667E-06    5.574667E-06    5.574667E-06    5.574667E-06    5.574667E-06    5.574667E-06    5.574667E-06    5.574667E-06    5.574667E-06    5.574667E-06    5.574667E-06    5.574667E-06    5.574667E-06
   5.965886E-06    5.574667E-06    5.574667E-06    5.574667E-06    5.574667E-06    5.574667E-06    5.574667E-06    5.574667E-06    5.574667E-06    5.574667E-06    5.574667E-06    5.574667E-06    5.574667E-06    5.574667E-06    5.574667E-06    5.574667E-06    5.574667E-06    5.574667E-06    5.574667E-06    5.574667E-06
   5.965886E-06    5.965886E-06    5.574667E-06    5.574667E-06    5.574667E-06    5.574667E-06    5.574667E-06    5.574667E-06    5.574667E-06    5.574667E-06    5.574667E-06    5.574667E-06    5.574667E-06    5.574667E-06    5.574667E-06    5.574667E-06    5.574667E-06    5.574667E-06    5.574667E-06    5.574667E-06
   5.965886E-06    5.965886E-06    5.965886E-06    5.574667E-06    5.574667E-06    5.574667E-06    5.574667E-06    5.574667E-06    5.574667E-06    5.574667E-06    5.574667E-06    5.574667E-06    5.574667E-06    5.574667E-06    5.574667E-06    5.574667E-06    5.574667E-06    5.574667E-06    5.574667E-06    5.574667E-06
   5.965886E-06    5.965886E-06    5.965886E-06    5.965886E-06    5.574667E-06    5.574667E-06    5.574667E-06    5.574667E-06    5.574667E-06    5.574667E-06    5.574667E-06    5.574667E-06    5.574667E-06    5.574667E-06    5.574667E-06    5.574667E-06    5.574667E-06    5.574667E-06    5.574667E-06    5.965886E-06
   5.965886E-06    5.965886E-06    5.965886E-06    5.965886E-06    5.574667E-06    5.574667E-06    5.574667E-06    5.574667E-06    5.574667E-06    5.574667E-06    5.574667E-06    5.574667E-06    5.574667E-06    5.574667E-06    5.574667E-06    5.574667E-06    5.574667E-06    5.574667E-06    5.574667E-06    5.965886E-06
   5.965886E-06    5.965886E-06    5.965886E-06    5.965886E-06    5.965886E-06    5.574667E-06    5.574667E-06    5.574667E-06    5.574667E-06    5.574667E-06    5.574667E-06    5.574667E-06    5.574667E-06    5.574667E-06    5.574667E-06    5.574667E-06    5.574667E-06    5.574667E-06    5.965886E-06    5.965886E-06
   5.965886E-06    5.965886E-06    5.965886E-06    5.965886E-06    5.965886E-06    5.574667E-06    5.574667E-06    5.574667E-06    5.574667E-06    5.574667E-06    5.574667E-06    5.574667E-06    5.574667E-06    5.574667E-06    5.574667E-06    5.574667E-06    5.574667E-06    5.965886E-06    5.965886E-06    5.965886E-06
   5.965886E-06    5.965886E-06    5.965886E-06    5.965886E-06    5.965886E-06    5.574667E-06    5.574667E-06    5.574667E-06    5.574667E-06    5.574667E-06    5.574667E-06    5.574667E-06    5.574667E-06    5.574667E-06    5.574667E-06    5.574667E-06    5.965886E-06    5.965886E-06    5.965886E-06    5.965886E-06
