   9.858032E-05    9.858032E-05    9.858032E-05    9.858032E-05    9.858032E-05    9.858032E-05    9.858032E-05    9.858032E-05    9.858032E-05    9.858032E-05    9.858032E-05    9.858032E-05    9.858032E-05    9.858032E-05    9.858032E-05    9.858032E-05    9.858032E-05    9.858032E-05    9.858032E-05    9.858032E-05
   9.858032E-05    9.858032E-05    9.858032E-05    9.858032E-05    9.858032E-05    9.858032E-05    9.858032E-05    9.858032E-05    9.858032E-05    9.858032E-05    9.858032E-05    9.858032E-05    9.858032E-05    9.858032E-05    9.858032E-05    9.858032E-05    9.858032E-05    9.858032E-05    9.858032E-05    9.858032E-05
   9.858032E-05    9.858032E-05    9.858032E-05    9.858032E-05    9.858032E-05    9.858032E-05    9.858032E-05    9.858032E-05    9.858032E-05    9.858032E-05    9.858032E-05    9.858032E-05    9.858032E-05    9.858032E-05    9.858032E-05    9.858032E-05    9.858032E-05    9.858032E-05    9.858032E-05    9.858032E-05
   9.858032E-05    9.858032E-05    9.858032E-05    9.858032E-05    9.858032E-05    9.858032E-05    9.858032E-05    9.858032E-05    9.858032E-05    9.858032E-05    9.858032E-05    9.858032E-05    9.858032E-05    9.858032E-05    9.858032E-05    9.858032E-05    9.858032E-05    9.858032E-05    9.858032E-05    9.858032E-05
   9.858032E-05    9.858032E-05    9.858032E-05    9.858032E-05    9.858032E-05    9.858032E-05    9.858032E-05    9.858032E-05    9.858032E-05    9.858032E-05    9.858032E-05    9.858032E-05    9.858032E-05    9.858032E-05    9.858032E-05    9.858032E-05    9.858032E-05    9.858032E-05    9.858032E-05    9.858032E-05
   9.858032E-05    9.858032E-05    9.858032E-05    9.858032E-05    9.858032E-05    9.858032E-05    9.858032E-05    9.858032E-05    9.858032E-05    9.858032E-05    9.858032E-05    9.858032E-05    9.858032E-05    9.858032E-05    9.858032E-05    9.858032E-05    9.858032E-05    9.858032E-05    9.858032E-05    9.858032E-05
   9.858032E-05    9.858032E-05    9.858032E-05    9.858032E-05    9.858032E-05    9.858032E-05    9.858032E-05    9.858032E-05    9.858032E-05    9.858032E-05    9.858032E-05    9.858032E-05    9.858032E-05    9.858032E-05    9.858032E-05    9.858032E-05    9.858032E-05    9.858032E-05    9.858032E-05    9.858032E-05
   9.858032E-05    9.858032E-05    9.858032E-05    9.858032E-05    9.858032E-05    9.858032E-05    9.858032E-05    9.858032E-05    9.858032E-05    9.858032E-05    9.858032E-05    9.858032E-05    9.858032E-05    9.858032E-05    9.858032E-05    9.858032E-05    9.858032E-05    9.858032E-05    9.858032E-05    9.858032E-05
   9.858032E-05    9.858032E-05    9.858032E-05    9.858032E-05    7.597061E-05    7.597061E-05    7.597061E-05    9.858032E-05    9.858032E-05    9.858032E-05    9.858032E-05    9.858032E-05    9.858032E-05    9.858032E-05    9.858032E-05    9.858032E-05    9.858032E-05    9.858032E-05    9.858032E-05    9.858032E-05
   9.858032E-05    9.858032E-05    9.858032E-05    9.858032E-05    7.597061E-05    7.597061E-05    7.597061E-05    7.597061E-05    9.858032E-05    9.858032E-05    9.858032E-05    9.858032E-05    9.858032E-05    9.858032E-05    9.858032E-05    9.858032E-05    9.858032E-05    9.858032E-05    9.858032E-05    9.858032E-05
   9.858032E-05    9.858032E-05    9.858032E-05    9.858032E-05    7.597061E-05    7.597061E-05    7.597061E-05    7.597061E-05    9.858032E-05    9.858032E-05    9.858032E-05    9.858032E-05    9.858032E-05    9.858032E-05    9.858032E-05    9.858032E-05    9.858032E-05    9.858032E-05    9.858032E-05    9.858032E-05
   9.858032E-05    9.858032E-05    9.858032E-05    9.858032E-05    7.597061E-05    7.597061E-05    7.597061E-05    7.597061E-05    9.858032E-05    9.858032E-05    9.858032E-05    9.858032E-05    9.858032E-05    9.858032E-05    9.858032E-05    9.858032E-05    9.858032E-05    9.858032E-05    9.858032E-05    9.858032E-05
   9.858032E-05    9.858032E-05    9.858032E-05    9.858032E-05    7.597061E-05    7.597061E-05    7.597061E-05    7.597061E-05    9.858032E-05    9.858032E-05    9.858032E-05    9.858032E-05    9.858032E-05    9.858032E-05    9.858032E-05    9.858032E-05    9.858032E-05    9.858032E-05    9.858032E-05    9.858032E-05
   9.858032E-05    9.858032E-05    9.858032E-05    9.858032E-05    7.597061E-05    7.597061E-05    7.597061E-05    7.597061E-05    9.858032E-05    9.858032E-05    9.858032E-05    9.858032E-05    9.858032E-05    9.858032E-05    9.858032E-05    9.858032E-05    9.858032E-05    9.858032E-05    9.858032E-05    9.858032E-05
   9.858032E-05    9.858032E-05    9.858032E-05    9.858032E-05    7.597061E-05    7.597061E-05    7.597061E-05    7.597061E-05    9.858032E-05    9.858032E-05    9.858032E-05    9.858032E-05    9.858032E-05    9.858032E-05    9.858032E-05    9.858032E-05    9.858032E-05    9.858032E-05    9.858032E-05    9.858032E-05
   9.858032E-05    9.858032E-05    9.858032E-05    9.858032E-05    7.597061E-05    7.597061E-05    7.597061E-05    7.597061E-05    9.858032E-05    9.858032E-05    9.858032E-05    9.858032E-05    9.858032E-05    9.858032E-05    9.858032E-05    9.858032E-05    9.858032E-05    9.858032E-05    9.858032E-05    9.858032E-05
   9.858032E-05    9.858032E-05    9.858032E-05    9.858032E-05    7.597061E-05    7.597061E-05    7.597061E-05    7.597061E-05    9.858032E-05    9.858032E-05    9.858032E-05    9.858032E-05    9.858032E-05    9.858032E-05    9.858032E-05    9.858032E-05    9.858032E-05    9.858032E-05    9.858032E-05    9.858032E-05
   9.858032E-05    9.858032E-05    9.858032E-05    9.858032E-05    7.597061E-05    7.597061E-05    7.597061E-05    7.597061E-05    9.858032E-05    9.858032E-05    9.858032E-05    9.858032E-05    9.858032E-05    9.858032E-05    9.858032E-05    9.858032E-05    9.858032E-05    9.858032E-05    9.858032E-05    9.858032E-05
   9.858032E-05    9.858032E-05    9.858032E-05    9.858032E-05    7.597061E-05    7.597061E-05    7.597061E-05    7.597061E-05    9.858032E-05    9.858032E-05    9.858032E-05    9.858032E-05    9.858032E-05    9.858032E-05    9.858032E-05    9.858032E-05    9.858032E-05    9.858032E-05    9.858032E-05    9.858032E-05
   9.858032E-05    9.858032E-05    9.858032E-05    9.858032E-05    7.597061E-05    7.597061E-05    7.597061E-05    7.597061E-05    9.858032E-05    9.858032E-05    9.858032E-05    9.858032E-05    9.858032E-05    9.858032E-05    9.858032E-05    9.858032E-05    9.858032E-05    9.858032E-05    9.858032E-05    9.858032E-05
   9.858032E-05    9.858032E-05    9.858032E-05    9.858032E-05    7.597061E-05    7.597061E-05    7.597061E-05    7.597061E-05    9.858032E-05    9.858032E-05    9.858032E-05    9.858032E-05    9.858032E-05    9.858032E-05    9.858032E-05    9.858032E-05    9.858032E-05    9.858032E-05    9.858032E-05    9.858032E-05
   9.858032E-05    9.858032E-05    9.858032E-05    9.858032E-05    7.597061E-05    7.597061E-05    9.858032E-05    9.858032E-05    9.858032E-05    9.858032E-05    9.858032E-05    9.858032E-05    9.858032E-05    9.858032E-05    9.858032E-05    9.858032E-05    9.858032E-05    9.858032E-05    9.858032E-05    9.858032E-05
   9.858032E-05    9.858032E-05    9.858032E-05    9.858032E-05    9.858032E-05    7.597061E-05    9.858032E-05    9.858032E-05    9.858032E-05    9.858032E-05    9.858032E-05    9.858032E-05    9.858032E-05    9.858032E-05    9.858032E-05    9.858032E-05    9.858032E-05    9.858032E-05    9.858032E-05    9.858032E-05
   9.858032E-05    9.858032E-05    9.858032E-05    9.858032E-05    9.858032E-05    9.858032E-05    9.858032E-05    9.858032E-05    9.858032E-05    9.858032E-05    9.858032E-05    9.858032E-05    9.858032E-05    9.858032E-05    9.858032E-05    9.858032E-05    9.858032E-05    9.858032E-05    9.858032E-05    9.858032E-05
   9.858032E-05    9.858032E-05    9.858032E-05    9.858032E-05    9.858032E-05    9.858032E-05    9.858032E-05    9.858032E-05    9.858032E-05    9.858032E-05    9.858032E-05    9.858032E-05    9.858032E-05    9.858032E-05    9.858032E-05    9.858032E-05    9.858032E-05    9.858032E-05    9.858032E-05    9.858032E-05
   9.858032E-05    9.858032E-05    9.858032E-05    9.858032E-05    9.858032E-05    9.858032E-05    9.858032E-05    9.858032E-05    9.858032E-05    9.858032E-05    9.858032E-05    9.858032E-05    9.858032E-05    9.858032E-05    9.858032E-05    9.858032E-05    9.858032E-05    9.858032E-05    9.858032E-05    9.858032E-05
   9.858032E-05    9.858032E-05    9.858032E-05    9.858032E-05    9.858032E-05    9.858032E-05    9.858032E-05    9.858032E-05    9.858032E-05    9.858032E-05    9.858032E-05    9.858032E-05    9.858032E-05    9.858032E-05    9.858032E-05    9.858032E-05    9.858032E-05    9.858032E-05    9.858032E-05    9.858032E-05
   9.858032E-05    9.858032E-05    9.858032E-05    9.858032E-05    9.858032E-05    9.858032E-05    9.858032E-05    9.858032E-05    9.858032E-05    9.858032E-05    9.858032E-05    9.858032E-05    9.858032E-05    9.858032E-05    9.858032E-05    9.858032E-05    9.858032E-05    9.858032E-05    9.858032E-05    9.858032E-05
   9.858032E-05    9.858032E-05    9.858032E-05    9.858032E-05    9.858032E-05    9.858032E-05    9.858032E-05    9.858032E-05    9.858032E-05    9.858032E-05    9.858032E-05    9.858032E-05    9.858032E-05    9.858032E-05    9.858032E-05    9.858032E-05    9.858032E-05    9.858032E-05    9.858032E-05    9.858032E-05
   9.858032E-05    9.858032E-05    9.858032E-05    9.858032E-05    9.858032E-05    9.858032E-05    9.858032E-05    9.858032E-05    9.858032E-05    9.858032E-05    9.858032E-05    9.858032E-05    9.858032E-05    9.858032E-05    9.858032E-05    9.858032E-05    9.858032E-05    9.858032E-05    9.858032E-05    9.858032E-05
   9.858032E-05    9.858032E-05    9.858032E-05    9.858032E-05    9.858032E-05    9.858032E-05    9.858032E-05    9.858032E-05    9.858032E-05    9.858032E-05    9.858032E-05    9.858032E-05    9.858032E-05    9.858032E-05    9.858032E-05    9.858032E-05    9.858032E-05    9.858032E-05    9.858032E-05    9.858032E-05
   9.858032E-05    9.858032E-05    9.858032E-05    9.858032E-05    9.858032E-05    9.858032E-05    9.858032E-05    9.858032E-05    9.858032E-05    9.858032E-05    9.858032E-05    9.858032E-05    9.858032E-05    9.858032E-05    9.858032E-05    9.858032E-05    9.858032E-05    9.858032E-05    9.858032E-05    9.858032E-05
   7.597061E-05    9.858032E-05    9.858032E-05    9.858032E-05    9.858032E-05    9.858032E-05    9.858032E-05    9.858032E-05    9.858032E-05    9.858032E-05    9.858032E-05    9.858032E-05    9.858032E-05    9.858032E-05    9.858032E-05    9.858032E-05    9.858032E-05    9.858032E-05    9.858032E-05    9.858032E-05
   7.597061E-05    7.597061E-05    9.858032E-05    9.858032E-05    9.858032E-05    9.858032E-05    9.858032E-05    9.858032E-05    9.858032E-05    9.858032E-05    9.858032E-05    9.858032E-05    9.858032E-05    9.858032E-05    9.858032E-05    9.858032E-05    9.858032E-05    9.858032E-05    9.858032E-05    9.858032E-05
   7.597061E-05    7.597061E-05    7.597061E-05    9.858032E-05    9.858032E-05    9.858032E-05    9.858032E-05    9.858032E-05    9.858032E-05    9.858032E-05    9.858032E-05    9.858032E-05    9.858032E-05    9.858032E-05    9.858032E-05    9.858032E-05    9.858032E-05    9.858032E-05    9.858032E-05    9.858032E-05
   7.597061E-05    7.597061E-05    7.597061E-05    7.597061E-05    9.858032E-05    9.858032E-05    9.858032E-05    9.858032E-05    9.858032E-05    9.858032E-05    9.858032E-05    9.858032E-05    9.858032E-05    9.858032E-05    9.858032E-05    9.858032E-05    9.858032E-05    9.858032E-05    9.858032E-05    7.597061E-05
   7.597061E-05    7.597061E-05    7.597061E-05    7.597061E-05    9.858032E-05    9.858032E-05    9.858032E-05    9.858032E-05    9.858032E-05    9.858032E-05    9.858032E-05    9.858032E-05    9.858032E-05    9.858032E-05    9.858032E-05    9.858032E-05    9.858032E-05    9.858032E-05    9.858032E-05    7.597061E-05
   7.597061E-05    7.597061E-05    7.597061E-05    7.597061E-05    7.597061E-05    9.858032E-05    9.858032E-05    9.858032E-05    9.858032E-05    9.858032E-05    9.858032E-05    9.858032E-05    9.858032E-05    9.858032E-05    9.858032E-05    9.858032E-05    9.858032E-05    9.858032E-05    7.597061E-05    7.597061E-05
   7.597061E-05    7.597061E-05    7.597061E-05    7.597061E-05    7.597061E-05    9.858032E-05    9.858032E-05    9.858032E-05    9.858032E-05    9.858032E-05    9.858032E-05    9.858032E-05    9.858032E-05    9.858032E-05    9.858032E-05    9.858032E-05    9.858032E-05    7.597061E-05    7.597061E-05    7.597061E-05
   7.597061E-05    7.597061E-05    7.597061E-05    7.597061E-05    7.597061E-05    9.858032E-05    9.858032E-05    9.858032E-05    9.858032E-05    9.858032E-05    9.858032E-05    9.858032E-05    9.858032E-05    9.858032E-05    9.858032E-05    9.858032E-05    7.597061E-05    7.597061E-05    7.597061E-05    7.597061E-05
