   1.340838E-01   1.636207E-01   1.580369E-01   1.304493E-01   1.581082E-01   1.356364E-01   1.347297E-01   6.908189E-02   1.035093E-01   1.772607E-01   1.304488E-01   9.208924E-02   1.374619E-01   2.000000E-01   1.896295E-01   2.000000E-01   2.000000E-01   2.000000E-01   9.623525E-02   1.424430E-01
   1.373222E-01   1.274299E-01   1.558016E-01   1.633174E-01   1.605355E-01   1.380323E-01   1.138873E-01   6.898059E-02   9.778087E-02   8.530447E-02   1.157351E-01   1.773942E-01   1.971029E-01   1.613193E-01   1.668021E-01   2.000000E-01   2.000000E-01   2.000000E-01   2.000000E-01   2.000000E-01
   9.877920E-02   1.062489E-01   1.697679E-01   1.722736E-01   1.343745E-01   1.326508E-01   1.268786E-01   7.092919E-02   4.916264E-02   6.843588E-02   1.114257E-01   1.180392E-01   1.898408E-01   1.897165E-01   1.744030E-01   2.000000E-01   2.000000E-01   2.000000E-01   1.872723E-01   1.568982E-01
   1.204348E-01   1.123481E-01   1.110109E-01   1.125233E-01   1.992269E-01   1.497852E-01   1.143919E-01   6.205477E-02   7.950127E-02   1.101925E-01   1.147762E-01   1.229765E-01   1.157568E-01   1.086263E-01   1.241140E-01   1.027920E-01   2.000000E-01   2.000000E-01   1.202274E-01   9.525283E-02
   8.100237E-02   8.532357E-02   1.097986E-01   6.210217E-02   1.265676E-01   1.684373E-01   9.750130E-02   6.493653E-02   6.789142E-02   9.553486E-02   1.080802E-01   1.150015E-01   1.691809E-01   2.000000E-01   1.310579E-01   1.196916E-01   2.000000E-01   1.792093E-01   1.031549E-01   6.525509E-02
   1.148486E-01   8.273566E-02   8.930709E-02   7.776881E-02   1.183257E-01   7.051453E-02   1.161338E-01   1.010856E-01   5.178969E-02   8.271042E-02   9.950474E-02   9.033855E-02   1.294339E-01   1.497140E-01   1.428876E-01   1.439106E-01   1.236739E-01   1.332216E-01   1.781897E-01   1.981371E-01
   2.000000E-01   1.160193E-01   1.000302E-01   1.049091E-01   1.325035E-01   7.863849E-02   7.702654E-02   8.296768E-02   6.278171E-02   8.168444E-02   8.335852E-02   8.187575E-02   1.051651E-01   1.410444E-01   1.839578E-01   2.000000E-01   2.000000E-01   2.000000E-01   2.000000E-01   2.000000E-01
   1.675083E-01   9.401163E-02   1.145948E-01   1.073244E-01   1.076735E-01   9.199497E-02   5.520602E-02   6.513717E-02   5.780392E-02   5.664891E-02   8.592576E-02   6.684173E-02   1.333124E-01   1.816374E-01   2.000000E-01   1.886015E-01   2.000000E-01   2.000000E-01   2.000000E-01   2.000000E-01
   1.244260E-01   1.494847E-01   1.064265E-01   1.431796E-01   1.000000E-01   1.000000E-01   1.000000E-01   5.375162E-02   4.903892E-02   7.030697E-02   8.120517E-02   1.002702E-01   1.152559E-01   9.965328E-02   1.823950E-01   1.795806E-01   1.699550E-01   1.756103E-01   2.000000E-01   2.000000E-01
   2.000000E-01   1.240033E-01   1.422424E-01   1.266259E-01   1.000000E-01   1.000000E-01   1.000000E-01   1.000000E-01   5.721605E-02   4.848525E-02   1.397073E-01   1.257868E-01   1.469858E-01   1.944524E-01   1.776664E-01   1.590521E-01   1.153195E-01   2.000000E-01   2.000000E-01   2.000000E-01
   1.224046E-01   1.355360E-01   1.513621E-01   2.000000E-01   1.000000E-01   1.000000E-01   1.000000E-01   1.000000E-01   6.724008E-02   1.127999E-01   1.114203E-01   1.247129E-01   1.535396E-01   2.000000E-01   1.433255E-01   1.848486E-01   2.000000E-01   2.000000E-01   2.000000E-01   2.000000E-01
   1.519807E-01   2.000000E-01   1.770125E-01   1.438752E-01   1.000000E-01   1.000000E-01   1.000000E-01   1.000000E-01   1.137195E-01   1.568365E-01   1.188992E-01   1.451585E-01   1.811205E-01   2.000000E-01   2.000000E-01   2.000000E-01   2.000000E-01   2.000000E-01   2.000000E-01   1.984562E-01
   2.000000E-01   2.000000E-01   2.000000E-01   2.000000E-01   1.000000E-01   1.000000E-01   1.000000E-01   1.000000E-01   9.491529E-02   1.347853E-01   1.585192E-01   2.000000E-01   1.651135E-01   1.649148E-01   2.000000E-01   2.000000E-01   2.000000E-01   2.000000E-01   2.000000E-01   2.000000E-01
   2.000000E-01   2.000000E-01   2.000000E-01   2.000000E-01   1.000000E-01   1.000000E-01   1.000000E-01   1.000000E-01   8.193332E-02   1.736858E-01   8.901779E-02   1.795184E-01   1.530230E-01   1.833043E-01   1.833875E-01   2.000000E-01   2.000000E-01   2.000000E-01   2.000000E-01   2.000000E-01
   1.506578E-01   1.919454E-01   2.000000E-01   2.000000E-01   1.000000E-01   1.000000E-01   1.000000E-01   1.000000E-01   1.088182E-01   1.165370E-01   1.057902E-01   8.637816E-02   9.843445E-02   1.345059E-01   2.000000E-01   2.000000E-01   2.000000E-01   2.000000E-01   2.000000E-01   2.000000E-01
   1.548647E-01   1.803089E-01   2.000000E-01   2.000000E-01   1.000000E-01   1.000000E-01   1.000000E-01   1.000000E-01   1.771151E-01   1.852081E-01   1.481734E-01   1.309756E-01   1.104771E-01   1.052971E-01   2.000000E-01   2.000000E-01   2.000000E-01   2.000000E-01   2.000000E-01   2.000000E-01
   1.507211E-01   1.560478E-01   1.775318E-01   1.855596E-01   1.000000E-01   1.000000E-01   1.000000E-01   1.000000E-01   1.783759E-01   1.169153E-01   1.593614E-01   1.244693E-01   1.780455E-01   1.930674E-01   2.000000E-01   2.000000E-01   2.000000E-01   2.000000E-01   2.000000E-01   2.000000E-01
   1.267512E-01   1.362594E-01   7.704807E-02   9.355800E-02   1.000000E-01   1.000000E-01   1.000000E-01   1.000000E-01   8.185160E-02   1.359750E-01   2.000000E-01   2.000000E-01   2.000000E-01   2.000000E-01   2.000000E-01   2.000000E-01   2.000000E-01   2.000000E-01   1.816600E-01   2.000000E-01
   6.473365E-02   8.434193E-02   8.805900E-02   1.286720E-01   1.000000E-01   1.000000E-01   1.000000E-01   1.000000E-01   1.409299E-01   1.347694E-01   1.500414E-01   2.000000E-01   2.000000E-01   2.000000E-01   2.000000E-01   2.000000E-01   2.000000E-01   2.000000E-01   2.000000E-01   2.000000E-01
   7.443634E-02   5.225397E-02   1.150522E-01   9.503571E-02   1.000000E-01   1.000000E-01   1.000000E-01   1.000000E-01   7.283468E-02   8.449477E-02   8.724651E-02   1.123603E-01   2.000000E-01   2.000000E-01   2.000000E-01   2.000000E-01   2.000000E-01   1.366836E-01   2.000000E-01   2.000000E-01
   1.257562E-01   6.634735E-02   9.763777E-02   1.054257E-01   1.000000E-01   1.000000E-01   1.000000E-01   1.000000E-01   5.482880E-02   5.359718E-02   7.617781E-02   1.148344E-01   2.000000E-01   2.000000E-01   2.000000E-01   2.000000E-01   2.000000E-01   2.000000E-01   2.000000E-01   2.000000E-01
   1.057792E-01   9.669279E-02   1.297729E-01   1.409154E-01   1.000000E-01   1.000000E-01   1.868949E-01   1.306652E-01   7.605987E-02   5.884992E-02   6.238445E-02   1.282739E-01   1.917335E-01   2.000000E-01   2.000000E-01   2.000000E-01   2.000000E-01   2.000000E-01   2.000000E-01   2.000000E-01
   2.000000E-01   2.000000E-01   2.000000E-01   2.000000E-01   1.979338E-01   1.000000E-01   1.310382E-01   1.173913E-01   6.959224E-02   5.177713E-02   7.981250E-02   1.144635E-01   2.000000E-01   2.000000E-01   2.000000E-01   2.000000E-01   2.000000E-01   2.000000E-01   2.000000E-01   1.666488E-01
   2.000000E-01   2.000000E-01   2.000000E-01   2.000000E-01   1.932615E-01   1.261465E-01   1.453964E-01   1.134635E-01   5.277315E-02   3.199720E-02   6.803179E-02   1.589170E-01   2.000000E-01   2.000000E-01   1.991647E-01   2.000000E-01   2.000000E-01   2.000000E-01   2.000000E-01   1.825468E-01
   2.000000E-01   2.000000E-01   2.000000E-01   2.000000E-01   1.683764E-01   1.403208E-01   1.494854E-01   1.162463E-01   5.116914E-02   6.394889E-02   7.234366E-02   1.098461E-01   1.670887E-01   2.000000E-01   2.000000E-01   2.000000E-01   2.000000E-01   2.000000E-01   2.000000E-01   1.755875E-01
   2.000000E-01   2.000000E-01   2.000000E-01   2.000000E-01   1.652209E-01   1.083620E-01   1.114162E-01   1.009128E-01   1.152134E-01   1.494540E-01   1.094781E-01   1.769588E-01   1.998827E-01   2.000000E-01   2.000000E-01   2.000000E-01   2.000000E-01   2.000000E-01   2.000000E-01   1.495912E-01
   1.134069E-01   2.000000E-01   2.000000E-01   1.822103E-01   1.111939E-01   1.219695E-01   7.357428E-02   8.027422E-02   1.092783E-01   1.241966E-01   1.922901E-01   2.000000E-01   2.000000E-01   2.000000E-01   2.000000E-01   2.000000E-01   2.000000E-01   2.000000E-01   2.000000E-01   1.734362E-01
   1.144907E-01   1.276620E-01   2.000000E-01   2.000000E-01   1.837357E-01   1.675210E-01   9.522832E-02   1.194114E-01   1.481484E-01   8.815791E-02   1.482176E-01   2.000000E-01   2.000000E-01   2.000000E-01   2.000000E-01   2.000000E-01   2.000000E-01   2.000000E-01   1.725085E-01   1.746413E-01
   6.103321E-02   1.188273E-01   1.225190E-01   1.660382E-01   1.724122E-01   5.981931E-02   6.894209E-02   5.958941E-02   7.314914E-02   9.101270E-02   1.840362E-01   2.000000E-01   1.433700E-01   1.283196E-01   2.000000E-01   1.661188E-01   1.209414E-01   1.752913E-01   1.830720E-01   1.538021E-01
   7.725045E-02   7.813195E-02   1.425036E-01   1.513034E-01   1.446120E-01   8.178748E-02   3.847551E-02   7.500964E-02   7.513461E-02   1.400745E-01   9.688227E-02   1.006113E-01   5.565640E-02   1.120330E-01   1.114297E-01   9.504457E-02   1.234434E-01   1.538559E-01   1.995921E-01   1.527236E-01
   1.194719E-01   1.298867E-01   9.327161E-02   1.371250E-01   1.161000E-01   9.007478E-02   4.229110E-02   6.891843E-02   9.099407E-02   8.292088E-02   1.479768E-01   1.132591E-01   9.624076E-02   1.162610E-01   1.000537E-01   1.160262E-01   1.023281E-01   1.088747E-01   1.238128E-01   8.223096E-02
   7.977859E-02   1.399318E-01   1.182099E-01   1.036594E-01   1.129130E-01   6.350386E-02   4.695391E-02   1.007150E-01   7.635696E-02   8.189358E-02   1.288395E-01   1.075605E-01   8.005667E-02   1.110909E-01   1.078691E-01   1.046519E-01   8.772410E-02   5.977349E-02   5.356692E-02   5.839034E-02
   1.000000E-01   1.663835E-01   1.118859E-01   1.734873E-01   1.124234E-01   6.053476E-02   4.904104E-02   7.057885E-02   8.419299E-02   1.098254E-01   1.053449E-01   8.725738E-02   5.918657E-02   1.063158E-01   1.657627E-01   1.112961E-01   1.046693E-01   5.006543E-02   4.987545E-02   5.455696E-02
   1.000000E-01   1.000000E-01   1.216320E-01   1.638504E-01   1.215629E-01   6.836984E-02   4.363755E-02   5.896749E-02   4.836705E-02   5.235033E-02   1.006773E-01   7.836350E-02   5.666609E-02   9.598062E-02   1.702142E-01   1.359543E-01   6.208846E-02   7.412969E-02   6.192032E-02   4.517929E-02
   1.000000E-01   1.000000E-01   1.000000E-01   1.380958E-01   7.127092E-02   5.287719E-02   7.982623E-02   5.833030E-02   4.959174E-02   3.313013E-02   9.245890E-02   8.243632E-02   8.408439E-02   1.128059E-01   1.681527E-01   1.378328E-01   9.726274E-02   4.750978E-02   6.562551E-02   1.003315E-01
   1.000000E-01   1.000000E-01   1.000000E-01   1.000000E-01   8.498843E-02   9.286218E-02   5.876174E-02   5.130210E-02   6.840593E-02   6.295262E-02   1.052405E-01   6.254447E-02   9.236555E-02   8.256119E-02   6.902467E-02   7.532115E-02   9.603887E-02   5.962135E-02   8.014066E-02   1.000000E-01
   1.000000E-01   1.000000E-01   1.000000E-01   1.000000E-01   1.094289E-01   9.129172E-02   8.445735E-02   8.327878E-02   5.785086E-02   7.362716E-02   1.077634E-01   1.390839E-01   8.465804E-02   8.788580E-02   1.150899E-01   6.516817E-02   7.614774E-02   7.599148E-02   5.273195E-02   1.000000E-01
   1.000000E-01   1.000000E-01   1.000000E-01   1.000000E-01   1.000000E-01   1.151737E-01   1.864648E-01   8.439375E-02   1.365629E-01   8.135575E-02   8.028814E-02   7.891993E-02   7.065708E-02   1.132202E-01   9.941646E-02   9.902707E-02   1.113169E-01   1.221600E-01   1.000000E-01   1.000000E-01
   1.000000E-01   1.000000E-01   1.000000E-01   1.000000E-01   1.000000E-01   1.888208E-01   1.898098E-01   1.025432E-01   6.558005E-02   7.981821E-02   5.329774E-02   1.033945E-01   9.559322E-02   1.013323E-01   9.404786E-02   1.304103E-01   1.254348E-01   1.000000E-01   1.000000E-01   1.000000E-01
   1.000000E-01   1.000000E-01   1.000000E-01   1.000000E-01   1.000000E-01   1.915978E-01   1.938026E-01   1.454990E-01   1.272749E-01   9.466311E-02   7.772978E-02   9.681195E-02   7.840446E-02   1.324535E-01   1.631825E-01   1.128403E-01   1.000000E-01   1.000000E-01   1.000000E-01   1.000000E-01
