   1.281345E-04    1.281345E-04    1.281345E-04    1.281345E-04    1.281345E-04    1.281345E-04    1.281345E-04    1.281345E-04    1.281345E-04    1.281345E-04    1.281345E-04    1.281345E-04    1.281345E-04    1.281345E-04    1.281345E-04    1.281345E-04    1.281345E-04    1.281345E-04    1.281345E-04    1.281345E-04
   1.281345E-04    1.281345E-04    1.281345E-04    1.281345E-04    1.281345E-04    1.281345E-04    1.281345E-04    1.281345E-04    1.281345E-04    1.281345E-04    1.281345E-04    1.281345E-04    1.281345E-04    1.281345E-04    1.281345E-04    1.281345E-04    1.281345E-04    1.281345E-04    1.281345E-04    1.281345E-04
   1.281345E-04    1.281345E-04    1.281345E-04    1.281345E-04    1.281345E-04    1.281345E-04    1.281345E-04    1.281345E-04    1.281345E-04    1.281345E-04    1.281345E-04    1.281345E-04    1.281345E-04    1.281345E-04    1.281345E-04    1.281345E-04    1.281345E-04    1.281345E-04    1.281345E-04    1.281345E-04
   1.281345E-04    1.281345E-04    1.281345E-04    1.281345E-04    1.281345E-04    1.281345E-04    1.281345E-04    1.281345E-04    1.281345E-04    1.281345E-04    1.281345E-04    1.281345E-04    1.281345E-04    1.281345E-04    1.281345E-04    1.281345E-04    1.281345E-04    1.281345E-04    1.281345E-04    1.281345E-04
   1.281345E-04    1.281345E-04    1.281345E-04    1.281345E-04    1.281345E-04    1.281345E-04    1.281345E-04    1.281345E-04    1.281345E-04    1.281345E-04    1.281345E-04    1.281345E-04    1.281345E-04    1.281345E-04    1.281345E-04    1.281345E-04    1.281345E-04    1.281345E-04    1.281345E-04    1.281345E-04
   1.281345E-04    1.281345E-04    1.281345E-04    1.281345E-04    1.281345E-04    1.281345E-04    1.281345E-04    1.281345E-04    1.281345E-04    1.281345E-04    1.281345E-04    1.281345E-04    1.281345E-04    1.281345E-04    1.281345E-04    1.281345E-04    1.281345E-04    1.281345E-04    1.281345E-04    1.281345E-04
   1.281345E-04    1.281345E-04    1.281345E-04    1.281345E-04    1.281345E-04    1.281345E-04    1.281345E-04    1.281345E-04    1.281345E-04    1.281345E-04    1.281345E-04    1.281345E-04    1.281345E-04    1.281345E-04    1.281345E-04    1.281345E-04    1.281345E-04    1.281345E-04    1.281345E-04    1.281345E-04
   1.281345E-04    1.281345E-04    1.281345E-04    1.281345E-04    1.281345E-04    1.281345E-04    1.281345E-04    1.281345E-04    1.281345E-04    1.281345E-04    1.281345E-04    1.281345E-04    1.281345E-04    1.281345E-04    1.281345E-04    1.281345E-04    1.281345E-04    1.281345E-04    1.281345E-04    1.281345E-04
   1.281345E-04    1.281345E-04    1.281345E-04    1.281345E-04    1.415477E-04    1.415477E-04    1.415477E-04    1.281345E-04    1.281345E-04    1.281345E-04    1.281345E-04    1.281345E-04    1.281345E-04    1.281345E-04    1.281345E-04    1.281345E-04    1.281345E-04    1.281345E-04    1.281345E-04    1.281345E-04
   1.281345E-04    1.281345E-04    1.281345E-04    1.281345E-04    1.415477E-04    1.415477E-04    1.415477E-04    1.415477E-04    1.281345E-04    1.281345E-04    1.281345E-04    1.281345E-04    1.281345E-04    1.281345E-04    1.281345E-04    1.281345E-04    1.281345E-04    1.281345E-04    1.281345E-04    1.281345E-04
   1.281345E-04    1.281345E-04    1.281345E-04    1.281345E-04    1.415477E-04    1.415477E-04    1.415477E-04    1.415477E-04    1.281345E-04    1.281345E-04    1.281345E-04    1.281345E-04    1.281345E-04    1.281345E-04    1.281345E-04    1.281345E-04    1.281345E-04    1.281345E-04    1.281345E-04    1.281345E-04
   1.281345E-04    1.281345E-04    1.281345E-04    1.281345E-04    1.415477E-04    1.415477E-04    1.415477E-04    1.415477E-04    1.281345E-04    1.281345E-04    1.281345E-04    1.281345E-04    1.281345E-04    1.281345E-04    1.281345E-04    1.281345E-04    1.281345E-04    1.281345E-04    1.281345E-04    1.281345E-04
   1.281345E-04    1.281345E-04    1.281345E-04    1.281345E-04    1.415477E-04    1.415477E-04    1.415477E-04    1.415477E-04    1.281345E-04    1.281345E-04    1.281345E-04    1.281345E-04    1.281345E-04    1.281345E-04    1.281345E-04    1.281345E-04    1.281345E-04    1.281345E-04    1.281345E-04    1.281345E-04
   1.281345E-04    1.281345E-04    1.281345E-04    1.281345E-04    1.415477E-04    1.415477E-04    1.415477E-04    1.415477E-04    1.281345E-04    1.281345E-04    1.281345E-04    1.281345E-04    1.281345E-04    1.281345E-04    1.281345E-04    1.281345E-04    1.281345E-04    1.281345E-04    1.281345E-04    1.281345E-04
   1.281345E-04    1.281345E-04    1.281345E-04    1.281345E-04    1.415477E-04    1.415477E-04    1.415477E-04    1.415477E-04    1.281345E-04    1.281345E-04    1.281345E-04    1.281345E-04    1.281345E-04    1.281345E-04    1.281345E-04    1.281345E-04    1.281345E-04    1.281345E-04    1.281345E-04    1.281345E-04
   1.281345E-04    1.281345E-04    1.281345E-04    1.281345E-04    1.415477E-04    1.415477E-04    1.415477E-04    1.415477E-04    1.281345E-04    1.281345E-04    1.281345E-04    1.281345E-04    1.281345E-04    1.281345E-04    1.281345E-04    1.281345E-04    1.281345E-04    1.281345E-04    1.281345E-04    1.281345E-04
   1.281345E-04    1.281345E-04    1.281345E-04    1.281345E-04    1.415477E-04    1.415477E-04    1.415477E-04    1.415477E-04    1.281345E-04    1.281345E-04    1.281345E-04    1.281345E-04    1.281345E-04    1.281345E-04    1.281345E-04    1.281345E-04    1.281345E-04    1.281345E-04    1.281345E-04    1.281345E-04
   1.281345E-04    1.281345E-04    1.281345E-04    1.281345E-04    1.415477E-04    1.415477E-04    1.415477E-04    1.415477E-04    1.281345E-04    1.281345E-04    1.281345E-04    1.281345E-04    1.281345E-04    1.281345E-04    1.281345E-04    1.281345E-04    1.281345E-04    1.281345E-04    1.281345E-04    1.281345E-04
   1.281345E-04    1.281345E-04    1.281345E-04    1.281345E-04    1.415477E-04    1.415477E-04    1.415477E-04    1.415477E-04    1.281345E-04    1.281345E-04    1.281345E-04    1.281345E-04    1.281345E-04    1.281345E-04    1.281345E-04    1.281345E-04    1.281345E-04    1.281345E-04    1.281345E-04    1.281345E-04
   1.281345E-04    1.281345E-04    1.281345E-04    1.281345E-04    1.415477E-04    1.415477E-04    1.415477E-04    1.415477E-04    1.281345E-04    1.281345E-04    1.281345E-04    1.281345E-04    1.281345E-04    1.281345E-04    1.281345E-04    1.281345E-04    1.281345E-04    1.281345E-04    1.281345E-04    1.281345E-04
   1.281345E-04    1.281345E-04    1.281345E-04    1.281345E-04    1.415477E-04    1.415477E-04    1.415477E-04    1.415477E-04    1.281345E-04    1.281345E-04    1.281345E-04    1.281345E-04    1.281345E-04    1.281345E-04    1.281345E-04    1.281345E-04    1.281345E-04    1.281345E-04    1.281345E-04    1.281345E-04
   1.281345E-04    1.281345E-04    1.281345E-04    1.281345E-04    1.415477E-04    1.415477E-04    1.281345E-04    1.281345E-04    1.281345E-04    1.281345E-04    1.281345E-04    1.281345E-04    1.281345E-04    1.281345E-04    1.281345E-04    1.281345E-04    1.281345E-04    1.281345E-04    1.281345E-04    1.281345E-04
   1.281345E-04    1.281345E-04    1.281345E-04    1.281345E-04    1.281345E-04    1.415477E-04    1.281345E-04    1.281345E-04    1.281345E-04    1.281345E-04    1.281345E-04    1.281345E-04    1.281345E-04    1.281345E-04    1.281345E-04    1.281345E-04    1.281345E-04    1.281345E-04    1.281345E-04    1.281345E-04
   1.281345E-04    1.281345E-04    1.281345E-04    1.281345E-04    1.281345E-04    1.281345E-04    1.281345E-04    1.281345E-04    1.281345E-04    1.281345E-04    1.281345E-04    1.281345E-04    1.281345E-04    1.281345E-04    1.281345E-04    1.281345E-04    1.281345E-04    1.281345E-04    1.281345E-04    1.281345E-04
   1.281345E-04    1.281345E-04    1.281345E-04    1.281345E-04    1.281345E-04    1.281345E-04    1.281345E-04    1.281345E-04    1.281345E-04    1.281345E-04    1.281345E-04    1.281345E-04    1.281345E-04    1.281345E-04    1.281345E-04    1.281345E-04    1.281345E-04    1.281345E-04    1.281345E-04    1.281345E-04
   1.281345E-04    1.281345E-04    1.281345E-04    1.281345E-04    1.281345E-04    1.281345E-04    1.281345E-04    1.281345E-04    1.281345E-04    1.281345E-04    1.281345E-04    1.281345E-04    1.281345E-04    1.281345E-04    1.281345E-04    1.281345E-04    1.281345E-04    1.281345E-04    1.281345E-04    1.281345E-04
   1.281345E-04    1.281345E-04    1.281345E-04    1.281345E-04    1.281345E-04    1.281345E-04    1.281345E-04    1.281345E-04    1.281345E-04    1.281345E-04    1.281345E-04    1.281345E-04    1.281345E-04    1.281345E-04    1.281345E-04    1.281345E-04    1.281345E-04    1.281345E-04    1.281345E-04    1.281345E-04
   1.281345E-04    1.281345E-04    1.281345E-04    1.281345E-04    1.281345E-04    1.281345E-04    1.281345E-04    1.281345E-04    1.281345E-04    1.281345E-04    1.281345E-04    1.281345E-04    1.281345E-04    1.281345E-04    1.281345E-04    1.281345E-04    1.281345E-04    1.281345E-04    1.281345E-04    1.281345E-04
   1.281345E-04    1.281345E-04    1.281345E-04    1.281345E-04    1.281345E-04    1.281345E-04    1.281345E-04    1.281345E-04    1.281345E-04    1.281345E-04    1.281345E-04    1.281345E-04    1.281345E-04    1.281345E-04    1.281345E-04    1.281345E-04    1.281345E-04    1.281345E-04    1.281345E-04    1.281345E-04
   1.281345E-04    1.281345E-04    1.281345E-04    1.281345E-04    1.281345E-04    1.281345E-04    1.281345E-04    1.281345E-04    1.281345E-04    1.281345E-04    1.281345E-04    1.281345E-04    1.281345E-04    1.281345E-04    1.281345E-04    1.281345E-04    1.281345E-04    1.281345E-04    1.281345E-04    1.281345E-04
   1.281345E-04    1.281345E-04    1.281345E-04    1.281345E-04    1.281345E-04    1.281345E-04    1.281345E-04    1.281345E-04    1.281345E-04    1.281345E-04    1.281345E-04    1.281345E-04    1.281345E-04    1.281345E-04    1.281345E-04    1.281345E-04    1.281345E-04    1.281345E-04    1.281345E-04    1.281345E-04
   1.281345E-04    1.281345E-04    1.281345E-04    1.281345E-04    1.281345E-04    1.281345E-04    1.281345E-04    1.281345E-04    1.281345E-04    1.281345E-04    1.281345E-04    1.281345E-04    1.281345E-04    1.281345E-04    1.281345E-04    1.281345E-04    1.281345E-04    1.281345E-04    1.281345E-04    1.281345E-04
   1.415477E-04    1.281345E-04    1.281345E-04    1.281345E-04    1.281345E-04    1.281345E-04    1.281345E-04    1.281345E-04    1.281345E-04    1.281345E-04    1.281345E-04    1.281345E-04    1.281345E-04    1.281345E-04    1.281345E-04    1.281345E-04    1.281345E-04    1.281345E-04    1.281345E-04    1.281345E-04
   1.415477E-04    1.415477E-04    1.281345E-04    1.281345E-04    1.281345E-04    1.281345E-04    1.281345E-04    1.281345E-04    1.281345E-04    1.281345E-04    1.281345E-04    1.281345E-04    1.281345E-04    1.281345E-04    1.281345E-04    1.281345E-04    1.281345E-04    1.281345E-04    1.281345E-04    1.281345E-04
   1.415477E-04    1.415477E-04    1.415477E-04    1.281345E-04    1.281345E-04    1.281345E-04    1.281345E-04    1.281345E-04    1.281345E-04    1.281345E-04    1.281345E-04    1.281345E-04    1.281345E-04    1.281345E-04    1.281345E-04    1.281345E-04    1.281345E-04    1.281345E-04    1.281345E-04    1.281345E-04
   1.415477E-04    1.415477E-04    1.415477E-04    1.415477E-04    1.281345E-04    1.281345E-04    1.281345E-04    1.281345E-04    1.281345E-04    1.281345E-04    1.281345E-04    1.281345E-04    1.281345E-04    1.281345E-04    1.281345E-04    1.281345E-04    1.281345E-04    1.281345E-04    1.281345E-04    1.415477E-04
   1.415477E-04    1.415477E-04    1.415477E-04    1.415477E-04    1.281345E-04    1.281345E-04    1.281345E-04    1.281345E-04    1.281345E-04    1.281345E-04    1.281345E-04    1.281345E-04    1.281345E-04    1.281345E-04    1.281345E-04    1.281345E-04    1.281345E-04    1.281345E-04    1.281345E-04    1.415477E-04
   1.415477E-04    1.415477E-04    1.415477E-04    1.415477E-04    1.415477E-04    1.281345E-04    1.281345E-04    1.281345E-04    1.281345E-04    1.281345E-04    1.281345E-04    1.281345E-04    1.281345E-04    1.281345E-04    1.281345E-04    1.281345E-04    1.281345E-04    1.281345E-04    1.415477E-04    1.415477E-04
   1.415477E-04    1.415477E-04    1.415477E-04    1.415477E-04    1.415477E-04    1.281345E-04    1.281345E-04    1.281345E-04    1.281345E-04    1.281345E-04    1.281345E-04    1.281345E-04    1.281345E-04    1.281345E-04    1.281345E-04    1.281345E-04    1.281345E-04    1.415477E-04    1.415477E-04    1.415477E-04
   1.415477E-04    1.415477E-04    1.415477E-04    1.415477E-04    1.415477E-04    1.281345E-04    1.281345E-04    1.281345E-04    1.281345E-04    1.281345E-04    1.281345E-04    1.281345E-04    1.281345E-04    1.281345E-04    1.281345E-04    1.281345E-04    1.415477E-04    1.415477E-04    1.415477E-04    1.415477E-04
