   5.968102E-06    5.968102E-06    5.968102E-06    5.968102E-06    5.968102E-06    5.968102E-06    5.968102E-06    5.968102E-06    5.968102E-06    5.968102E-06    5.968102E-06    5.968102E-06    5.968102E-06    5.968102E-06    5.968102E-06    5.968102E-06    5.968102E-06    5.968102E-06    5.968102E-06    5.968102E-06
   5.968102E-06    5.968102E-06    5.968102E-06    5.968102E-06    5.968102E-06    5.968102E-06    5.968102E-06    5.968102E-06    5.968102E-06    5.968102E-06    5.968102E-06    5.968102E-06    5.968102E-06    5.968102E-06    5.968102E-06    5.968102E-06    5.968102E-06    5.968102E-06    5.968102E-06    5.968102E-06
   5.968102E-06    5.968102E-06    5.968102E-06    5.968102E-06    5.968102E-06    5.968102E-06    5.968102E-06    5.968102E-06    5.968102E-06    5.968102E-06    5.968102E-06    5.968102E-06    5.968102E-06    5.968102E-06    5.968102E-06    5.968102E-06    5.968102E-06    5.968102E-06    5.968102E-06    5.968102E-06
   5.968102E-06    5.968102E-06    5.968102E-06    5.968102E-06    5.968102E-06    5.968102E-06    5.968102E-06    5.968102E-06    5.968102E-06    5.968102E-06    5.968102E-06    5.968102E-06    5.968102E-06    5.968102E-06    5.968102E-06    5.968102E-06    5.968102E-06    5.968102E-06    5.968102E-06    5.968102E-06
   5.968102E-06    5.968102E-06    5.968102E-06    5.968102E-06    5.968102E-06    5.968102E-06    5.968102E-06    5.968102E-06    5.968102E-06    5.968102E-06    5.968102E-06    5.968102E-06    5.968102E-06    5.968102E-06    5.968102E-06    5.968102E-06    5.968102E-06    5.968102E-06    5.968102E-06    5.968102E-06
   5.968102E-06    5.968102E-06    5.968102E-06    5.968102E-06    5.968102E-06    5.968102E-06    5.968102E-06    5.968102E-06    5.968102E-06    5.968102E-06    5.968102E-06    5.968102E-06    5.968102E-06    5.968102E-06    5.968102E-06    5.968102E-06    5.968102E-06    5.968102E-06    5.968102E-06    5.968102E-06
   5.968102E-06    5.968102E-06    5.968102E-06    5.968102E-06    5.968102E-06    5.968102E-06    5.968102E-06    5.968102E-06    5.968102E-06    5.968102E-06    5.968102E-06    5.968102E-06    5.968102E-06    5.968102E-06    5.968102E-06    5.968102E-06    5.968102E-06    5.968102E-06    5.968102E-06    5.968102E-06
   5.968102E-06    5.968102E-06    5.968102E-06    5.968102E-06    5.968102E-06    5.968102E-06    5.968102E-06    5.968102E-06    5.968102E-06    5.968102E-06    5.968102E-06    5.968102E-06    5.968102E-06    5.968102E-06    5.968102E-06    5.968102E-06    5.968102E-06    5.968102E-06    5.968102E-06    5.968102E-06
   5.968102E-06    5.968102E-06    5.968102E-06    5.968102E-06    5.846935E-06    5.846935E-06    5.846935E-06    5.968102E-06    5.968102E-06    5.968102E-06    5.968102E-06    5.968102E-06    5.968102E-06    5.968102E-06    5.968102E-06    5.968102E-06    5.968102E-06    5.968102E-06    5.968102E-06    5.968102E-06
   5.968102E-06    5.968102E-06    5.968102E-06    5.968102E-06    5.846935E-06    5.846935E-06    5.846935E-06    5.846935E-06    5.968102E-06    5.968102E-06    5.968102E-06    5.968102E-06    5.968102E-06    5.968102E-06    5.968102E-06    5.968102E-06    5.968102E-06    5.968102E-06    5.968102E-06    5.968102E-06
   5.968102E-06    5.968102E-06    5.968102E-06    5.968102E-06    5.846935E-06    5.846935E-06    5.846935E-06    5.846935E-06    5.968102E-06    5.968102E-06    5.968102E-06    5.968102E-06    5.968102E-06    5.968102E-06    5.968102E-06    5.968102E-06    5.968102E-06    5.968102E-06    5.968102E-06    5.968102E-06
   5.968102E-06    5.968102E-06    5.968102E-06    5.968102E-06    5.846935E-06    5.846935E-06    5.846935E-06    5.846935E-06    5.968102E-06    5.968102E-06    5.968102E-06    5.968102E-06    5.968102E-06    5.968102E-06    5.968102E-06    5.968102E-06    5.968102E-06    5.968102E-06    5.968102E-06    5.968102E-06
   5.968102E-06    5.968102E-06    5.968102E-06    5.968102E-06    5.846935E-06    5.846935E-06    5.846935E-06    5.846935E-06    5.968102E-06    5.968102E-06    5.968102E-06    5.968102E-06    5.968102E-06    5.968102E-06    5.968102E-06    5.968102E-06    5.968102E-06    5.968102E-06    5.968102E-06    5.968102E-06
   5.968102E-06    5.968102E-06    5.968102E-06    5.968102E-06    5.846935E-06    5.846935E-06    5.846935E-06    5.846935E-06    5.968102E-06    5.968102E-06    5.968102E-06    5.968102E-06    5.968102E-06    5.968102E-06    5.968102E-06    5.968102E-06    5.968102E-06    5.968102E-06    5.968102E-06    5.968102E-06
   5.968102E-06    5.968102E-06    5.968102E-06    5.968102E-06    5.846935E-06    5.846935E-06    5.846935E-06    5.846935E-06    5.968102E-06    5.968102E-06    5.968102E-06    5.968102E-06    5.968102E-06    5.968102E-06    5.968102E-06    5.968102E-06    5.968102E-06    5.968102E-06    5.968102E-06    5.968102E-06
   5.968102E-06    5.968102E-06    5.968102E-06    5.968102E-06    5.846935E-06    5.846935E-06    5.846935E-06    5.846935E-06    5.968102E-06    5.968102E-06    5.968102E-06    5.968102E-06    5.968102E-06    5.968102E-06    5.968102E-06    5.968102E-06    5.968102E-06    5.968102E-06    5.968102E-06    5.968102E-06
   5.968102E-06    5.968102E-06    5.968102E-06    5.968102E-06    5.846935E-06    5.846935E-06    5.846935E-06    5.846935E-06    5.968102E-06    5.968102E-06    5.968102E-06    5.968102E-06    5.968102E-06    5.968102E-06    5.968102E-06    5.968102E-06    5.968102E-06    5.968102E-06    5.968102E-06    5.968102E-06
   5.968102E-06    5.968102E-06    5.968102E-06    5.968102E-06    5.846935E-06    5.846935E-06    5.846935E-06    5.846935E-06    5.968102E-06    5.968102E-06    5.968102E-06    5.968102E-06    5.968102E-06    5.968102E-06    5.968102E-06    5.968102E-06    5.968102E-06    5.968102E-06    5.968102E-06    5.968102E-06
   5.968102E-06    5.968102E-06    5.968102E-06    5.968102E-06    5.846935E-06    5.846935E-06    5.846935E-06    5.846935E-06    5.968102E-06    5.968102E-06    5.968102E-06    5.968102E-06    5.968102E-06    5.968102E-06    5.968102E-06    5.968102E-06    5.968102E-06    5.968102E-06    5.968102E-06    5.968102E-06
   5.968102E-06    5.968102E-06    5.968102E-06    5.968102E-06    5.846935E-06    5.846935E-06    5.846935E-06    5.846935E-06    5.968102E-06    5.968102E-06    5.968102E-06    5.968102E-06    5.968102E-06    5.968102E-06    5.968102E-06    5.968102E-06    5.968102E-06    5.968102E-06    5.968102E-06    5.968102E-06
   5.968102E-06    5.968102E-06    5.968102E-06    5.968102E-06    5.846935E-06    5.846935E-06    5.846935E-06    5.846935E-06    5.968102E-06    5.968102E-06    5.968102E-06    5.968102E-06    5.968102E-06    5.968102E-06    5.968102E-06    5.968102E-06    5.968102E-06    5.968102E-06    5.968102E-06    5.968102E-06
   5.968102E-06    5.968102E-06    5.968102E-06    5.968102E-06    5.846935E-06    5.846935E-06    5.968102E-06    5.968102E-06    5.968102E-06    5.968102E-06    5.968102E-06    5.968102E-06    5.968102E-06    5.968102E-06    5.968102E-06    5.968102E-06    5.968102E-06    5.968102E-06    5.968102E-06    5.968102E-06
   5.968102E-06    5.968102E-06    5.968102E-06    5.968102E-06    5.968102E-06    5.846935E-06    5.968102E-06    5.968102E-06    5.968102E-06    5.968102E-06    5.968102E-06    5.968102E-06    5.968102E-06    5.968102E-06    5.968102E-06    5.968102E-06    5.968102E-06    5.968102E-06    5.968102E-06    5.968102E-06
   5.968102E-06    5.968102E-06    5.968102E-06    5.968102E-06    5.968102E-06    5.968102E-06    5.968102E-06    5.968102E-06    5.968102E-06    5.968102E-06    5.968102E-06    5.968102E-06    5.968102E-06    5.968102E-06    5.968102E-06    5.968102E-06    5.968102E-06    5.968102E-06    5.968102E-06    5.968102E-06
   5.968102E-06    5.968102E-06    5.968102E-06    5.968102E-06    5.968102E-06    5.968102E-06    5.968102E-06    5.968102E-06    5.968102E-06    5.968102E-06    5.968102E-06    5.968102E-06    5.968102E-06    5.968102E-06    5.968102E-06    5.968102E-06    5.968102E-06    5.968102E-06    5.968102E-06    5.968102E-06
   5.968102E-06    5.968102E-06    5.968102E-06    5.968102E-06    5.968102E-06    5.968102E-06    5.968102E-06    5.968102E-06    5.968102E-06    5.968102E-06    5.968102E-06    5.968102E-06    5.968102E-06    5.968102E-06    5.968102E-06    5.968102E-06    5.968102E-06    5.968102E-06    5.968102E-06    5.968102E-06
   5.968102E-06    5.968102E-06    5.968102E-06    5.968102E-06    5.968102E-06    5.968102E-06    5.968102E-06    5.968102E-06    5.968102E-06    5.968102E-06    5.968102E-06    5.968102E-06    5.968102E-06    5.968102E-06    5.968102E-06    5.968102E-06    5.968102E-06    5.968102E-06    5.968102E-06    5.968102E-06
   5.968102E-06    5.968102E-06    5.968102E-06    5.968102E-06    5.968102E-06    5.968102E-06    5.968102E-06    5.968102E-06    5.968102E-06    5.968102E-06    5.968102E-06    5.968102E-06    5.968102E-06    5.968102E-06    5.968102E-06    5.968102E-06    5.968102E-06    5.968102E-06    5.968102E-06    5.968102E-06
   5.968102E-06    5.968102E-06    5.968102E-06    5.968102E-06    5.968102E-06    5.968102E-06    5.968102E-06    5.968102E-06    5.968102E-06    5.968102E-06    5.968102E-06    5.968102E-06    5.968102E-06    5.968102E-06    5.968102E-06    5.968102E-06    5.968102E-06    5.968102E-06    5.968102E-06    5.968102E-06
   5.968102E-06    5.968102E-06    5.968102E-06    5.968102E-06    5.968102E-06    5.968102E-06    5.968102E-06    5.968102E-06    5.968102E-06    5.968102E-06    5.968102E-06    5.968102E-06    5.968102E-06    5.968102E-06    5.968102E-06    5.968102E-06    5.968102E-06    5.968102E-06    5.968102E-06    5.968102E-06
   5.968102E-06    5.968102E-06    5.968102E-06    5.968102E-06    5.968102E-06    5.968102E-06    5.968102E-06    5.968102E-06    5.968102E-06    5.968102E-06    5.968102E-06    5.968102E-06    5.968102E-06    5.968102E-06    5.968102E-06    5.968102E-06    5.968102E-06    5.968102E-06    5.968102E-06    5.968102E-06
   5.968102E-06    5.968102E-06    5.968102E-06    5.968102E-06    5.968102E-06    5.968102E-06    5.968102E-06    5.968102E-06    5.968102E-06    5.968102E-06    5.968102E-06    5.968102E-06    5.968102E-06    5.968102E-06    5.968102E-06    5.968102E-06    5.968102E-06    5.968102E-06    5.968102E-06    5.968102E-06
   5.846935E-06    5.968102E-06    5.968102E-06    5.968102E-06    5.968102E-06    5.968102E-06    5.968102E-06    5.968102E-06    5.968102E-06    5.968102E-06    5.968102E-06    5.968102E-06    5.968102E-06    5.968102E-06    5.968102E-06    5.968102E-06    5.968102E-06    5.968102E-06    5.968102E-06    5.968102E-06
   5.846935E-06    5.846935E-06    5.968102E-06    5.968102E-06    5.968102E-06    5.968102E-06    5.968102E-06    5.968102E-06    5.968102E-06    5.968102E-06    5.968102E-06    5.968102E-06    5.968102E-06    5.968102E-06    5.968102E-06    5.968102E-06    5.968102E-06    5.968102E-06    5.968102E-06    5.968102E-06
   5.846935E-06    5.846935E-06    5.846935E-06    5.968102E-06    5.968102E-06    5.968102E-06    5.968102E-06    5.968102E-06    5.968102E-06    5.968102E-06    5.968102E-06    5.968102E-06    5.968102E-06    5.968102E-06    5.968102E-06    5.968102E-06    5.968102E-06    5.968102E-06    5.968102E-06    5.968102E-06
   5.846935E-06    5.846935E-06    5.846935E-06    5.846935E-06    5.968102E-06    5.968102E-06    5.968102E-06    5.968102E-06    5.968102E-06    5.968102E-06    5.968102E-06    5.968102E-06    5.968102E-06    5.968102E-06    5.968102E-06    5.968102E-06    5.968102E-06    5.968102E-06    5.968102E-06    5.846935E-06
   5.846935E-06    5.846935E-06    5.846935E-06    5.846935E-06    5.968102E-06    5.968102E-06    5.968102E-06    5.968102E-06    5.968102E-06    5.968102E-06    5.968102E-06    5.968102E-06    5.968102E-06    5.968102E-06    5.968102E-06    5.968102E-06    5.968102E-06    5.968102E-06    5.968102E-06    5.846935E-06
   5.846935E-06    5.846935E-06    5.846935E-06    5.846935E-06    5.846935E-06    5.968102E-06    5.968102E-06    5.968102E-06    5.968102E-06    5.968102E-06    5.968102E-06    5.968102E-06    5.968102E-06    5.968102E-06    5.968102E-06    5.968102E-06    5.968102E-06    5.968102E-06    5.846935E-06    5.846935E-06
   5.846935E-06    5.846935E-06    5.846935E-06    5.846935E-06    5.846935E-06    5.968102E-06    5.968102E-06    5.968102E-06    5.968102E-06    5.968102E-06    5.968102E-06    5.968102E-06    5.968102E-06    5.968102E-06    5.968102E-06    5.968102E-06    5.968102E-06    5.846935E-06    5.846935E-06    5.846935E-06
   5.846935E-06    5.846935E-06    5.846935E-06    5.846935E-06    5.846935E-06    5.968102E-06    5.968102E-06    5.968102E-06    5.968102E-06    5.968102E-06    5.968102E-06    5.968102E-06    5.968102E-06    5.968102E-06    5.968102E-06    5.968102E-06    5.846935E-06    5.846935E-06    5.846935E-06    5.846935E-06
