   1.195736E-04    1.195736E-04    1.195736E-04    1.195736E-04    1.195736E-04    1.195736E-04    1.195736E-04    1.195736E-04    1.195736E-04    1.195736E-04    1.195736E-04    1.195736E-04    1.195736E-04    1.195736E-04    1.195736E-04    1.195736E-04    1.195736E-04    1.195736E-04    1.195736E-04    1.195736E-04
   1.195736E-04    1.195736E-04    1.195736E-04    1.195736E-04    1.195736E-04    1.195736E-04    1.195736E-04    1.195736E-04    1.195736E-04    1.195736E-04    1.195736E-04    1.195736E-04    1.195736E-04    1.195736E-04    1.195736E-04    1.195736E-04    1.195736E-04    1.195736E-04    1.195736E-04    1.195736E-04
   1.195736E-04    1.195736E-04    1.195736E-04    1.195736E-04    1.195736E-04    1.195736E-04    1.195736E-04    1.195736E-04    1.195736E-04    1.195736E-04    1.195736E-04    1.195736E-04    1.195736E-04    1.195736E-04    1.195736E-04    1.195736E-04    1.195736E-04    1.195736E-04    1.195736E-04    1.195736E-04
   1.195736E-04    1.195736E-04    1.195736E-04    1.195736E-04    1.195736E-04    1.195736E-04    1.195736E-04    1.195736E-04    1.195736E-04    1.195736E-04    1.195736E-04    1.195736E-04    1.195736E-04    1.195736E-04    1.195736E-04    1.195736E-04    1.195736E-04    1.195736E-04    1.195736E-04    1.195736E-04
   1.195736E-04    1.195736E-04    1.195736E-04    1.195736E-04    1.195736E-04    1.195736E-04    1.195736E-04    1.195736E-04    1.195736E-04    1.195736E-04    1.195736E-04    1.195736E-04    1.195736E-04    1.195736E-04    1.195736E-04    1.195736E-04    1.195736E-04    1.195736E-04    1.195736E-04    1.195736E-04
   1.195736E-04    1.195736E-04    1.195736E-04    1.195736E-04    1.195736E-04    1.195736E-04    1.195736E-04    1.195736E-04    1.195736E-04    1.195736E-04    1.195736E-04    1.195736E-04    1.195736E-04    1.195736E-04    1.195736E-04    1.195736E-04    1.195736E-04    1.195736E-04    1.195736E-04    1.195736E-04
   1.195736E-04    1.195736E-04    1.195736E-04    1.195736E-04    1.195736E-04    1.195736E-04    1.195736E-04    1.195736E-04    1.195736E-04    1.195736E-04    1.195736E-04    1.195736E-04    1.195736E-04    1.195736E-04    1.195736E-04    1.195736E-04    1.195736E-04    1.195736E-04    1.195736E-04    1.195736E-04
   1.195736E-04    1.195736E-04    1.195736E-04    1.195736E-04    1.195736E-04    1.195736E-04    1.195736E-04    1.195736E-04    1.195736E-04    1.195736E-04    1.195736E-04    1.195736E-04    1.195736E-04    1.195736E-04    1.195736E-04    1.195736E-04    1.195736E-04    1.195736E-04    1.195736E-04    1.195736E-04
   1.195736E-04    1.195736E-04    1.195736E-04    1.195736E-04    1.209585E-04    1.209585E-04    1.209585E-04    1.195736E-04    1.195736E-04    1.195736E-04    1.195736E-04    1.195736E-04    1.195736E-04    1.195736E-04    1.195736E-04    1.195736E-04    1.195736E-04    1.195736E-04    1.195736E-04    1.195736E-04
   1.195736E-04    1.195736E-04    1.195736E-04    1.195736E-04    1.209585E-04    1.209585E-04    1.209585E-04    1.209585E-04    1.195736E-04    1.195736E-04    1.195736E-04    1.195736E-04    1.195736E-04    1.195736E-04    1.195736E-04    1.195736E-04    1.195736E-04    1.195736E-04    1.195736E-04    1.195736E-04
   1.195736E-04    1.195736E-04    1.195736E-04    1.195736E-04    1.209585E-04    1.209585E-04    1.209585E-04    1.209585E-04    1.195736E-04    1.195736E-04    1.195736E-04    1.195736E-04    1.195736E-04    1.195736E-04    1.195736E-04    1.195736E-04    1.195736E-04    1.195736E-04    1.195736E-04    1.195736E-04
   1.195736E-04    1.195736E-04    1.195736E-04    1.195736E-04    1.209585E-04    1.209585E-04    1.209585E-04    1.209585E-04    1.195736E-04    1.195736E-04    1.195736E-04    1.195736E-04    1.195736E-04    1.195736E-04    1.195736E-04    1.195736E-04    1.195736E-04    1.195736E-04    1.195736E-04    1.195736E-04
   1.195736E-04    1.195736E-04    1.195736E-04    1.195736E-04    1.209585E-04    1.209585E-04    1.209585E-04    1.209585E-04    1.195736E-04    1.195736E-04    1.195736E-04    1.195736E-04    1.195736E-04    1.195736E-04    1.195736E-04    1.195736E-04    1.195736E-04    1.195736E-04    1.195736E-04    1.195736E-04
   1.195736E-04    1.195736E-04    1.195736E-04    1.195736E-04    1.209585E-04    1.209585E-04    1.209585E-04    1.209585E-04    1.195736E-04    1.195736E-04    1.195736E-04    1.195736E-04    1.195736E-04    1.195736E-04    1.195736E-04    1.195736E-04    1.195736E-04    1.195736E-04    1.195736E-04    1.195736E-04
   1.195736E-04    1.195736E-04    1.195736E-04    1.195736E-04    1.209585E-04    1.209585E-04    1.209585E-04    1.209585E-04    1.195736E-04    1.195736E-04    1.195736E-04    1.195736E-04    1.195736E-04    1.195736E-04    1.195736E-04    1.195736E-04    1.195736E-04    1.195736E-04    1.195736E-04    1.195736E-04
   1.195736E-04    1.195736E-04    1.195736E-04    1.195736E-04    1.209585E-04    1.209585E-04    1.209585E-04    1.209585E-04    1.195736E-04    1.195736E-04    1.195736E-04    1.195736E-04    1.195736E-04    1.195736E-04    1.195736E-04    1.195736E-04    1.195736E-04    1.195736E-04    1.195736E-04    1.195736E-04
   1.195736E-04    1.195736E-04    1.195736E-04    1.195736E-04    1.209585E-04    1.209585E-04    1.209585E-04    1.209585E-04    1.195736E-04    1.195736E-04    1.195736E-04    1.195736E-04    1.195736E-04    1.195736E-04    1.195736E-04    1.195736E-04    1.195736E-04    1.195736E-04    1.195736E-04    1.195736E-04
   1.195736E-04    1.195736E-04    1.195736E-04    1.195736E-04    1.209585E-04    1.209585E-04    1.209585E-04    1.209585E-04    1.195736E-04    1.195736E-04    1.195736E-04    1.195736E-04    1.195736E-04    1.195736E-04    1.195736E-04    1.195736E-04    1.195736E-04    1.195736E-04    1.195736E-04    1.195736E-04
   1.195736E-04    1.195736E-04    1.195736E-04    1.195736E-04    1.209585E-04    1.209585E-04    1.209585E-04    1.209585E-04    1.195736E-04    1.195736E-04    1.195736E-04    1.195736E-04    1.195736E-04    1.195736E-04    1.195736E-04    1.195736E-04    1.195736E-04    1.195736E-04    1.195736E-04    1.195736E-04
   1.195736E-04    1.195736E-04    1.195736E-04    1.195736E-04    1.209585E-04    1.209585E-04    1.209585E-04    1.209585E-04    1.195736E-04    1.195736E-04    1.195736E-04    1.195736E-04    1.195736E-04    1.195736E-04    1.195736E-04    1.195736E-04    1.195736E-04    1.195736E-04    1.195736E-04    1.195736E-04
   1.195736E-04    1.195736E-04    1.195736E-04    1.195736E-04    1.209585E-04    1.209585E-04    1.209585E-04    1.209585E-04    1.195736E-04    1.195736E-04    1.195736E-04    1.195736E-04    1.195736E-04    1.195736E-04    1.195736E-04    1.195736E-04    1.195736E-04    1.195736E-04    1.195736E-04    1.195736E-04
   1.195736E-04    1.195736E-04    1.195736E-04    1.195736E-04    1.209585E-04    1.209585E-04    1.195736E-04    1.195736E-04    1.195736E-04    1.195736E-04    1.195736E-04    1.195736E-04    1.195736E-04    1.195736E-04    1.195736E-04    1.195736E-04    1.195736E-04    1.195736E-04    1.195736E-04    1.195736E-04
   1.195736E-04    1.195736E-04    1.195736E-04    1.195736E-04    1.195736E-04    1.209585E-04    1.195736E-04    1.195736E-04    1.195736E-04    1.195736E-04    1.195736E-04    1.195736E-04    1.195736E-04    1.195736E-04    1.195736E-04    1.195736E-04    1.195736E-04    1.195736E-04    1.195736E-04    1.195736E-04
   1.195736E-04    1.195736E-04    1.195736E-04    1.195736E-04    1.195736E-04    1.195736E-04    1.195736E-04    1.195736E-04    1.195736E-04    1.195736E-04    1.195736E-04    1.195736E-04    1.195736E-04    1.195736E-04    1.195736E-04    1.195736E-04    1.195736E-04    1.195736E-04    1.195736E-04    1.195736E-04
   1.195736E-04    1.195736E-04    1.195736E-04    1.195736E-04    1.195736E-04    1.195736E-04    1.195736E-04    1.195736E-04    1.195736E-04    1.195736E-04    1.195736E-04    1.195736E-04    1.195736E-04    1.195736E-04    1.195736E-04    1.195736E-04    1.195736E-04    1.195736E-04    1.195736E-04    1.195736E-04
   1.195736E-04    1.195736E-04    1.195736E-04    1.195736E-04    1.195736E-04    1.195736E-04    1.195736E-04    1.195736E-04    1.195736E-04    1.195736E-04    1.195736E-04    1.195736E-04    1.195736E-04    1.195736E-04    1.195736E-04    1.195736E-04    1.195736E-04    1.195736E-04    1.195736E-04    1.195736E-04
   1.195736E-04    1.195736E-04    1.195736E-04    1.195736E-04    1.195736E-04    1.195736E-04    1.195736E-04    1.195736E-04    1.195736E-04    1.195736E-04    1.195736E-04    1.195736E-04    1.195736E-04    1.195736E-04    1.195736E-04    1.195736E-04    1.195736E-04    1.195736E-04    1.195736E-04    1.195736E-04
   1.195736E-04    1.195736E-04    1.195736E-04    1.195736E-04    1.195736E-04    1.195736E-04    1.195736E-04    1.195736E-04    1.195736E-04    1.195736E-04    1.195736E-04    1.195736E-04    1.195736E-04    1.195736E-04    1.195736E-04    1.195736E-04    1.195736E-04    1.195736E-04    1.195736E-04    1.195736E-04
   1.195736E-04    1.195736E-04    1.195736E-04    1.195736E-04    1.195736E-04    1.195736E-04    1.195736E-04    1.195736E-04    1.195736E-04    1.195736E-04    1.195736E-04    1.195736E-04    1.195736E-04    1.195736E-04    1.195736E-04    1.195736E-04    1.195736E-04    1.195736E-04    1.195736E-04    1.195736E-04
   1.195736E-04    1.195736E-04    1.195736E-04    1.195736E-04    1.195736E-04    1.195736E-04    1.195736E-04    1.195736E-04    1.195736E-04    1.195736E-04    1.195736E-04    1.195736E-04    1.195736E-04    1.195736E-04    1.195736E-04    1.195736E-04    1.195736E-04    1.195736E-04    1.195736E-04    1.195736E-04
   1.195736E-04    1.195736E-04    1.195736E-04    1.195736E-04    1.195736E-04    1.195736E-04    1.195736E-04    1.195736E-04    1.195736E-04    1.195736E-04    1.195736E-04    1.195736E-04    1.195736E-04    1.195736E-04    1.195736E-04    1.195736E-04    1.195736E-04    1.195736E-04    1.195736E-04    1.195736E-04
   1.195736E-04    1.195736E-04    1.195736E-04    1.195736E-04    1.195736E-04    1.195736E-04    1.195736E-04    1.195736E-04    1.195736E-04    1.195736E-04    1.195736E-04    1.195736E-04    1.195736E-04    1.195736E-04    1.195736E-04    1.195736E-04    1.195736E-04    1.195736E-04    1.195736E-04    1.195736E-04
   1.209585E-04    1.195736E-04    1.195736E-04    1.195736E-04    1.195736E-04    1.195736E-04    1.195736E-04    1.195736E-04    1.195736E-04    1.195736E-04    1.195736E-04    1.195736E-04    1.195736E-04    1.195736E-04    1.195736E-04    1.195736E-04    1.195736E-04    1.195736E-04    1.195736E-04    1.195736E-04
   1.209585E-04    1.209585E-04    1.195736E-04    1.195736E-04    1.195736E-04    1.195736E-04    1.195736E-04    1.195736E-04    1.195736E-04    1.195736E-04    1.195736E-04    1.195736E-04    1.195736E-04    1.195736E-04    1.195736E-04    1.195736E-04    1.195736E-04    1.195736E-04    1.195736E-04    1.195736E-04
   1.209585E-04    1.209585E-04    1.209585E-04    1.195736E-04    1.195736E-04    1.195736E-04    1.195736E-04    1.195736E-04    1.195736E-04    1.195736E-04    1.195736E-04    1.195736E-04    1.195736E-04    1.195736E-04    1.195736E-04    1.195736E-04    1.195736E-04    1.195736E-04    1.195736E-04    1.195736E-04
   1.209585E-04    1.209585E-04    1.209585E-04    1.209585E-04    1.195736E-04    1.195736E-04    1.195736E-04    1.195736E-04    1.195736E-04    1.195736E-04    1.195736E-04    1.195736E-04    1.195736E-04    1.195736E-04    1.195736E-04    1.195736E-04    1.195736E-04    1.195736E-04    1.195736E-04    1.209585E-04
   1.209585E-04    1.209585E-04    1.209585E-04    1.209585E-04    1.195736E-04    1.195736E-04    1.195736E-04    1.195736E-04    1.195736E-04    1.195736E-04    1.195736E-04    1.195736E-04    1.195736E-04    1.195736E-04    1.195736E-04    1.195736E-04    1.195736E-04    1.195736E-04    1.195736E-04    1.209585E-04
   1.209585E-04    1.209585E-04    1.209585E-04    1.209585E-04    1.209585E-04    1.195736E-04    1.195736E-04    1.195736E-04    1.195736E-04    1.195736E-04    1.195736E-04    1.195736E-04    1.195736E-04    1.195736E-04    1.195736E-04    1.195736E-04    1.195736E-04    1.195736E-04    1.209585E-04    1.209585E-04
   1.209585E-04    1.209585E-04    1.209585E-04    1.209585E-04    1.209585E-04    1.195736E-04    1.195736E-04    1.195736E-04    1.195736E-04    1.195736E-04    1.195736E-04    1.195736E-04    1.195736E-04    1.195736E-04    1.195736E-04    1.195736E-04    1.195736E-04    1.209585E-04    1.209585E-04    1.209585E-04
   1.209585E-04    1.209585E-04    1.209585E-04    1.209585E-04    1.209585E-04    1.195736E-04    1.195736E-04    1.195736E-04    1.195736E-04    1.195736E-04    1.195736E-04    1.195736E-04    1.195736E-04    1.195736E-04    1.195736E-04    1.195736E-04    1.209585E-04    1.209585E-04    1.209585E-04    1.209585E-04
