   5.977058E-05    5.977058E-05    5.977058E-05    5.977058E-05    5.977058E-05    5.977058E-05    5.977058E-05    5.977058E-05    5.977058E-05    5.977058E-05    5.977058E-05    5.977058E-05    5.977058E-05    5.977058E-05    5.977058E-05    5.977058E-05    5.977058E-05    5.977058E-05    5.977058E-05    5.977058E-05
   5.977058E-05    5.977058E-05    5.977058E-05    5.977058E-05    5.977058E-05    5.977058E-05    5.977058E-05    5.977058E-05    5.977058E-05    5.977058E-05    5.977058E-05    5.977058E-05    5.977058E-05    5.977058E-05    5.977058E-05    5.977058E-05    5.977058E-05    5.977058E-05    5.977058E-05    5.977058E-05
   5.977058E-05    5.977058E-05    5.977058E-05    5.977058E-05    5.977058E-05    5.977058E-05    5.977058E-05    5.977058E-05    5.977058E-05    5.977058E-05    5.977058E-05    5.977058E-05    5.977058E-05    5.977058E-05    5.977058E-05    5.977058E-05    5.977058E-05    5.977058E-05    5.977058E-05    5.977058E-05
   5.977058E-05    5.977058E-05    5.977058E-05    5.977058E-05    5.977058E-05    5.977058E-05    5.977058E-05    5.977058E-05    5.977058E-05    5.977058E-05    5.977058E-05    5.977058E-05    5.977058E-05    5.977058E-05    5.977058E-05    5.977058E-05    5.977058E-05    5.977058E-05    5.977058E-05    5.977058E-05
   5.977058E-05    5.977058E-05    5.977058E-05    5.977058E-05    5.977058E-05    5.977058E-05    5.977058E-05    5.977058E-05    5.977058E-05    5.977058E-05    5.977058E-05    5.977058E-05    5.977058E-05    5.977058E-05    5.977058E-05    5.977058E-05    5.977058E-05    5.977058E-05    5.977058E-05    5.977058E-05
   5.977058E-05    5.977058E-05    5.977058E-05    5.977058E-05    5.977058E-05    5.977058E-05    5.977058E-05    5.977058E-05    5.977058E-05    5.977058E-05    5.977058E-05    5.977058E-05    5.977058E-05    5.977058E-05    5.977058E-05    5.977058E-05    5.977058E-05    5.977058E-05    5.977058E-05    5.977058E-05
   5.977058E-05    5.977058E-05    5.977058E-05    5.977058E-05    5.977058E-05    5.977058E-05    5.977058E-05    5.977058E-05    5.977058E-05    5.977058E-05    5.977058E-05    5.977058E-05    5.977058E-05    5.977058E-05    5.977058E-05    5.977058E-05    5.977058E-05    5.977058E-05    5.977058E-05    5.977058E-05
   5.977058E-05    5.977058E-05    5.977058E-05    5.977058E-05    5.977058E-05    5.977058E-05    5.977058E-05    5.977058E-05    5.977058E-05    5.977058E-05    5.977058E-05    5.977058E-05    5.977058E-05    5.977058E-05    5.977058E-05    5.977058E-05    5.977058E-05    5.977058E-05    5.977058E-05    5.977058E-05
   5.977058E-05    5.977058E-05    5.977058E-05    5.977058E-05    6.214915E-05    6.214915E-05    6.214915E-05    5.977058E-05    5.977058E-05    5.977058E-05    5.977058E-05    5.977058E-05    5.977058E-05    5.977058E-05    5.977058E-05    5.977058E-05    5.977058E-05    5.977058E-05    5.977058E-05    5.977058E-05
   5.977058E-05    5.977058E-05    5.977058E-05    5.977058E-05    6.214915E-05    6.214915E-05    6.214915E-05    6.214915E-05    5.977058E-05    5.977058E-05    5.977058E-05    5.977058E-05    5.977058E-05    5.977058E-05    5.977058E-05    5.977058E-05    5.977058E-05    5.977058E-05    5.977058E-05    5.977058E-05
   5.977058E-05    5.977058E-05    5.977058E-05    5.977058E-05    6.214915E-05    6.214915E-05    6.214915E-05    6.214915E-05    5.977058E-05    5.977058E-05    5.977058E-05    5.977058E-05    5.977058E-05    5.977058E-05    5.977058E-05    5.977058E-05    5.977058E-05    5.977058E-05    5.977058E-05    5.977058E-05
   5.977058E-05    5.977058E-05    5.977058E-05    5.977058E-05    6.214915E-05    6.214915E-05    6.214915E-05    6.214915E-05    5.977058E-05    5.977058E-05    5.977058E-05    5.977058E-05    5.977058E-05    5.977058E-05    5.977058E-05    5.977058E-05    5.977058E-05    5.977058E-05    5.977058E-05    5.977058E-05
   5.977058E-05    5.977058E-05    5.977058E-05    5.977058E-05    6.214915E-05    6.214915E-05    6.214915E-05    6.214915E-05    5.977058E-05    5.977058E-05    5.977058E-05    5.977058E-05    5.977058E-05    5.977058E-05    5.977058E-05    5.977058E-05    5.977058E-05    5.977058E-05    5.977058E-05    5.977058E-05
   5.977058E-05    5.977058E-05    5.977058E-05    5.977058E-05    6.214915E-05    6.214915E-05    6.214915E-05    6.214915E-05    5.977058E-05    5.977058E-05    5.977058E-05    5.977058E-05    5.977058E-05    5.977058E-05    5.977058E-05    5.977058E-05    5.977058E-05    5.977058E-05    5.977058E-05    5.977058E-05
   5.977058E-05    5.977058E-05    5.977058E-05    5.977058E-05    6.214915E-05    6.214915E-05    6.214915E-05    6.214915E-05    5.977058E-05    5.977058E-05    5.977058E-05    5.977058E-05    5.977058E-05    5.977058E-05    5.977058E-05    5.977058E-05    5.977058E-05    5.977058E-05    5.977058E-05    5.977058E-05
   5.977058E-05    5.977058E-05    5.977058E-05    5.977058E-05    6.214915E-05    6.214915E-05    6.214915E-05    6.214915E-05    5.977058E-05    5.977058E-05    5.977058E-05    5.977058E-05    5.977058E-05    5.977058E-05    5.977058E-05    5.977058E-05    5.977058E-05    5.977058E-05    5.977058E-05    5.977058E-05
   5.977058E-05    5.977058E-05    5.977058E-05    5.977058E-05    6.214915E-05    6.214915E-05    6.214915E-05    6.214915E-05    5.977058E-05    5.977058E-05    5.977058E-05    5.977058E-05    5.977058E-05    5.977058E-05    5.977058E-05    5.977058E-05    5.977058E-05    5.977058E-05    5.977058E-05    5.977058E-05
   5.977058E-05    5.977058E-05    5.977058E-05    5.977058E-05    6.214915E-05    6.214915E-05    6.214915E-05    6.214915E-05    5.977058E-05    5.977058E-05    5.977058E-05    5.977058E-05    5.977058E-05    5.977058E-05    5.977058E-05    5.977058E-05    5.977058E-05    5.977058E-05    5.977058E-05    5.977058E-05
   5.977058E-05    5.977058E-05    5.977058E-05    5.977058E-05    6.214915E-05    6.214915E-05    6.214915E-05    6.214915E-05    5.977058E-05    5.977058E-05    5.977058E-05    5.977058E-05    5.977058E-05    5.977058E-05    5.977058E-05    5.977058E-05    5.977058E-05    5.977058E-05    5.977058E-05    5.977058E-05
   5.977058E-05    5.977058E-05    5.977058E-05    5.977058E-05    6.214915E-05    6.214915E-05    6.214915E-05    6.214915E-05    5.977058E-05    5.977058E-05    5.977058E-05    5.977058E-05    5.977058E-05    5.977058E-05    5.977058E-05    5.977058E-05    5.977058E-05    5.977058E-05    5.977058E-05    5.977058E-05
   5.977058E-05    5.977058E-05    5.977058E-05    5.977058E-05    6.214915E-05    6.214915E-05    6.214915E-05    6.214915E-05    5.977058E-05    5.977058E-05    5.977058E-05    5.977058E-05    5.977058E-05    5.977058E-05    5.977058E-05    5.977058E-05    5.977058E-05    5.977058E-05    5.977058E-05    5.977058E-05
   5.977058E-05    5.977058E-05    5.977058E-05    5.977058E-05    6.214915E-05    6.214915E-05    5.977058E-05    5.977058E-05    5.977058E-05    5.977058E-05    5.977058E-05    5.977058E-05    5.977058E-05    5.977058E-05    5.977058E-05    5.977058E-05    5.977058E-05    5.977058E-05    5.977058E-05    5.977058E-05
   5.977058E-05    5.977058E-05    5.977058E-05    5.977058E-05    5.977058E-05    6.214915E-05    5.977058E-05    5.977058E-05    5.977058E-05    5.977058E-05    5.977058E-05    5.977058E-05    5.977058E-05    5.977058E-05    5.977058E-05    5.977058E-05    5.977058E-05    5.977058E-05    5.977058E-05    5.977058E-05
   5.977058E-05    5.977058E-05    5.977058E-05    5.977058E-05    5.977058E-05    5.977058E-05    5.977058E-05    5.977058E-05    5.977058E-05    5.977058E-05    5.977058E-05    5.977058E-05    5.977058E-05    5.977058E-05    5.977058E-05    5.977058E-05    5.977058E-05    5.977058E-05    5.977058E-05    5.977058E-05
   5.977058E-05    5.977058E-05    5.977058E-05    5.977058E-05    5.977058E-05    5.977058E-05    5.977058E-05    5.977058E-05    5.977058E-05    5.977058E-05    5.977058E-05    5.977058E-05    5.977058E-05    5.977058E-05    5.977058E-05    5.977058E-05    5.977058E-05    5.977058E-05    5.977058E-05    5.977058E-05
   5.977058E-05    5.977058E-05    5.977058E-05    5.977058E-05    5.977058E-05    5.977058E-05    5.977058E-05    5.977058E-05    5.977058E-05    5.977058E-05    5.977058E-05    5.977058E-05    5.977058E-05    5.977058E-05    5.977058E-05    5.977058E-05    5.977058E-05    5.977058E-05    5.977058E-05    5.977058E-05
   5.977058E-05    5.977058E-05    5.977058E-05    5.977058E-05    5.977058E-05    5.977058E-05    5.977058E-05    5.977058E-05    5.977058E-05    5.977058E-05    5.977058E-05    5.977058E-05    5.977058E-05    5.977058E-05    5.977058E-05    5.977058E-05    5.977058E-05    5.977058E-05    5.977058E-05    5.977058E-05
   5.977058E-05    5.977058E-05    5.977058E-05    5.977058E-05    5.977058E-05    5.977058E-05    5.977058E-05    5.977058E-05    5.977058E-05    5.977058E-05    5.977058E-05    5.977058E-05    5.977058E-05    5.977058E-05    5.977058E-05    5.977058E-05    5.977058E-05    5.977058E-05    5.977058E-05    5.977058E-05
   5.977058E-05    5.977058E-05    5.977058E-05    5.977058E-05    5.977058E-05    5.977058E-05    5.977058E-05    5.977058E-05    5.977058E-05    5.977058E-05    5.977058E-05    5.977058E-05    5.977058E-05    5.977058E-05    5.977058E-05    5.977058E-05    5.977058E-05    5.977058E-05    5.977058E-05    5.977058E-05
   5.977058E-05    5.977058E-05    5.977058E-05    5.977058E-05    5.977058E-05    5.977058E-05    5.977058E-05    5.977058E-05    5.977058E-05    5.977058E-05    5.977058E-05    5.977058E-05    5.977058E-05    5.977058E-05    5.977058E-05    5.977058E-05    5.977058E-05    5.977058E-05    5.977058E-05    5.977058E-05
   5.977058E-05    5.977058E-05    5.977058E-05    5.977058E-05    5.977058E-05    5.977058E-05    5.977058E-05    5.977058E-05    5.977058E-05    5.977058E-05    5.977058E-05    5.977058E-05    5.977058E-05    5.977058E-05    5.977058E-05    5.977058E-05    5.977058E-05    5.977058E-05    5.977058E-05    5.977058E-05
   5.977058E-05    5.977058E-05    5.977058E-05    5.977058E-05    5.977058E-05    5.977058E-05    5.977058E-05    5.977058E-05    5.977058E-05    5.977058E-05    5.977058E-05    5.977058E-05    5.977058E-05    5.977058E-05    5.977058E-05    5.977058E-05    5.977058E-05    5.977058E-05    5.977058E-05    5.977058E-05
   6.214915E-05    5.977058E-05    5.977058E-05    5.977058E-05    5.977058E-05    5.977058E-05    5.977058E-05    5.977058E-05    5.977058E-05    5.977058E-05    5.977058E-05    5.977058E-05    5.977058E-05    5.977058E-05    5.977058E-05    5.977058E-05    5.977058E-05    5.977058E-05    5.977058E-05    5.977058E-05
   6.214915E-05    6.214915E-05    5.977058E-05    5.977058E-05    5.977058E-05    5.977058E-05    5.977058E-05    5.977058E-05    5.977058E-05    5.977058E-05    5.977058E-05    5.977058E-05    5.977058E-05    5.977058E-05    5.977058E-05    5.977058E-05    5.977058E-05    5.977058E-05    5.977058E-05    5.977058E-05
   6.214915E-05    6.214915E-05    6.214915E-05    5.977058E-05    5.977058E-05    5.977058E-05    5.977058E-05    5.977058E-05    5.977058E-05    5.977058E-05    5.977058E-05    5.977058E-05    5.977058E-05    5.977058E-05    5.977058E-05    5.977058E-05    5.977058E-05    5.977058E-05    5.977058E-05    5.977058E-05
   6.214915E-05    6.214915E-05    6.214915E-05    6.214915E-05    5.977058E-05    5.977058E-05    5.977058E-05    5.977058E-05    5.977058E-05    5.977058E-05    5.977058E-05    5.977058E-05    5.977058E-05    5.977058E-05    5.977058E-05    5.977058E-05    5.977058E-05    5.977058E-05    5.977058E-05    6.214915E-05
   6.214915E-05    6.214915E-05    6.214915E-05    6.214915E-05    5.977058E-05    5.977058E-05    5.977058E-05    5.977058E-05    5.977058E-05    5.977058E-05    5.977058E-05    5.977058E-05    5.977058E-05    5.977058E-05    5.977058E-05    5.977058E-05    5.977058E-05    5.977058E-05    5.977058E-05    6.214915E-05
   6.214915E-05    6.214915E-05    6.214915E-05    6.214915E-05    6.214915E-05    5.977058E-05    5.977058E-05    5.977058E-05    5.977058E-05    5.977058E-05    5.977058E-05    5.977058E-05    5.977058E-05    5.977058E-05    5.977058E-05    5.977058E-05    5.977058E-05    5.977058E-05    6.214915E-05    6.214915E-05
   6.214915E-05    6.214915E-05    6.214915E-05    6.214915E-05    6.214915E-05    5.977058E-05    5.977058E-05    5.977058E-05    5.977058E-05    5.977058E-05    5.977058E-05    5.977058E-05    5.977058E-05    5.977058E-05    5.977058E-05    5.977058E-05    5.977058E-05    6.214915E-05    6.214915E-05    6.214915E-05
   6.214915E-05    6.214915E-05    6.214915E-05    6.214915E-05    6.214915E-05    5.977058E-05    5.977058E-05    5.977058E-05    5.977058E-05    5.977058E-05    5.977058E-05    5.977058E-05    5.977058E-05    5.977058E-05    5.977058E-05    5.977058E-05    6.214915E-05    6.214915E-05    6.214915E-05    6.214915E-05
