   6.622424E-05    6.622424E-05    6.622424E-05    6.622424E-05    6.622424E-05    6.622424E-05    6.622424E-05    6.622424E-05    6.622424E-05    6.622424E-05    6.622424E-05    6.622424E-05    6.622424E-05    6.622424E-05    6.622424E-05    6.622424E-05    6.622424E-05    6.622424E-05    6.622424E-05    6.622424E-05
   6.622424E-05    6.622424E-05    6.622424E-05    6.622424E-05    6.622424E-05    6.622424E-05    6.622424E-05    6.622424E-05    6.622424E-05    6.622424E-05    6.622424E-05    6.622424E-05    6.622424E-05    6.622424E-05    6.622424E-05    6.622424E-05    6.622424E-05    6.622424E-05    6.622424E-05    6.622424E-05
   6.622424E-05    6.622424E-05    6.622424E-05    6.622424E-05    6.622424E-05    6.622424E-05    6.622424E-05    6.622424E-05    6.622424E-05    6.622424E-05    6.622424E-05    6.622424E-05    6.622424E-05    6.622424E-05    6.622424E-05    6.622424E-05    6.622424E-05    6.622424E-05    6.622424E-05    6.622424E-05
   6.622424E-05    6.622424E-05    6.622424E-05    6.622424E-05    6.622424E-05    6.622424E-05    6.622424E-05    6.622424E-05    6.622424E-05    6.622424E-05    6.622424E-05    6.622424E-05    6.622424E-05    6.622424E-05    6.622424E-05    6.622424E-05    6.622424E-05    6.622424E-05    6.622424E-05    6.622424E-05
   6.622424E-05    6.622424E-05    6.622424E-05    6.622424E-05    6.622424E-05    6.622424E-05    6.622424E-05    6.622424E-05    6.622424E-05    6.622424E-05    6.622424E-05    6.622424E-05    6.622424E-05    6.622424E-05    6.622424E-05    6.622424E-05    6.622424E-05    6.622424E-05    6.622424E-05    6.622424E-05
   6.622424E-05    6.622424E-05    6.622424E-05    6.622424E-05    6.622424E-05    6.622424E-05    6.622424E-05    6.622424E-05    6.622424E-05    6.622424E-05    6.622424E-05    6.622424E-05    6.622424E-05    6.622424E-05    6.622424E-05    6.622424E-05    6.622424E-05    6.622424E-05    6.622424E-05    6.622424E-05
   6.622424E-05    6.622424E-05    6.622424E-05    6.622424E-05    6.622424E-05    6.622424E-05    6.622424E-05    6.622424E-05    6.622424E-05    6.622424E-05    6.622424E-05    6.622424E-05    6.622424E-05    6.622424E-05    6.622424E-05    6.622424E-05    6.622424E-05    6.622424E-05    6.622424E-05    6.622424E-05
   6.622424E-05    6.622424E-05    6.622424E-05    6.622424E-05    6.622424E-05    6.622424E-05    6.622424E-05    6.622424E-05    6.622424E-05    6.622424E-05    6.622424E-05    6.622424E-05    6.622424E-05    6.622424E-05    6.622424E-05    6.622424E-05    6.622424E-05    6.622424E-05    6.622424E-05    6.622424E-05
   6.622424E-05    6.622424E-05    6.622424E-05    6.622424E-05    1.205089E-04    1.205089E-04    1.205089E-04    6.622424E-05    6.622424E-05    6.622424E-05    6.622424E-05    6.622424E-05    6.622424E-05    6.622424E-05    6.622424E-05    6.622424E-05    6.622424E-05    6.622424E-05    6.622424E-05    6.622424E-05
   6.622424E-05    6.622424E-05    6.622424E-05    6.622424E-05    1.205089E-04    1.205089E-04    1.205089E-04    1.205089E-04    6.622424E-05    6.622424E-05    6.622424E-05    6.622424E-05    6.622424E-05    6.622424E-05    6.622424E-05    6.622424E-05    6.622424E-05    6.622424E-05    6.622424E-05    6.622424E-05
   6.622424E-05    6.622424E-05    6.622424E-05    6.622424E-05    1.205089E-04    1.205089E-04    1.205089E-04    1.205089E-04    6.622424E-05    6.622424E-05    6.622424E-05    6.622424E-05    6.622424E-05    6.622424E-05    6.622424E-05    6.622424E-05    6.622424E-05    6.622424E-05    6.622424E-05    6.622424E-05
   6.622424E-05    6.622424E-05    6.622424E-05    6.622424E-05    1.205089E-04    1.205089E-04    1.205089E-04    1.205089E-04    6.622424E-05    6.622424E-05    6.622424E-05    6.622424E-05    6.622424E-05    6.622424E-05    6.622424E-05    6.622424E-05    6.622424E-05    6.622424E-05    6.622424E-05    6.622424E-05
   6.622424E-05    6.622424E-05    6.622424E-05    6.622424E-05    1.205089E-04    1.205089E-04    1.205089E-04    1.205089E-04    6.622424E-05    6.622424E-05    6.622424E-05    6.622424E-05    6.622424E-05    6.622424E-05    6.622424E-05    6.622424E-05    6.622424E-05    6.622424E-05    6.622424E-05    6.622424E-05
   6.622424E-05    6.622424E-05    6.622424E-05    6.622424E-05    1.205089E-04    1.205089E-04    1.205089E-04    1.205089E-04    6.622424E-05    6.622424E-05    6.622424E-05    6.622424E-05    6.622424E-05    6.622424E-05    6.622424E-05    6.622424E-05    6.622424E-05    6.622424E-05    6.622424E-05    6.622424E-05
   6.622424E-05    6.622424E-05    6.622424E-05    6.622424E-05    1.205089E-04    1.205089E-04    1.205089E-04    1.205089E-04    6.622424E-05    6.622424E-05    6.622424E-05    6.622424E-05    6.622424E-05    6.622424E-05    6.622424E-05    6.622424E-05    6.622424E-05    6.622424E-05    6.622424E-05    6.622424E-05
   6.622424E-05    6.622424E-05    6.622424E-05    6.622424E-05    1.205089E-04    1.205089E-04    1.205089E-04    1.205089E-04    6.622424E-05    6.622424E-05    6.622424E-05    6.622424E-05    6.622424E-05    6.622424E-05    6.622424E-05    6.622424E-05    6.622424E-05    6.622424E-05    6.622424E-05    6.622424E-05
   6.622424E-05    6.622424E-05    6.622424E-05    6.622424E-05    1.205089E-04    1.205089E-04    1.205089E-04    1.205089E-04    6.622424E-05    6.622424E-05    6.622424E-05    6.622424E-05    6.622424E-05    6.622424E-05    6.622424E-05    6.622424E-05    6.622424E-05    6.622424E-05    6.622424E-05    6.622424E-05
   6.622424E-05    6.622424E-05    6.622424E-05    6.622424E-05    1.205089E-04    1.205089E-04    1.205089E-04    1.205089E-04    6.622424E-05    6.622424E-05    6.622424E-05    6.622424E-05    6.622424E-05    6.622424E-05    6.622424E-05    6.622424E-05    6.622424E-05    6.622424E-05    6.622424E-05    6.622424E-05
   6.622424E-05    6.622424E-05    6.622424E-05    6.622424E-05    1.205089E-04    1.205089E-04    1.205089E-04    1.205089E-04    6.622424E-05    6.622424E-05    6.622424E-05    6.622424E-05    6.622424E-05    6.622424E-05    6.622424E-05    6.622424E-05    6.622424E-05    6.622424E-05    6.622424E-05    6.622424E-05
   6.622424E-05    6.622424E-05    6.622424E-05    6.622424E-05    1.205089E-04    1.205089E-04    1.205089E-04    1.205089E-04    6.622424E-05    6.622424E-05    6.622424E-05    6.622424E-05    6.622424E-05    6.622424E-05    6.622424E-05    6.622424E-05    6.622424E-05    6.622424E-05    6.622424E-05    6.622424E-05
   6.622424E-05    6.622424E-05    6.622424E-05    6.622424E-05    1.205089E-04    1.205089E-04    1.205089E-04    1.205089E-04    6.622424E-05    6.622424E-05    6.622424E-05    6.622424E-05    6.622424E-05    6.622424E-05    6.622424E-05    6.622424E-05    6.622424E-05    6.622424E-05    6.622424E-05    6.622424E-05
   6.622424E-05    6.622424E-05    6.622424E-05    6.622424E-05    1.205089E-04    1.205089E-04    6.622424E-05    6.622424E-05    6.622424E-05    6.622424E-05    6.622424E-05    6.622424E-05    6.622424E-05    6.622424E-05    6.622424E-05    6.622424E-05    6.622424E-05    6.622424E-05    6.622424E-05    6.622424E-05
   6.622424E-05    6.622424E-05    6.622424E-05    6.622424E-05    6.622424E-05    1.205089E-04    6.622424E-05    6.622424E-05    6.622424E-05    6.622424E-05    6.622424E-05    6.622424E-05    6.622424E-05    6.622424E-05    6.622424E-05    6.622424E-05    6.622424E-05    6.622424E-05    6.622424E-05    6.622424E-05
   6.622424E-05    6.622424E-05    6.622424E-05    6.622424E-05    6.622424E-05    6.622424E-05    6.622424E-05    6.622424E-05    6.622424E-05    6.622424E-05    6.622424E-05    6.622424E-05    6.622424E-05    6.622424E-05    6.622424E-05    6.622424E-05    6.622424E-05    6.622424E-05    6.622424E-05    6.622424E-05
   6.622424E-05    6.622424E-05    6.622424E-05    6.622424E-05    6.622424E-05    6.622424E-05    6.622424E-05    6.622424E-05    6.622424E-05    6.622424E-05    6.622424E-05    6.622424E-05    6.622424E-05    6.622424E-05    6.622424E-05    6.622424E-05    6.622424E-05    6.622424E-05    6.622424E-05    6.622424E-05
   6.622424E-05    6.622424E-05    6.622424E-05    6.622424E-05    6.622424E-05    6.622424E-05    6.622424E-05    6.622424E-05    6.622424E-05    6.622424E-05    6.622424E-05    6.622424E-05    6.622424E-05    6.622424E-05    6.622424E-05    6.622424E-05    6.622424E-05    6.622424E-05    6.622424E-05    6.622424E-05
   6.622424E-05    6.622424E-05    6.622424E-05    6.622424E-05    6.622424E-05    6.622424E-05    6.622424E-05    6.622424E-05    6.622424E-05    6.622424E-05    6.622424E-05    6.622424E-05    6.622424E-05    6.622424E-05    6.622424E-05    6.622424E-05    6.622424E-05    6.622424E-05    6.622424E-05    6.622424E-05
   6.622424E-05    6.622424E-05    6.622424E-05    6.622424E-05    6.622424E-05    6.622424E-05    6.622424E-05    6.622424E-05    6.622424E-05    6.622424E-05    6.622424E-05    6.622424E-05    6.622424E-05    6.622424E-05    6.622424E-05    6.622424E-05    6.622424E-05    6.622424E-05    6.622424E-05    6.622424E-05
   6.622424E-05    6.622424E-05    6.622424E-05    6.622424E-05    6.622424E-05    6.622424E-05    6.622424E-05    6.622424E-05    6.622424E-05    6.622424E-05    6.622424E-05    6.622424E-05    6.622424E-05    6.622424E-05    6.622424E-05    6.622424E-05    6.622424E-05    6.622424E-05    6.622424E-05    6.622424E-05
   6.622424E-05    6.622424E-05    6.622424E-05    6.622424E-05    6.622424E-05    6.622424E-05    6.622424E-05    6.622424E-05    6.622424E-05    6.622424E-05    6.622424E-05    6.622424E-05    6.622424E-05    6.622424E-05    6.622424E-05    6.622424E-05    6.622424E-05    6.622424E-05    6.622424E-05    6.622424E-05
   6.622424E-05    6.622424E-05    6.622424E-05    6.622424E-05    6.622424E-05    6.622424E-05    6.622424E-05    6.622424E-05    6.622424E-05    6.622424E-05    6.622424E-05    6.622424E-05    6.622424E-05    6.622424E-05    6.622424E-05    6.622424E-05    6.622424E-05    6.622424E-05    6.622424E-05    6.622424E-05
   6.622424E-05    6.622424E-05    6.622424E-05    6.622424E-05    6.622424E-05    6.622424E-05    6.622424E-05    6.622424E-05    6.622424E-05    6.622424E-05    6.622424E-05    6.622424E-05    6.622424E-05    6.622424E-05    6.622424E-05    6.622424E-05    6.622424E-05    6.622424E-05    6.622424E-05    6.622424E-05
   1.205089E-04    6.622424E-05    6.622424E-05    6.622424E-05    6.622424E-05    6.622424E-05    6.622424E-05    6.622424E-05    6.622424E-05    6.622424E-05    6.622424E-05    6.622424E-05    6.622424E-05    6.622424E-05    6.622424E-05    6.622424E-05    6.622424E-05    6.622424E-05    6.622424E-05    6.622424E-05
   1.205089E-04    1.205089E-04    6.622424E-05    6.622424E-05    6.622424E-05    6.622424E-05    6.622424E-05    6.622424E-05    6.622424E-05    6.622424E-05    6.622424E-05    6.622424E-05    6.622424E-05    6.622424E-05    6.622424E-05    6.622424E-05    6.622424E-05    6.622424E-05    6.622424E-05    6.622424E-05
   1.205089E-04    1.205089E-04    1.205089E-04    6.622424E-05    6.622424E-05    6.622424E-05    6.622424E-05    6.622424E-05    6.622424E-05    6.622424E-05    6.622424E-05    6.622424E-05    6.622424E-05    6.622424E-05    6.622424E-05    6.622424E-05    6.622424E-05    6.622424E-05    6.622424E-05    6.622424E-05
   1.205089E-04    1.205089E-04    1.205089E-04    1.205089E-04    6.622424E-05    6.622424E-05    6.622424E-05    6.622424E-05    6.622424E-05    6.622424E-05    6.622424E-05    6.622424E-05    6.622424E-05    6.622424E-05    6.622424E-05    6.622424E-05    6.622424E-05    6.622424E-05    6.622424E-05    1.205089E-04
   1.205089E-04    1.205089E-04    1.205089E-04    1.205089E-04    6.622424E-05    6.622424E-05    6.622424E-05    6.622424E-05    6.622424E-05    6.622424E-05    6.622424E-05    6.622424E-05    6.622424E-05    6.622424E-05    6.622424E-05    6.622424E-05    6.622424E-05    6.622424E-05    6.622424E-05    1.205089E-04
   1.205089E-04    1.205089E-04    1.205089E-04    1.205089E-04    1.205089E-04    6.622424E-05    6.622424E-05    6.622424E-05    6.622424E-05    6.622424E-05    6.622424E-05    6.622424E-05    6.622424E-05    6.622424E-05    6.622424E-05    6.622424E-05    6.622424E-05    6.622424E-05    1.205089E-04    1.205089E-04
   1.205089E-04    1.205089E-04    1.205089E-04    1.205089E-04    1.205089E-04    6.622424E-05    6.622424E-05    6.622424E-05    6.622424E-05    6.622424E-05    6.622424E-05    6.622424E-05    6.622424E-05    6.622424E-05    6.622424E-05    6.622424E-05    6.622424E-05    1.205089E-04    1.205089E-04    1.205089E-04
   1.205089E-04    1.205089E-04    1.205089E-04    1.205089E-04    1.205089E-04    6.622424E-05    6.622424E-05    6.622424E-05    6.622424E-05    6.622424E-05    6.622424E-05    6.622424E-05    6.622424E-05    6.622424E-05    6.622424E-05    6.622424E-05    1.205089E-04    1.205089E-04    1.205089E-04    1.205089E-04
