   1.648680E-04    1.648680E-04    1.648680E-04    1.648680E-04    1.648680E-04    1.648680E-04    1.648680E-04    1.648680E-04    1.648680E-04    1.648680E-04    1.648680E-04    1.648680E-04    1.648680E-04    1.648680E-04    1.648680E-04    1.648680E-04    1.648680E-04    1.648680E-04    1.648680E-04    1.648680E-04
   1.648680E-04    1.648680E-04    1.648680E-04    1.648680E-04    1.648680E-04    1.648680E-04    1.648680E-04    1.648680E-04    1.648680E-04    1.648680E-04    1.648680E-04    1.648680E-04    1.648680E-04    1.648680E-04    1.648680E-04    1.648680E-04    1.648680E-04    1.648680E-04    1.648680E-04    1.648680E-04
   1.648680E-04    1.648680E-04    1.648680E-04    1.648680E-04    1.648680E-04    1.648680E-04    1.648680E-04    1.648680E-04    1.648680E-04    1.648680E-04    1.648680E-04    1.648680E-04    1.648680E-04    1.648680E-04    1.648680E-04    1.648680E-04    1.648680E-04    1.648680E-04    1.648680E-04    1.648680E-04
   1.648680E-04    1.648680E-04    1.648680E-04    1.648680E-04    1.648680E-04    1.648680E-04    1.648680E-04    1.648680E-04    1.648680E-04    1.648680E-04    1.648680E-04    1.648680E-04    1.648680E-04    1.648680E-04    1.648680E-04    1.648680E-04    1.648680E-04    1.648680E-04    1.648680E-04    1.648680E-04
   1.648680E-04    1.648680E-04    1.648680E-04    1.648680E-04    1.648680E-04    1.648680E-04    1.648680E-04    1.648680E-04    1.648680E-04    1.648680E-04    1.648680E-04    1.648680E-04    1.648680E-04    1.648680E-04    1.648680E-04    1.648680E-04    1.648680E-04    1.648680E-04    1.648680E-04    1.648680E-04
   1.648680E-04    1.648680E-04    1.648680E-04    1.648680E-04    1.648680E-04    1.648680E-04    1.648680E-04    1.648680E-04    1.648680E-04    1.648680E-04    1.648680E-04    1.648680E-04    1.648680E-04    1.648680E-04    1.648680E-04    1.648680E-04    1.648680E-04    1.648680E-04    1.648680E-04    1.648680E-04
   1.648680E-04    1.648680E-04    1.648680E-04    1.648680E-04    1.648680E-04    1.648680E-04    1.648680E-04    1.648680E-04    1.648680E-04    1.648680E-04    1.648680E-04    1.648680E-04    1.648680E-04    1.648680E-04    1.648680E-04    1.648680E-04    1.648680E-04    1.648680E-04    1.648680E-04    1.648680E-04
   1.648680E-04    1.648680E-04    1.648680E-04    1.648680E-04    1.648680E-04    1.648680E-04    1.648680E-04    1.648680E-04    1.648680E-04    1.648680E-04    1.648680E-04    1.648680E-04    1.648680E-04    1.648680E-04    1.648680E-04    1.648680E-04    1.648680E-04    1.648680E-04    1.648680E-04    1.648680E-04
   1.648680E-04    1.648680E-04    1.648680E-04    1.648680E-04    1.446688E-04    1.446688E-04    1.446688E-04    1.648680E-04    1.648680E-04    1.648680E-04    1.648680E-04    1.648680E-04    1.648680E-04    1.648680E-04    1.648680E-04    1.648680E-04    1.648680E-04    1.648680E-04    1.648680E-04    1.648680E-04
   1.648680E-04    1.648680E-04    1.648680E-04    1.648680E-04    1.446688E-04    1.446688E-04    1.446688E-04    1.446688E-04    1.648680E-04    1.648680E-04    1.648680E-04    1.648680E-04    1.648680E-04    1.648680E-04    1.648680E-04    1.648680E-04    1.648680E-04    1.648680E-04    1.648680E-04    1.648680E-04
   1.648680E-04    1.648680E-04    1.648680E-04    1.648680E-04    1.446688E-04    1.446688E-04    1.446688E-04    1.446688E-04    1.648680E-04    1.648680E-04    1.648680E-04    1.648680E-04    1.648680E-04    1.648680E-04    1.648680E-04    1.648680E-04    1.648680E-04    1.648680E-04    1.648680E-04    1.648680E-04
   1.648680E-04    1.648680E-04    1.648680E-04    1.648680E-04    1.446688E-04    1.446688E-04    1.446688E-04    1.446688E-04    1.648680E-04    1.648680E-04    1.648680E-04    1.648680E-04    1.648680E-04    1.648680E-04    1.648680E-04    1.648680E-04    1.648680E-04    1.648680E-04    1.648680E-04    1.648680E-04
   1.648680E-04    1.648680E-04    1.648680E-04    1.648680E-04    1.446688E-04    1.446688E-04    1.446688E-04    1.446688E-04    1.648680E-04    1.648680E-04    1.648680E-04    1.648680E-04    1.648680E-04    1.648680E-04    1.648680E-04    1.648680E-04    1.648680E-04    1.648680E-04    1.648680E-04    1.648680E-04
   1.648680E-04    1.648680E-04    1.648680E-04    1.648680E-04    1.446688E-04    1.446688E-04    1.446688E-04    1.446688E-04    1.648680E-04    1.648680E-04    1.648680E-04    1.648680E-04    1.648680E-04    1.648680E-04    1.648680E-04    1.648680E-04    1.648680E-04    1.648680E-04    1.648680E-04    1.648680E-04
   1.648680E-04    1.648680E-04    1.648680E-04    1.648680E-04    1.446688E-04    1.446688E-04    1.446688E-04    1.446688E-04    1.648680E-04    1.648680E-04    1.648680E-04    1.648680E-04    1.648680E-04    1.648680E-04    1.648680E-04    1.648680E-04    1.648680E-04    1.648680E-04    1.648680E-04    1.648680E-04
   1.648680E-04    1.648680E-04    1.648680E-04    1.648680E-04    1.446688E-04    1.446688E-04    1.446688E-04    1.446688E-04    1.648680E-04    1.648680E-04    1.648680E-04    1.648680E-04    1.648680E-04    1.648680E-04    1.648680E-04    1.648680E-04    1.648680E-04    1.648680E-04    1.648680E-04    1.648680E-04
   1.648680E-04    1.648680E-04    1.648680E-04    1.648680E-04    1.446688E-04    1.446688E-04    1.446688E-04    1.446688E-04    1.648680E-04    1.648680E-04    1.648680E-04    1.648680E-04    1.648680E-04    1.648680E-04    1.648680E-04    1.648680E-04    1.648680E-04    1.648680E-04    1.648680E-04    1.648680E-04
   1.648680E-04    1.648680E-04    1.648680E-04    1.648680E-04    1.446688E-04    1.446688E-04    1.446688E-04    1.446688E-04    1.648680E-04    1.648680E-04    1.648680E-04    1.648680E-04    1.648680E-04    1.648680E-04    1.648680E-04    1.648680E-04    1.648680E-04    1.648680E-04    1.648680E-04    1.648680E-04
   1.648680E-04    1.648680E-04    1.648680E-04    1.648680E-04    1.446688E-04    1.446688E-04    1.446688E-04    1.446688E-04    1.648680E-04    1.648680E-04    1.648680E-04    1.648680E-04    1.648680E-04    1.648680E-04    1.648680E-04    1.648680E-04    1.648680E-04    1.648680E-04    1.648680E-04    1.648680E-04
   1.648680E-04    1.648680E-04    1.648680E-04    1.648680E-04    1.446688E-04    1.446688E-04    1.446688E-04    1.446688E-04    1.648680E-04    1.648680E-04    1.648680E-04    1.648680E-04    1.648680E-04    1.648680E-04    1.648680E-04    1.648680E-04    1.648680E-04    1.648680E-04    1.648680E-04    1.648680E-04
   1.648680E-04    1.648680E-04    1.648680E-04    1.648680E-04    1.446688E-04    1.446688E-04    1.446688E-04    1.446688E-04    1.648680E-04    1.648680E-04    1.648680E-04    1.648680E-04    1.648680E-04    1.648680E-04    1.648680E-04    1.648680E-04    1.648680E-04    1.648680E-04    1.648680E-04    1.648680E-04
   1.648680E-04    1.648680E-04    1.648680E-04    1.648680E-04    1.446688E-04    1.446688E-04    1.648680E-04    1.648680E-04    1.648680E-04    1.648680E-04    1.648680E-04    1.648680E-04    1.648680E-04    1.648680E-04    1.648680E-04    1.648680E-04    1.648680E-04    1.648680E-04    1.648680E-04    1.648680E-04
   1.648680E-04    1.648680E-04    1.648680E-04    1.648680E-04    1.648680E-04    1.446688E-04    1.648680E-04    1.648680E-04    1.648680E-04    1.648680E-04    1.648680E-04    1.648680E-04    1.648680E-04    1.648680E-04    1.648680E-04    1.648680E-04    1.648680E-04    1.648680E-04    1.648680E-04    1.648680E-04
   1.648680E-04    1.648680E-04    1.648680E-04    1.648680E-04    1.648680E-04    1.648680E-04    1.648680E-04    1.648680E-04    1.648680E-04    1.648680E-04    1.648680E-04    1.648680E-04    1.648680E-04    1.648680E-04    1.648680E-04    1.648680E-04    1.648680E-04    1.648680E-04    1.648680E-04    1.648680E-04
   1.648680E-04    1.648680E-04    1.648680E-04    1.648680E-04    1.648680E-04    1.648680E-04    1.648680E-04    1.648680E-04    1.648680E-04    1.648680E-04    1.648680E-04    1.648680E-04    1.648680E-04    1.648680E-04    1.648680E-04    1.648680E-04    1.648680E-04    1.648680E-04    1.648680E-04    1.648680E-04
   1.648680E-04    1.648680E-04    1.648680E-04    1.648680E-04    1.648680E-04    1.648680E-04    1.648680E-04    1.648680E-04    1.648680E-04    1.648680E-04    1.648680E-04    1.648680E-04    1.648680E-04    1.648680E-04    1.648680E-04    1.648680E-04    1.648680E-04    1.648680E-04    1.648680E-04    1.648680E-04
   1.648680E-04    1.648680E-04    1.648680E-04    1.648680E-04    1.648680E-04    1.648680E-04    1.648680E-04    1.648680E-04    1.648680E-04    1.648680E-04    1.648680E-04    1.648680E-04    1.648680E-04    1.648680E-04    1.648680E-04    1.648680E-04    1.648680E-04    1.648680E-04    1.648680E-04    1.648680E-04
   1.648680E-04    1.648680E-04    1.648680E-04    1.648680E-04    1.648680E-04    1.648680E-04    1.648680E-04    1.648680E-04    1.648680E-04    1.648680E-04    1.648680E-04    1.648680E-04    1.648680E-04    1.648680E-04    1.648680E-04    1.648680E-04    1.648680E-04    1.648680E-04    1.648680E-04    1.648680E-04
   1.648680E-04    1.648680E-04    1.648680E-04    1.648680E-04    1.648680E-04    1.648680E-04    1.648680E-04    1.648680E-04    1.648680E-04    1.648680E-04    1.648680E-04    1.648680E-04    1.648680E-04    1.648680E-04    1.648680E-04    1.648680E-04    1.648680E-04    1.648680E-04    1.648680E-04    1.648680E-04
   1.648680E-04    1.648680E-04    1.648680E-04    1.648680E-04    1.648680E-04    1.648680E-04    1.648680E-04    1.648680E-04    1.648680E-04    1.648680E-04    1.648680E-04    1.648680E-04    1.648680E-04    1.648680E-04    1.648680E-04    1.648680E-04    1.648680E-04    1.648680E-04    1.648680E-04    1.648680E-04
   1.648680E-04    1.648680E-04    1.648680E-04    1.648680E-04    1.648680E-04    1.648680E-04    1.648680E-04    1.648680E-04    1.648680E-04    1.648680E-04    1.648680E-04    1.648680E-04    1.648680E-04    1.648680E-04    1.648680E-04    1.648680E-04    1.648680E-04    1.648680E-04    1.648680E-04    1.648680E-04
   1.648680E-04    1.648680E-04    1.648680E-04    1.648680E-04    1.648680E-04    1.648680E-04    1.648680E-04    1.648680E-04    1.648680E-04    1.648680E-04    1.648680E-04    1.648680E-04    1.648680E-04    1.648680E-04    1.648680E-04    1.648680E-04    1.648680E-04    1.648680E-04    1.648680E-04    1.648680E-04
   1.446688E-04    1.648680E-04    1.648680E-04    1.648680E-04    1.648680E-04    1.648680E-04    1.648680E-04    1.648680E-04    1.648680E-04    1.648680E-04    1.648680E-04    1.648680E-04    1.648680E-04    1.648680E-04    1.648680E-04    1.648680E-04    1.648680E-04    1.648680E-04    1.648680E-04    1.648680E-04
   1.446688E-04    1.446688E-04    1.648680E-04    1.648680E-04    1.648680E-04    1.648680E-04    1.648680E-04    1.648680E-04    1.648680E-04    1.648680E-04    1.648680E-04    1.648680E-04    1.648680E-04    1.648680E-04    1.648680E-04    1.648680E-04    1.648680E-04    1.648680E-04    1.648680E-04    1.648680E-04
   1.446688E-04    1.446688E-04    1.446688E-04    1.648680E-04    1.648680E-04    1.648680E-04    1.648680E-04    1.648680E-04    1.648680E-04    1.648680E-04    1.648680E-04    1.648680E-04    1.648680E-04    1.648680E-04    1.648680E-04    1.648680E-04    1.648680E-04    1.648680E-04    1.648680E-04    1.648680E-04
   1.446688E-04    1.446688E-04    1.446688E-04    1.446688E-04    1.648680E-04    1.648680E-04    1.648680E-04    1.648680E-04    1.648680E-04    1.648680E-04    1.648680E-04    1.648680E-04    1.648680E-04    1.648680E-04    1.648680E-04    1.648680E-04    1.648680E-04    1.648680E-04    1.648680E-04    1.446688E-04
   1.446688E-04    1.446688E-04    1.446688E-04    1.446688E-04    1.648680E-04    1.648680E-04    1.648680E-04    1.648680E-04    1.648680E-04    1.648680E-04    1.648680E-04    1.648680E-04    1.648680E-04    1.648680E-04    1.648680E-04    1.648680E-04    1.648680E-04    1.648680E-04    1.648680E-04    1.446688E-04
   1.446688E-04    1.446688E-04    1.446688E-04    1.446688E-04    1.446688E-04    1.648680E-04    1.648680E-04    1.648680E-04    1.648680E-04    1.648680E-04    1.648680E-04    1.648680E-04    1.648680E-04    1.648680E-04    1.648680E-04    1.648680E-04    1.648680E-04    1.648680E-04    1.446688E-04    1.446688E-04
   1.446688E-04    1.446688E-04    1.446688E-04    1.446688E-04    1.446688E-04    1.648680E-04    1.648680E-04    1.648680E-04    1.648680E-04    1.648680E-04    1.648680E-04    1.648680E-04    1.648680E-04    1.648680E-04    1.648680E-04    1.648680E-04    1.648680E-04    1.446688E-04    1.446688E-04    1.446688E-04
   1.446688E-04    1.446688E-04    1.446688E-04    1.446688E-04    1.446688E-04    1.648680E-04    1.648680E-04    1.648680E-04    1.648680E-04    1.648680E-04    1.648680E-04    1.648680E-04    1.648680E-04    1.648680E-04    1.648680E-04    1.648680E-04    1.446688E-04    1.446688E-04    1.446688E-04    1.446688E-04
