   1.005109E-04    1.005109E-04    1.005109E-04    1.005109E-04    1.005109E-04    1.005109E-04    1.005109E-04    1.005109E-04    1.005109E-04    1.005109E-04    1.005109E-04    1.005109E-04    1.005109E-04    1.005109E-04    1.005109E-04    1.005109E-04    1.005109E-04    1.005109E-04    1.005109E-04    1.005109E-04
   1.005109E-04    1.005109E-04    1.005109E-04    1.005109E-04    1.005109E-04    1.005109E-04    1.005109E-04    1.005109E-04    1.005109E-04    1.005109E-04    1.005109E-04    1.005109E-04    1.005109E-04    1.005109E-04    1.005109E-04    1.005109E-04    1.005109E-04    1.005109E-04    1.005109E-04    1.005109E-04
   1.005109E-04    1.005109E-04    1.005109E-04    1.005109E-04    1.005109E-04    1.005109E-04    1.005109E-04    1.005109E-04    1.005109E-04    1.005109E-04    1.005109E-04    1.005109E-04    1.005109E-04    1.005109E-04    1.005109E-04    1.005109E-04    1.005109E-04    1.005109E-04    1.005109E-04    1.005109E-04
   1.005109E-04    1.005109E-04    1.005109E-04    1.005109E-04    1.005109E-04    1.005109E-04    1.005109E-04    1.005109E-04    1.005109E-04    1.005109E-04    1.005109E-04    1.005109E-04    1.005109E-04    1.005109E-04    1.005109E-04    1.005109E-04    1.005109E-04    1.005109E-04    1.005109E-04    1.005109E-04
   1.005109E-04    1.005109E-04    1.005109E-04    1.005109E-04    1.005109E-04    1.005109E-04    1.005109E-04    1.005109E-04    1.005109E-04    1.005109E-04    1.005109E-04    1.005109E-04    1.005109E-04    1.005109E-04    1.005109E-04    1.005109E-04    1.005109E-04    1.005109E-04    1.005109E-04    1.005109E-04
   1.005109E-04    1.005109E-04    1.005109E-04    1.005109E-04    1.005109E-04    1.005109E-04    1.005109E-04    1.005109E-04    1.005109E-04    1.005109E-04    1.005109E-04    1.005109E-04    1.005109E-04    1.005109E-04    1.005109E-04    1.005109E-04    1.005109E-04    1.005109E-04    1.005109E-04    1.005109E-04
   1.005109E-04    1.005109E-04    1.005109E-04    1.005109E-04    1.005109E-04    1.005109E-04    1.005109E-04    1.005109E-04    1.005109E-04    1.005109E-04    1.005109E-04    1.005109E-04    1.005109E-04    1.005109E-04    1.005109E-04    1.005109E-04    1.005109E-04    1.005109E-04    1.005109E-04    1.005109E-04
   1.005109E-04    1.005109E-04    1.005109E-04    1.005109E-04    1.005109E-04    1.005109E-04    1.005109E-04    1.005109E-04    1.005109E-04    1.005109E-04    1.005109E-04    1.005109E-04    1.005109E-04    1.005109E-04    1.005109E-04    1.005109E-04    1.005109E-04    1.005109E-04    1.005109E-04    1.005109E-04
   1.005109E-04    1.005109E-04    1.005109E-04    1.005109E-04    9.926175E-05    9.926175E-05    9.926175E-05    1.005109E-04    1.005109E-04    1.005109E-04    1.005109E-04    1.005109E-04    1.005109E-04    1.005109E-04    1.005109E-04    1.005109E-04    1.005109E-04    1.005109E-04    1.005109E-04    1.005109E-04
   1.005109E-04    1.005109E-04    1.005109E-04    1.005109E-04    9.926175E-05    9.926175E-05    9.926175E-05    9.926175E-05    1.005109E-04    1.005109E-04    1.005109E-04    1.005109E-04    1.005109E-04    1.005109E-04    1.005109E-04    1.005109E-04    1.005109E-04    1.005109E-04    1.005109E-04    1.005109E-04
   1.005109E-04    1.005109E-04    1.005109E-04    1.005109E-04    9.926175E-05    9.926175E-05    9.926175E-05    9.926175E-05    1.005109E-04    1.005109E-04    1.005109E-04    1.005109E-04    1.005109E-04    1.005109E-04    1.005109E-04    1.005109E-04    1.005109E-04    1.005109E-04    1.005109E-04    1.005109E-04
   1.005109E-04    1.005109E-04    1.005109E-04    1.005109E-04    9.926175E-05    9.926175E-05    9.926175E-05    9.926175E-05    1.005109E-04    1.005109E-04    1.005109E-04    1.005109E-04    1.005109E-04    1.005109E-04    1.005109E-04    1.005109E-04    1.005109E-04    1.005109E-04    1.005109E-04    1.005109E-04
   1.005109E-04    1.005109E-04    1.005109E-04    1.005109E-04    9.926175E-05    9.926175E-05    9.926175E-05    9.926175E-05    1.005109E-04    1.005109E-04    1.005109E-04    1.005109E-04    1.005109E-04    1.005109E-04    1.005109E-04    1.005109E-04    1.005109E-04    1.005109E-04    1.005109E-04    1.005109E-04
   1.005109E-04    1.005109E-04    1.005109E-04    1.005109E-04    9.926175E-05    9.926175E-05    9.926175E-05    9.926175E-05    1.005109E-04    1.005109E-04    1.005109E-04    1.005109E-04    1.005109E-04    1.005109E-04    1.005109E-04    1.005109E-04    1.005109E-04    1.005109E-04    1.005109E-04    1.005109E-04
   1.005109E-04    1.005109E-04    1.005109E-04    1.005109E-04    9.926175E-05    9.926175E-05    9.926175E-05    9.926175E-05    1.005109E-04    1.005109E-04    1.005109E-04    1.005109E-04    1.005109E-04    1.005109E-04    1.005109E-04    1.005109E-04    1.005109E-04    1.005109E-04    1.005109E-04    1.005109E-04
   1.005109E-04    1.005109E-04    1.005109E-04    1.005109E-04    9.926175E-05    9.926175E-05    9.926175E-05    9.926175E-05    1.005109E-04    1.005109E-04    1.005109E-04    1.005109E-04    1.005109E-04    1.005109E-04    1.005109E-04    1.005109E-04    1.005109E-04    1.005109E-04    1.005109E-04    1.005109E-04
   1.005109E-04    1.005109E-04    1.005109E-04    1.005109E-04    9.926175E-05    9.926175E-05    9.926175E-05    9.926175E-05    1.005109E-04    1.005109E-04    1.005109E-04    1.005109E-04    1.005109E-04    1.005109E-04    1.005109E-04    1.005109E-04    1.005109E-04    1.005109E-04    1.005109E-04    1.005109E-04
   1.005109E-04    1.005109E-04    1.005109E-04    1.005109E-04    9.926175E-05    9.926175E-05    9.926175E-05    9.926175E-05    1.005109E-04    1.005109E-04    1.005109E-04    1.005109E-04    1.005109E-04    1.005109E-04    1.005109E-04    1.005109E-04    1.005109E-04    1.005109E-04    1.005109E-04    1.005109E-04
   1.005109E-04    1.005109E-04    1.005109E-04    1.005109E-04    9.926175E-05    9.926175E-05    9.926175E-05    9.926175E-05    1.005109E-04    1.005109E-04    1.005109E-04    1.005109E-04    1.005109E-04    1.005109E-04    1.005109E-04    1.005109E-04    1.005109E-04    1.005109E-04    1.005109E-04    1.005109E-04
   1.005109E-04    1.005109E-04    1.005109E-04    1.005109E-04    9.926175E-05    9.926175E-05    9.926175E-05    9.926175E-05    1.005109E-04    1.005109E-04    1.005109E-04    1.005109E-04    1.005109E-04    1.005109E-04    1.005109E-04    1.005109E-04    1.005109E-04    1.005109E-04    1.005109E-04    1.005109E-04
   1.005109E-04    1.005109E-04    1.005109E-04    1.005109E-04    9.926175E-05    9.926175E-05    9.926175E-05    9.926175E-05    1.005109E-04    1.005109E-04    1.005109E-04    1.005109E-04    1.005109E-04    1.005109E-04    1.005109E-04    1.005109E-04    1.005109E-04    1.005109E-04    1.005109E-04    1.005109E-04
   1.005109E-04    1.005109E-04    1.005109E-04    1.005109E-04    9.926175E-05    9.926175E-05    1.005109E-04    1.005109E-04    1.005109E-04    1.005109E-04    1.005109E-04    1.005109E-04    1.005109E-04    1.005109E-04    1.005109E-04    1.005109E-04    1.005109E-04    1.005109E-04    1.005109E-04    1.005109E-04
   1.005109E-04    1.005109E-04    1.005109E-04    1.005109E-04    1.005109E-04    9.926175E-05    1.005109E-04    1.005109E-04    1.005109E-04    1.005109E-04    1.005109E-04    1.005109E-04    1.005109E-04    1.005109E-04    1.005109E-04    1.005109E-04    1.005109E-04    1.005109E-04    1.005109E-04    1.005109E-04
   1.005109E-04    1.005109E-04    1.005109E-04    1.005109E-04    1.005109E-04    1.005109E-04    1.005109E-04    1.005109E-04    1.005109E-04    1.005109E-04    1.005109E-04    1.005109E-04    1.005109E-04    1.005109E-04    1.005109E-04    1.005109E-04    1.005109E-04    1.005109E-04    1.005109E-04    1.005109E-04
   1.005109E-04    1.005109E-04    1.005109E-04    1.005109E-04    1.005109E-04    1.005109E-04    1.005109E-04    1.005109E-04    1.005109E-04    1.005109E-04    1.005109E-04    1.005109E-04    1.005109E-04    1.005109E-04    1.005109E-04    1.005109E-04    1.005109E-04    1.005109E-04    1.005109E-04    1.005109E-04
   1.005109E-04    1.005109E-04    1.005109E-04    1.005109E-04    1.005109E-04    1.005109E-04    1.005109E-04    1.005109E-04    1.005109E-04    1.005109E-04    1.005109E-04    1.005109E-04    1.005109E-04    1.005109E-04    1.005109E-04    1.005109E-04    1.005109E-04    1.005109E-04    1.005109E-04    1.005109E-04
   1.005109E-04    1.005109E-04    1.005109E-04    1.005109E-04    1.005109E-04    1.005109E-04    1.005109E-04    1.005109E-04    1.005109E-04    1.005109E-04    1.005109E-04    1.005109E-04    1.005109E-04    1.005109E-04    1.005109E-04    1.005109E-04    1.005109E-04    1.005109E-04    1.005109E-04    1.005109E-04
   1.005109E-04    1.005109E-04    1.005109E-04    1.005109E-04    1.005109E-04    1.005109E-04    1.005109E-04    1.005109E-04    1.005109E-04    1.005109E-04    1.005109E-04    1.005109E-04    1.005109E-04    1.005109E-04    1.005109E-04    1.005109E-04    1.005109E-04    1.005109E-04    1.005109E-04    1.005109E-04
   1.005109E-04    1.005109E-04    1.005109E-04    1.005109E-04    1.005109E-04    1.005109E-04    1.005109E-04    1.005109E-04    1.005109E-04    1.005109E-04    1.005109E-04    1.005109E-04    1.005109E-04    1.005109E-04    1.005109E-04    1.005109E-04    1.005109E-04    1.005109E-04    1.005109E-04    1.005109E-04
   1.005109E-04    1.005109E-04    1.005109E-04    1.005109E-04    1.005109E-04    1.005109E-04    1.005109E-04    1.005109E-04    1.005109E-04    1.005109E-04    1.005109E-04    1.005109E-04    1.005109E-04    1.005109E-04    1.005109E-04    1.005109E-04    1.005109E-04    1.005109E-04    1.005109E-04    1.005109E-04
   1.005109E-04    1.005109E-04    1.005109E-04    1.005109E-04    1.005109E-04    1.005109E-04    1.005109E-04    1.005109E-04    1.005109E-04    1.005109E-04    1.005109E-04    1.005109E-04    1.005109E-04    1.005109E-04    1.005109E-04    1.005109E-04    1.005109E-04    1.005109E-04    1.005109E-04    1.005109E-04
   1.005109E-04    1.005109E-04    1.005109E-04    1.005109E-04    1.005109E-04    1.005109E-04    1.005109E-04    1.005109E-04    1.005109E-04    1.005109E-04    1.005109E-04    1.005109E-04    1.005109E-04    1.005109E-04    1.005109E-04    1.005109E-04    1.005109E-04    1.005109E-04    1.005109E-04    1.005109E-04
   9.926175E-05    1.005109E-04    1.005109E-04    1.005109E-04    1.005109E-04    1.005109E-04    1.005109E-04    1.005109E-04    1.005109E-04    1.005109E-04    1.005109E-04    1.005109E-04    1.005109E-04    1.005109E-04    1.005109E-04    1.005109E-04    1.005109E-04    1.005109E-04    1.005109E-04    1.005109E-04
   9.926175E-05    9.926175E-05    1.005109E-04    1.005109E-04    1.005109E-04    1.005109E-04    1.005109E-04    1.005109E-04    1.005109E-04    1.005109E-04    1.005109E-04    1.005109E-04    1.005109E-04    1.005109E-04    1.005109E-04    1.005109E-04    1.005109E-04    1.005109E-04    1.005109E-04    1.005109E-04
   9.926175E-05    9.926175E-05    9.926175E-05    1.005109E-04    1.005109E-04    1.005109E-04    1.005109E-04    1.005109E-04    1.005109E-04    1.005109E-04    1.005109E-04    1.005109E-04    1.005109E-04    1.005109E-04    1.005109E-04    1.005109E-04    1.005109E-04    1.005109E-04    1.005109E-04    1.005109E-04
   9.926175E-05    9.926175E-05    9.926175E-05    9.926175E-05    1.005109E-04    1.005109E-04    1.005109E-04    1.005109E-04    1.005109E-04    1.005109E-04    1.005109E-04    1.005109E-04    1.005109E-04    1.005109E-04    1.005109E-04    1.005109E-04    1.005109E-04    1.005109E-04    1.005109E-04    9.926175E-05
   9.926175E-05    9.926175E-05    9.926175E-05    9.926175E-05    1.005109E-04    1.005109E-04    1.005109E-04    1.005109E-04    1.005109E-04    1.005109E-04    1.005109E-04    1.005109E-04    1.005109E-04    1.005109E-04    1.005109E-04    1.005109E-04    1.005109E-04    1.005109E-04    1.005109E-04    9.926175E-05
   9.926175E-05    9.926175E-05    9.926175E-05    9.926175E-05    9.926175E-05    1.005109E-04    1.005109E-04    1.005109E-04    1.005109E-04    1.005109E-04    1.005109E-04    1.005109E-04    1.005109E-04    1.005109E-04    1.005109E-04    1.005109E-04    1.005109E-04    1.005109E-04    9.926175E-05    9.926175E-05
   9.926175E-05    9.926175E-05    9.926175E-05    9.926175E-05    9.926175E-05    1.005109E-04    1.005109E-04    1.005109E-04    1.005109E-04    1.005109E-04    1.005109E-04    1.005109E-04    1.005109E-04    1.005109E-04    1.005109E-04    1.005109E-04    1.005109E-04    9.926175E-05    9.926175E-05    9.926175E-05
   9.926175E-05    9.926175E-05    9.926175E-05    9.926175E-05    9.926175E-05    1.005109E-04    1.005109E-04    1.005109E-04    1.005109E-04    1.005109E-04    1.005109E-04    1.005109E-04    1.005109E-04    1.005109E-04    1.005109E-04    1.005109E-04    9.926175E-05    9.926175E-05    9.926175E-05    9.926175E-05
