   9.533168E-05    9.533168E-05    9.533168E-05    9.533168E-05    9.533168E-05    9.533168E-05    9.533168E-05    9.533168E-05    9.533168E-05    9.533168E-05    9.533168E-05    9.533168E-05    9.533168E-05    9.533168E-05    9.533168E-05    9.533168E-05    9.533168E-05    9.533168E-05    9.533168E-05    9.533168E-05
   9.533168E-05    9.533168E-05    9.533168E-05    9.533168E-05    9.533168E-05    9.533168E-05    9.533168E-05    9.533168E-05    9.533168E-05    9.533168E-05    9.533168E-05    9.533168E-05    9.533168E-05    9.533168E-05    9.533168E-05    9.533168E-05    9.533168E-05    9.533168E-05    9.533168E-05    9.533168E-05
   9.533168E-05    9.533168E-05    9.533168E-05    9.533168E-05    9.533168E-05    9.533168E-05    9.533168E-05    9.533168E-05    9.533168E-05    9.533168E-05    9.533168E-05    9.533168E-05    9.533168E-05    9.533168E-05    9.533168E-05    9.533168E-05    9.533168E-05    9.533168E-05    9.533168E-05    9.533168E-05
   9.533168E-05    9.533168E-05    9.533168E-05    9.533168E-05    9.533168E-05    9.533168E-05    9.533168E-05    9.533168E-05    9.533168E-05    9.533168E-05    9.533168E-05    9.533168E-05    9.533168E-05    9.533168E-05    9.533168E-05    9.533168E-05    9.533168E-05    9.533168E-05    9.533168E-05    9.533168E-05
   9.533168E-05    9.533168E-05    9.533168E-05    9.533168E-05    9.533168E-05    9.533168E-05    9.533168E-05    9.533168E-05    9.533168E-05    9.533168E-05    9.533168E-05    9.533168E-05    9.533168E-05    9.533168E-05    9.533168E-05    9.533168E-05    9.533168E-05    9.533168E-05    9.533168E-05    9.533168E-05
   9.533168E-05    9.533168E-05    9.533168E-05    9.533168E-05    9.533168E-05    9.533168E-05    9.533168E-05    9.533168E-05    9.533168E-05    9.533168E-05    9.533168E-05    9.533168E-05    9.533168E-05    9.533168E-05    9.533168E-05    9.533168E-05    9.533168E-05    9.533168E-05    9.533168E-05    9.533168E-05
   9.533168E-05    9.533168E-05    9.533168E-05    9.533168E-05    9.533168E-05    9.533168E-05    9.533168E-05    9.533168E-05    9.533168E-05    9.533168E-05    9.533168E-05    9.533168E-05    9.533168E-05    9.533168E-05    9.533168E-05    9.533168E-05    9.533168E-05    9.533168E-05    9.533168E-05    9.533168E-05
   9.533168E-05    9.533168E-05    9.533168E-05    9.533168E-05    9.533168E-05    9.533168E-05    9.533168E-05    9.533168E-05    9.533168E-05    9.533168E-05    9.533168E-05    9.533168E-05    9.533168E-05    9.533168E-05    9.533168E-05    9.533168E-05    9.533168E-05    9.533168E-05    9.533168E-05    9.533168E-05
   9.533168E-05    9.533168E-05    9.533168E-05    9.533168E-05    8.849865E-05    8.849865E-05    8.849865E-05    9.533168E-05    9.533168E-05    9.533168E-05    9.533168E-05    9.533168E-05    9.533168E-05    9.533168E-05    9.533168E-05    9.533168E-05    9.533168E-05    9.533168E-05    9.533168E-05    9.533168E-05
   9.533168E-05    9.533168E-05    9.533168E-05    9.533168E-05    8.849865E-05    8.849865E-05    8.849865E-05    8.849865E-05    9.533168E-05    9.533168E-05    9.533168E-05    9.533168E-05    9.533168E-05    9.533168E-05    9.533168E-05    9.533168E-05    9.533168E-05    9.533168E-05    9.533168E-05    9.533168E-05
   9.533168E-05    9.533168E-05    9.533168E-05    9.533168E-05    8.849865E-05    8.849865E-05    8.849865E-05    8.849865E-05    9.533168E-05    9.533168E-05    9.533168E-05    9.533168E-05    9.533168E-05    9.533168E-05    9.533168E-05    9.533168E-05    9.533168E-05    9.533168E-05    9.533168E-05    9.533168E-05
   9.533168E-05    9.533168E-05    9.533168E-05    9.533168E-05    8.849865E-05    8.849865E-05    8.849865E-05    8.849865E-05    9.533168E-05    9.533168E-05    9.533168E-05    9.533168E-05    9.533168E-05    9.533168E-05    9.533168E-05    9.533168E-05    9.533168E-05    9.533168E-05    9.533168E-05    9.533168E-05
   9.533168E-05    9.533168E-05    9.533168E-05    9.533168E-05    8.849865E-05    8.849865E-05    8.849865E-05    8.849865E-05    9.533168E-05    9.533168E-05    9.533168E-05    9.533168E-05    9.533168E-05    9.533168E-05    9.533168E-05    9.533168E-05    9.533168E-05    9.533168E-05    9.533168E-05    9.533168E-05
   9.533168E-05    9.533168E-05    9.533168E-05    9.533168E-05    8.849865E-05    8.849865E-05    8.849865E-05    8.849865E-05    9.533168E-05    9.533168E-05    9.533168E-05    9.533168E-05    9.533168E-05    9.533168E-05    9.533168E-05    9.533168E-05    9.533168E-05    9.533168E-05    9.533168E-05    9.533168E-05
   9.533168E-05    9.533168E-05    9.533168E-05    9.533168E-05    8.849865E-05    8.849865E-05    8.849865E-05    8.849865E-05    9.533168E-05    9.533168E-05    9.533168E-05    9.533168E-05    9.533168E-05    9.533168E-05    9.533168E-05    9.533168E-05    9.533168E-05    9.533168E-05    9.533168E-05    9.533168E-05
   9.533168E-05    9.533168E-05    9.533168E-05    9.533168E-05    8.849865E-05    8.849865E-05    8.849865E-05    8.849865E-05    9.533168E-05    9.533168E-05    9.533168E-05    9.533168E-05    9.533168E-05    9.533168E-05    9.533168E-05    9.533168E-05    9.533168E-05    9.533168E-05    9.533168E-05    9.533168E-05
   9.533168E-05    9.533168E-05    9.533168E-05    9.533168E-05    8.849865E-05    8.849865E-05    8.849865E-05    8.849865E-05    9.533168E-05    9.533168E-05    9.533168E-05    9.533168E-05    9.533168E-05    9.533168E-05    9.533168E-05    9.533168E-05    9.533168E-05    9.533168E-05    9.533168E-05    9.533168E-05
   9.533168E-05    9.533168E-05    9.533168E-05    9.533168E-05    8.849865E-05    8.849865E-05    8.849865E-05    8.849865E-05    9.533168E-05    9.533168E-05    9.533168E-05    9.533168E-05    9.533168E-05    9.533168E-05    9.533168E-05    9.533168E-05    9.533168E-05    9.533168E-05    9.533168E-05    9.533168E-05
   9.533168E-05    9.533168E-05    9.533168E-05    9.533168E-05    8.849865E-05    8.849865E-05    8.849865E-05    8.849865E-05    9.533168E-05    9.533168E-05    9.533168E-05    9.533168E-05    9.533168E-05    9.533168E-05    9.533168E-05    9.533168E-05    9.533168E-05    9.533168E-05    9.533168E-05    9.533168E-05
   9.533168E-05    9.533168E-05    9.533168E-05    9.533168E-05    8.849865E-05    8.849865E-05    8.849865E-05    8.849865E-05    9.533168E-05    9.533168E-05    9.533168E-05    9.533168E-05    9.533168E-05    9.533168E-05    9.533168E-05    9.533168E-05    9.533168E-05    9.533168E-05    9.533168E-05    9.533168E-05
   9.533168E-05    9.533168E-05    9.533168E-05    9.533168E-05    8.849865E-05    8.849865E-05    8.849865E-05    8.849865E-05    9.533168E-05    9.533168E-05    9.533168E-05    9.533168E-05    9.533168E-05    9.533168E-05    9.533168E-05    9.533168E-05    9.533168E-05    9.533168E-05    9.533168E-05    9.533168E-05
   9.533168E-05    9.533168E-05    9.533168E-05    9.533168E-05    8.849865E-05    8.849865E-05    9.533168E-05    9.533168E-05    9.533168E-05    9.533168E-05    9.533168E-05    9.533168E-05    9.533168E-05    9.533168E-05    9.533168E-05    9.533168E-05    9.533168E-05    9.533168E-05    9.533168E-05    9.533168E-05
   9.533168E-05    9.533168E-05    9.533168E-05    9.533168E-05    9.533168E-05    8.849865E-05    9.533168E-05    9.533168E-05    9.533168E-05    9.533168E-05    9.533168E-05    9.533168E-05    9.533168E-05    9.533168E-05    9.533168E-05    9.533168E-05    9.533168E-05    9.533168E-05    9.533168E-05    9.533168E-05
   9.533168E-05    9.533168E-05    9.533168E-05    9.533168E-05    9.533168E-05    9.533168E-05    9.533168E-05    9.533168E-05    9.533168E-05    9.533168E-05    9.533168E-05    9.533168E-05    9.533168E-05    9.533168E-05    9.533168E-05    9.533168E-05    9.533168E-05    9.533168E-05    9.533168E-05    9.533168E-05
   9.533168E-05    9.533168E-05    9.533168E-05    9.533168E-05    9.533168E-05    9.533168E-05    9.533168E-05    9.533168E-05    9.533168E-05    9.533168E-05    9.533168E-05    9.533168E-05    9.533168E-05    9.533168E-05    9.533168E-05    9.533168E-05    9.533168E-05    9.533168E-05    9.533168E-05    9.533168E-05
   9.533168E-05    9.533168E-05    9.533168E-05    9.533168E-05    9.533168E-05    9.533168E-05    9.533168E-05    9.533168E-05    9.533168E-05    9.533168E-05    9.533168E-05    9.533168E-05    9.533168E-05    9.533168E-05    9.533168E-05    9.533168E-05    9.533168E-05    9.533168E-05    9.533168E-05    9.533168E-05
   9.533168E-05    9.533168E-05    9.533168E-05    9.533168E-05    9.533168E-05    9.533168E-05    9.533168E-05    9.533168E-05    9.533168E-05    9.533168E-05    9.533168E-05    9.533168E-05    9.533168E-05    9.533168E-05    9.533168E-05    9.533168E-05    9.533168E-05    9.533168E-05    9.533168E-05    9.533168E-05
   9.533168E-05    9.533168E-05    9.533168E-05    9.533168E-05    9.533168E-05    9.533168E-05    9.533168E-05    9.533168E-05    9.533168E-05    9.533168E-05    9.533168E-05    9.533168E-05    9.533168E-05    9.533168E-05    9.533168E-05    9.533168E-05    9.533168E-05    9.533168E-05    9.533168E-05    9.533168E-05
   9.533168E-05    9.533168E-05    9.533168E-05    9.533168E-05    9.533168E-05    9.533168E-05    9.533168E-05    9.533168E-05    9.533168E-05    9.533168E-05    9.533168E-05    9.533168E-05    9.533168E-05    9.533168E-05    9.533168E-05    9.533168E-05    9.533168E-05    9.533168E-05    9.533168E-05    9.533168E-05
   9.533168E-05    9.533168E-05    9.533168E-05    9.533168E-05    9.533168E-05    9.533168E-05    9.533168E-05    9.533168E-05    9.533168E-05    9.533168E-05    9.533168E-05    9.533168E-05    9.533168E-05    9.533168E-05    9.533168E-05    9.533168E-05    9.533168E-05    9.533168E-05    9.533168E-05    9.533168E-05
   9.533168E-05    9.533168E-05    9.533168E-05    9.533168E-05    9.533168E-05    9.533168E-05    9.533168E-05    9.533168E-05    9.533168E-05    9.533168E-05    9.533168E-05    9.533168E-05    9.533168E-05    9.533168E-05    9.533168E-05    9.533168E-05    9.533168E-05    9.533168E-05    9.533168E-05    9.533168E-05
   9.533168E-05    9.533168E-05    9.533168E-05    9.533168E-05    9.533168E-05    9.533168E-05    9.533168E-05    9.533168E-05    9.533168E-05    9.533168E-05    9.533168E-05    9.533168E-05    9.533168E-05    9.533168E-05    9.533168E-05    9.533168E-05    9.533168E-05    9.533168E-05    9.533168E-05    9.533168E-05
   8.849865E-05    9.533168E-05    9.533168E-05    9.533168E-05    9.533168E-05    9.533168E-05    9.533168E-05    9.533168E-05    9.533168E-05    9.533168E-05    9.533168E-05    9.533168E-05    9.533168E-05    9.533168E-05    9.533168E-05    9.533168E-05    9.533168E-05    9.533168E-05    9.533168E-05    9.533168E-05
   8.849865E-05    8.849865E-05    9.533168E-05    9.533168E-05    9.533168E-05    9.533168E-05    9.533168E-05    9.533168E-05    9.533168E-05    9.533168E-05    9.533168E-05    9.533168E-05    9.533168E-05    9.533168E-05    9.533168E-05    9.533168E-05    9.533168E-05    9.533168E-05    9.533168E-05    9.533168E-05
   8.849865E-05    8.849865E-05    8.849865E-05    9.533168E-05    9.533168E-05    9.533168E-05    9.533168E-05    9.533168E-05    9.533168E-05    9.533168E-05    9.533168E-05    9.533168E-05    9.533168E-05    9.533168E-05    9.533168E-05    9.533168E-05    9.533168E-05    9.533168E-05    9.533168E-05    9.533168E-05
   8.849865E-05    8.849865E-05    8.849865E-05    8.849865E-05    9.533168E-05    9.533168E-05    9.533168E-05    9.533168E-05    9.533168E-05    9.533168E-05    9.533168E-05    9.533168E-05    9.533168E-05    9.533168E-05    9.533168E-05    9.533168E-05    9.533168E-05    9.533168E-05    9.533168E-05    8.849865E-05
   8.849865E-05    8.849865E-05    8.849865E-05    8.849865E-05    9.533168E-05    9.533168E-05    9.533168E-05    9.533168E-05    9.533168E-05    9.533168E-05    9.533168E-05    9.533168E-05    9.533168E-05    9.533168E-05    9.533168E-05    9.533168E-05    9.533168E-05    9.533168E-05    9.533168E-05    8.849865E-05
   8.849865E-05    8.849865E-05    8.849865E-05    8.849865E-05    8.849865E-05    9.533168E-05    9.533168E-05    9.533168E-05    9.533168E-05    9.533168E-05    9.533168E-05    9.533168E-05    9.533168E-05    9.533168E-05    9.533168E-05    9.533168E-05    9.533168E-05    9.533168E-05    8.849865E-05    8.849865E-05
   8.849865E-05    8.849865E-05    8.849865E-05    8.849865E-05    8.849865E-05    9.533168E-05    9.533168E-05    9.533168E-05    9.533168E-05    9.533168E-05    9.533168E-05    9.533168E-05    9.533168E-05    9.533168E-05    9.533168E-05    9.533168E-05    9.533168E-05    8.849865E-05    8.849865E-05    8.849865E-05
   8.849865E-05    8.849865E-05    8.849865E-05    8.849865E-05    8.849865E-05    9.533168E-05    9.533168E-05    9.533168E-05    9.533168E-05    9.533168E-05    9.533168E-05    9.533168E-05    9.533168E-05    9.533168E-05    9.533168E-05    9.533168E-05    8.849865E-05    8.849865E-05    8.849865E-05    8.849865E-05
