   1.024168E-05    1.024168E-05    1.024168E-05    1.024168E-05    1.024168E-05    1.024168E-05    1.024168E-05    1.024168E-05    1.024168E-05    1.024168E-05    1.024168E-05    1.024168E-05    1.024168E-05    1.024168E-05    1.024168E-05    1.024168E-05    1.024168E-05    1.024168E-05    1.024168E-05    1.024168E-05
   1.024168E-05    1.024168E-05    1.024168E-05    1.024168E-05    1.024168E-05    1.024168E-05    1.024168E-05    1.024168E-05    1.024168E-05    1.024168E-05    1.024168E-05    1.024168E-05    1.024168E-05    1.024168E-05    1.024168E-05    1.024168E-05    1.024168E-05    1.024168E-05    1.024168E-05    1.024168E-05
   1.024168E-05    1.024168E-05    1.024168E-05    1.024168E-05    1.024168E-05    1.024168E-05    1.024168E-05    1.024168E-05    1.024168E-05    1.024168E-05    1.024168E-05    1.024168E-05    1.024168E-05    1.024168E-05    1.024168E-05    1.024168E-05    1.024168E-05    1.024168E-05    1.024168E-05    1.024168E-05
   1.024168E-05    1.024168E-05    1.024168E-05    1.024168E-05    1.024168E-05    1.024168E-05    1.024168E-05    1.024168E-05    1.024168E-05    1.024168E-05    1.024168E-05    1.024168E-05    1.024168E-05    1.024168E-05    1.024168E-05    1.024168E-05    1.024168E-05    1.024168E-05    1.024168E-05    1.024168E-05
   1.024168E-05    1.024168E-05    1.024168E-05    1.024168E-05    1.024168E-05    1.024168E-05    1.024168E-05    1.024168E-05    1.024168E-05    1.024168E-05    1.024168E-05    1.024168E-05    1.024168E-05    1.024168E-05    1.024168E-05    1.024168E-05    1.024168E-05    1.024168E-05    1.024168E-05    1.024168E-05
   1.024168E-05    1.024168E-05    1.024168E-05    1.024168E-05    1.024168E-05    1.024168E-05    1.024168E-05    1.024168E-05    1.024168E-05    1.024168E-05    1.024168E-05    1.024168E-05    1.024168E-05    1.024168E-05    1.024168E-05    1.024168E-05    1.024168E-05    1.024168E-05    1.024168E-05    1.024168E-05
   1.024168E-05    1.024168E-05    1.024168E-05    1.024168E-05    1.024168E-05    1.024168E-05    1.024168E-05    1.024168E-05    1.024168E-05    1.024168E-05    1.024168E-05    1.024168E-05    1.024168E-05    1.024168E-05    1.024168E-05    1.024168E-05    1.024168E-05    1.024168E-05    1.024168E-05    1.024168E-05
   1.024168E-05    1.024168E-05    1.024168E-05    1.024168E-05    1.024168E-05    1.024168E-05    1.024168E-05    1.024168E-05    1.024168E-05    1.024168E-05    1.024168E-05    1.024168E-05    1.024168E-05    1.024168E-05    1.024168E-05    1.024168E-05    1.024168E-05    1.024168E-05    1.024168E-05    1.024168E-05
   1.024168E-05    1.024168E-05    1.024168E-05    1.024168E-05    8.300542E-06    8.300542E-06    8.300542E-06    1.024168E-05    1.024168E-05    1.024168E-05    1.024168E-05    1.024168E-05    1.024168E-05    1.024168E-05    1.024168E-05    1.024168E-05    1.024168E-05    1.024168E-05    1.024168E-05    1.024168E-05
   1.024168E-05    1.024168E-05    1.024168E-05    1.024168E-05    8.300542E-06    8.300542E-06    8.300542E-06    8.300542E-06    1.024168E-05    1.024168E-05    1.024168E-05    1.024168E-05    1.024168E-05    1.024168E-05    1.024168E-05    1.024168E-05    1.024168E-05    1.024168E-05    1.024168E-05    1.024168E-05
   1.024168E-05    1.024168E-05    1.024168E-05    1.024168E-05    8.300542E-06    8.300542E-06    8.300542E-06    8.300542E-06    1.024168E-05    1.024168E-05    1.024168E-05    1.024168E-05    1.024168E-05    1.024168E-05    1.024168E-05    1.024168E-05    1.024168E-05    1.024168E-05    1.024168E-05    1.024168E-05
   1.024168E-05    1.024168E-05    1.024168E-05    1.024168E-05    8.300542E-06    8.300542E-06    8.300542E-06    8.300542E-06    1.024168E-05    1.024168E-05    1.024168E-05    1.024168E-05    1.024168E-05    1.024168E-05    1.024168E-05    1.024168E-05    1.024168E-05    1.024168E-05    1.024168E-05    1.024168E-05
   1.024168E-05    1.024168E-05    1.024168E-05    1.024168E-05    8.300542E-06    8.300542E-06    8.300542E-06    8.300542E-06    1.024168E-05    1.024168E-05    1.024168E-05    1.024168E-05    1.024168E-05    1.024168E-05    1.024168E-05    1.024168E-05    1.024168E-05    1.024168E-05    1.024168E-05    1.024168E-05
   1.024168E-05    1.024168E-05    1.024168E-05    1.024168E-05    8.300542E-06    8.300542E-06    8.300542E-06    8.300542E-06    1.024168E-05    1.024168E-05    1.024168E-05    1.024168E-05    1.024168E-05    1.024168E-05    1.024168E-05    1.024168E-05    1.024168E-05    1.024168E-05    1.024168E-05    1.024168E-05
   1.024168E-05    1.024168E-05    1.024168E-05    1.024168E-05    8.300542E-06    8.300542E-06    8.300542E-06    8.300542E-06    1.024168E-05    1.024168E-05    1.024168E-05    1.024168E-05    1.024168E-05    1.024168E-05    1.024168E-05    1.024168E-05    1.024168E-05    1.024168E-05    1.024168E-05    1.024168E-05
   1.024168E-05    1.024168E-05    1.024168E-05    1.024168E-05    8.300542E-06    8.300542E-06    8.300542E-06    8.300542E-06    1.024168E-05    1.024168E-05    1.024168E-05    1.024168E-05    1.024168E-05    1.024168E-05    1.024168E-05    1.024168E-05    1.024168E-05    1.024168E-05    1.024168E-05    1.024168E-05
   1.024168E-05    1.024168E-05    1.024168E-05    1.024168E-05    8.300542E-06    8.300542E-06    8.300542E-06    8.300542E-06    1.024168E-05    1.024168E-05    1.024168E-05    1.024168E-05    1.024168E-05    1.024168E-05    1.024168E-05    1.024168E-05    1.024168E-05    1.024168E-05    1.024168E-05    1.024168E-05
   1.024168E-05    1.024168E-05    1.024168E-05    1.024168E-05    8.300542E-06    8.300542E-06    8.300542E-06    8.300542E-06    1.024168E-05    1.024168E-05    1.024168E-05    1.024168E-05    1.024168E-05    1.024168E-05    1.024168E-05    1.024168E-05    1.024168E-05    1.024168E-05    1.024168E-05    1.024168E-05
   1.024168E-05    1.024168E-05    1.024168E-05    1.024168E-05    8.300542E-06    8.300542E-06    8.300542E-06    8.300542E-06    1.024168E-05    1.024168E-05    1.024168E-05    1.024168E-05    1.024168E-05    1.024168E-05    1.024168E-05    1.024168E-05    1.024168E-05    1.024168E-05    1.024168E-05    1.024168E-05
   1.024168E-05    1.024168E-05    1.024168E-05    1.024168E-05    8.300542E-06    8.300542E-06    8.300542E-06    8.300542E-06    1.024168E-05    1.024168E-05    1.024168E-05    1.024168E-05    1.024168E-05    1.024168E-05    1.024168E-05    1.024168E-05    1.024168E-05    1.024168E-05    1.024168E-05    1.024168E-05
   1.024168E-05    1.024168E-05    1.024168E-05    1.024168E-05    8.300542E-06    8.300542E-06    8.300542E-06    8.300542E-06    1.024168E-05    1.024168E-05    1.024168E-05    1.024168E-05    1.024168E-05    1.024168E-05    1.024168E-05    1.024168E-05    1.024168E-05    1.024168E-05    1.024168E-05    1.024168E-05
   1.024168E-05    1.024168E-05    1.024168E-05    1.024168E-05    8.300542E-06    8.300542E-06    1.024168E-05    1.024168E-05    1.024168E-05    1.024168E-05    1.024168E-05    1.024168E-05    1.024168E-05    1.024168E-05    1.024168E-05    1.024168E-05    1.024168E-05    1.024168E-05    1.024168E-05    1.024168E-05
   1.024168E-05    1.024168E-05    1.024168E-05    1.024168E-05    1.024168E-05    8.300542E-06    1.024168E-05    1.024168E-05    1.024168E-05    1.024168E-05    1.024168E-05    1.024168E-05    1.024168E-05    1.024168E-05    1.024168E-05    1.024168E-05    1.024168E-05    1.024168E-05    1.024168E-05    1.024168E-05
   1.024168E-05    1.024168E-05    1.024168E-05    1.024168E-05    1.024168E-05    1.024168E-05    1.024168E-05    1.024168E-05    1.024168E-05    1.024168E-05    1.024168E-05    1.024168E-05    1.024168E-05    1.024168E-05    1.024168E-05    1.024168E-05    1.024168E-05    1.024168E-05    1.024168E-05    1.024168E-05
   1.024168E-05    1.024168E-05    1.024168E-05    1.024168E-05    1.024168E-05    1.024168E-05    1.024168E-05    1.024168E-05    1.024168E-05    1.024168E-05    1.024168E-05    1.024168E-05    1.024168E-05    1.024168E-05    1.024168E-05    1.024168E-05    1.024168E-05    1.024168E-05    1.024168E-05    1.024168E-05
   1.024168E-05    1.024168E-05    1.024168E-05    1.024168E-05    1.024168E-05    1.024168E-05    1.024168E-05    1.024168E-05    1.024168E-05    1.024168E-05    1.024168E-05    1.024168E-05    1.024168E-05    1.024168E-05    1.024168E-05    1.024168E-05    1.024168E-05    1.024168E-05    1.024168E-05    1.024168E-05
   1.024168E-05    1.024168E-05    1.024168E-05    1.024168E-05    1.024168E-05    1.024168E-05    1.024168E-05    1.024168E-05    1.024168E-05    1.024168E-05    1.024168E-05    1.024168E-05    1.024168E-05    1.024168E-05    1.024168E-05    1.024168E-05    1.024168E-05    1.024168E-05    1.024168E-05    1.024168E-05
   1.024168E-05    1.024168E-05    1.024168E-05    1.024168E-05    1.024168E-05    1.024168E-05    1.024168E-05    1.024168E-05    1.024168E-05    1.024168E-05    1.024168E-05    1.024168E-05    1.024168E-05    1.024168E-05    1.024168E-05    1.024168E-05    1.024168E-05    1.024168E-05    1.024168E-05    1.024168E-05
   1.024168E-05    1.024168E-05    1.024168E-05    1.024168E-05    1.024168E-05    1.024168E-05    1.024168E-05    1.024168E-05    1.024168E-05    1.024168E-05    1.024168E-05    1.024168E-05    1.024168E-05    1.024168E-05    1.024168E-05    1.024168E-05    1.024168E-05    1.024168E-05    1.024168E-05    1.024168E-05
   1.024168E-05    1.024168E-05    1.024168E-05    1.024168E-05    1.024168E-05    1.024168E-05    1.024168E-05    1.024168E-05    1.024168E-05    1.024168E-05    1.024168E-05    1.024168E-05    1.024168E-05    1.024168E-05    1.024168E-05    1.024168E-05    1.024168E-05    1.024168E-05    1.024168E-05    1.024168E-05
   1.024168E-05    1.024168E-05    1.024168E-05    1.024168E-05    1.024168E-05    1.024168E-05    1.024168E-05    1.024168E-05    1.024168E-05    1.024168E-05    1.024168E-05    1.024168E-05    1.024168E-05    1.024168E-05    1.024168E-05    1.024168E-05    1.024168E-05    1.024168E-05    1.024168E-05    1.024168E-05
   1.024168E-05    1.024168E-05    1.024168E-05    1.024168E-05    1.024168E-05    1.024168E-05    1.024168E-05    1.024168E-05    1.024168E-05    1.024168E-05    1.024168E-05    1.024168E-05    1.024168E-05    1.024168E-05    1.024168E-05    1.024168E-05    1.024168E-05    1.024168E-05    1.024168E-05    1.024168E-05
   8.300542E-06    1.024168E-05    1.024168E-05    1.024168E-05    1.024168E-05    1.024168E-05    1.024168E-05    1.024168E-05    1.024168E-05    1.024168E-05    1.024168E-05    1.024168E-05    1.024168E-05    1.024168E-05    1.024168E-05    1.024168E-05    1.024168E-05    1.024168E-05    1.024168E-05    1.024168E-05
   8.300542E-06    8.300542E-06    1.024168E-05    1.024168E-05    1.024168E-05    1.024168E-05    1.024168E-05    1.024168E-05    1.024168E-05    1.024168E-05    1.024168E-05    1.024168E-05    1.024168E-05    1.024168E-05    1.024168E-05    1.024168E-05    1.024168E-05    1.024168E-05    1.024168E-05    1.024168E-05
   8.300542E-06    8.300542E-06    8.300542E-06    1.024168E-05    1.024168E-05    1.024168E-05    1.024168E-05    1.024168E-05    1.024168E-05    1.024168E-05    1.024168E-05    1.024168E-05    1.024168E-05    1.024168E-05    1.024168E-05    1.024168E-05    1.024168E-05    1.024168E-05    1.024168E-05    1.024168E-05
   8.300542E-06    8.300542E-06    8.300542E-06    8.300542E-06    1.024168E-05    1.024168E-05    1.024168E-05    1.024168E-05    1.024168E-05    1.024168E-05    1.024168E-05    1.024168E-05    1.024168E-05    1.024168E-05    1.024168E-05    1.024168E-05    1.024168E-05    1.024168E-05    1.024168E-05    8.300542E-06
   8.300542E-06    8.300542E-06    8.300542E-06    8.300542E-06    1.024168E-05    1.024168E-05    1.024168E-05    1.024168E-05    1.024168E-05    1.024168E-05    1.024168E-05    1.024168E-05    1.024168E-05    1.024168E-05    1.024168E-05    1.024168E-05    1.024168E-05    1.024168E-05    1.024168E-05    8.300542E-06
   8.300542E-06    8.300542E-06    8.300542E-06    8.300542E-06    8.300542E-06    1.024168E-05    1.024168E-05    1.024168E-05    1.024168E-05    1.024168E-05    1.024168E-05    1.024168E-05    1.024168E-05    1.024168E-05    1.024168E-05    1.024168E-05    1.024168E-05    1.024168E-05    8.300542E-06    8.300542E-06
   8.300542E-06    8.300542E-06    8.300542E-06    8.300542E-06    8.300542E-06    1.024168E-05    1.024168E-05    1.024168E-05    1.024168E-05    1.024168E-05    1.024168E-05    1.024168E-05    1.024168E-05    1.024168E-05    1.024168E-05    1.024168E-05    1.024168E-05    8.300542E-06    8.300542E-06    8.300542E-06
   8.300542E-06    8.300542E-06    8.300542E-06    8.300542E-06    8.300542E-06    1.024168E-05    1.024168E-05    1.024168E-05    1.024168E-05    1.024168E-05    1.024168E-05    1.024168E-05    1.024168E-05    1.024168E-05    1.024168E-05    1.024168E-05    8.300542E-06    8.300542E-06    8.300542E-06    8.300542E-06
