   4.444503E-05    4.444503E-05    4.444503E-05    4.444503E-05    4.444503E-05    4.444503E-05    4.444503E-05    4.444503E-05    4.444503E-05    4.444503E-05    4.444503E-05    4.444503E-05    4.444503E-05    4.444503E-05    4.444503E-05    4.444503E-05    4.444503E-05    4.444503E-05    4.444503E-05    4.444503E-05
   4.444503E-05    4.444503E-05    4.444503E-05    4.444503E-05    4.444503E-05    4.444503E-05    4.444503E-05    4.444503E-05    4.444503E-05    4.444503E-05    4.444503E-05    4.444503E-05    4.444503E-05    4.444503E-05    4.444503E-05    4.444503E-05    4.444503E-05    4.444503E-05    4.444503E-05    4.444503E-05
   4.444503E-05    4.444503E-05    4.444503E-05    4.444503E-05    4.444503E-05    4.444503E-05    4.444503E-05    4.444503E-05    4.444503E-05    4.444503E-05    4.444503E-05    4.444503E-05    4.444503E-05    4.444503E-05    4.444503E-05    4.444503E-05    4.444503E-05    4.444503E-05    4.444503E-05    4.444503E-05
   4.444503E-05    4.444503E-05    4.444503E-05    4.444503E-05    4.444503E-05    4.444503E-05    4.444503E-05    4.444503E-05    4.444503E-05    4.444503E-05    4.444503E-05    4.444503E-05    4.444503E-05    4.444503E-05    4.444503E-05    4.444503E-05    4.444503E-05    4.444503E-05    4.444503E-05    4.444503E-05
   4.444503E-05    4.444503E-05    4.444503E-05    4.444503E-05    4.444503E-05    4.444503E-05    4.444503E-05    4.444503E-05    4.444503E-05    4.444503E-05    4.444503E-05    4.444503E-05    4.444503E-05    4.444503E-05    4.444503E-05    4.444503E-05    4.444503E-05    4.444503E-05    4.444503E-05    4.444503E-05
   4.444503E-05    4.444503E-05    4.444503E-05    4.444503E-05    4.444503E-05    4.444503E-05    4.444503E-05    4.444503E-05    4.444503E-05    4.444503E-05    4.444503E-05    4.444503E-05    4.444503E-05    4.444503E-05    4.444503E-05    4.444503E-05    4.444503E-05    4.444503E-05    4.444503E-05    4.444503E-05
   4.444503E-05    4.444503E-05    4.444503E-05    4.444503E-05    4.444503E-05    4.444503E-05    4.444503E-05    4.444503E-05    4.444503E-05    4.444503E-05    4.444503E-05    4.444503E-05    4.444503E-05    4.444503E-05    4.444503E-05    4.444503E-05    4.444503E-05    4.444503E-05    4.444503E-05    4.444503E-05
   4.444503E-05    4.444503E-05    4.444503E-05    4.444503E-05    4.444503E-05    4.444503E-05    4.444503E-05    4.444503E-05    4.444503E-05    4.444503E-05    4.444503E-05    4.444503E-05    4.444503E-05    4.444503E-05    4.444503E-05    4.444503E-05    4.444503E-05    4.444503E-05    4.444503E-05    4.444503E-05
   4.444503E-05    4.444503E-05    4.444503E-05    4.444503E-05    6.155115E-05    6.155115E-05    6.155115E-05    4.444503E-05    4.444503E-05    4.444503E-05    4.444503E-05    4.444503E-05    4.444503E-05    4.444503E-05    4.444503E-05    4.444503E-05    4.444503E-05    4.444503E-05    4.444503E-05    4.444503E-05
   4.444503E-05    4.444503E-05    4.444503E-05    4.444503E-05    6.155115E-05    6.155115E-05    6.155115E-05    6.155115E-05    4.444503E-05    4.444503E-05    4.444503E-05    4.444503E-05    4.444503E-05    4.444503E-05    4.444503E-05    4.444503E-05    4.444503E-05    4.444503E-05    4.444503E-05    4.444503E-05
   4.444503E-05    4.444503E-05    4.444503E-05    4.444503E-05    6.155115E-05    6.155115E-05    6.155115E-05    6.155115E-05    4.444503E-05    4.444503E-05    4.444503E-05    4.444503E-05    4.444503E-05    4.444503E-05    4.444503E-05    4.444503E-05    4.444503E-05    4.444503E-05    4.444503E-05    4.444503E-05
   4.444503E-05    4.444503E-05    4.444503E-05    4.444503E-05    6.155115E-05    6.155115E-05    6.155115E-05    6.155115E-05    4.444503E-05    4.444503E-05    4.444503E-05    4.444503E-05    4.444503E-05    4.444503E-05    4.444503E-05    4.444503E-05    4.444503E-05    4.444503E-05    4.444503E-05    4.444503E-05
   4.444503E-05    4.444503E-05    4.444503E-05    4.444503E-05    6.155115E-05    6.155115E-05    6.155115E-05    6.155115E-05    4.444503E-05    4.444503E-05    4.444503E-05    4.444503E-05    4.444503E-05    4.444503E-05    4.444503E-05    4.444503E-05    4.444503E-05    4.444503E-05    4.444503E-05    4.444503E-05
   4.444503E-05    4.444503E-05    4.444503E-05    4.444503E-05    6.155115E-05    6.155115E-05    6.155115E-05    6.155115E-05    4.444503E-05    4.444503E-05    4.444503E-05    4.444503E-05    4.444503E-05    4.444503E-05    4.444503E-05    4.444503E-05    4.444503E-05    4.444503E-05    4.444503E-05    4.444503E-05
   4.444503E-05    4.444503E-05    4.444503E-05    4.444503E-05    6.155115E-05    6.155115E-05    6.155115E-05    6.155115E-05    4.444503E-05    4.444503E-05    4.444503E-05    4.444503E-05    4.444503E-05    4.444503E-05    4.444503E-05    4.444503E-05    4.444503E-05    4.444503E-05    4.444503E-05    4.444503E-05
   4.444503E-05    4.444503E-05    4.444503E-05    4.444503E-05    6.155115E-05    6.155115E-05    6.155115E-05    6.155115E-05    4.444503E-05    4.444503E-05    4.444503E-05    4.444503E-05    4.444503E-05    4.444503E-05    4.444503E-05    4.444503E-05    4.444503E-05    4.444503E-05    4.444503E-05    4.444503E-05
   4.444503E-05    4.444503E-05    4.444503E-05    4.444503E-05    6.155115E-05    6.155115E-05    6.155115E-05    6.155115E-05    4.444503E-05    4.444503E-05    4.444503E-05    4.444503E-05    4.444503E-05    4.444503E-05    4.444503E-05    4.444503E-05    4.444503E-05    4.444503E-05    4.444503E-05    4.444503E-05
   4.444503E-05    4.444503E-05    4.444503E-05    4.444503E-05    6.155115E-05    6.155115E-05    6.155115E-05    6.155115E-05    4.444503E-05    4.444503E-05    4.444503E-05    4.444503E-05    4.444503E-05    4.444503E-05    4.444503E-05    4.444503E-05    4.444503E-05    4.444503E-05    4.444503E-05    4.444503E-05
   4.444503E-05    4.444503E-05    4.444503E-05    4.444503E-05    6.155115E-05    6.155115E-05    6.155115E-05    6.155115E-05    4.444503E-05    4.444503E-05    4.444503E-05    4.444503E-05    4.444503E-05    4.444503E-05    4.444503E-05    4.444503E-05    4.444503E-05    4.444503E-05    4.444503E-05    4.444503E-05
   4.444503E-05    4.444503E-05    4.444503E-05    4.444503E-05    6.155115E-05    6.155115E-05    6.155115E-05    6.155115E-05    4.444503E-05    4.444503E-05    4.444503E-05    4.444503E-05    4.444503E-05    4.444503E-05    4.444503E-05    4.444503E-05    4.444503E-05    4.444503E-05    4.444503E-05    4.444503E-05
   4.444503E-05    4.444503E-05    4.444503E-05    4.444503E-05    6.155115E-05    6.155115E-05    6.155115E-05    6.155115E-05    4.444503E-05    4.444503E-05    4.444503E-05    4.444503E-05    4.444503E-05    4.444503E-05    4.444503E-05    4.444503E-05    4.444503E-05    4.444503E-05    4.444503E-05    4.444503E-05
   4.444503E-05    4.444503E-05    4.444503E-05    4.444503E-05    6.155115E-05    6.155115E-05    4.444503E-05    4.444503E-05    4.444503E-05    4.444503E-05    4.444503E-05    4.444503E-05    4.444503E-05    4.444503E-05    4.444503E-05    4.444503E-05    4.444503E-05    4.444503E-05    4.444503E-05    4.444503E-05
   4.444503E-05    4.444503E-05    4.444503E-05    4.444503E-05    4.444503E-05    6.155115E-05    4.444503E-05    4.444503E-05    4.444503E-05    4.444503E-05    4.444503E-05    4.444503E-05    4.444503E-05    4.444503E-05    4.444503E-05    4.444503E-05    4.444503E-05    4.444503E-05    4.444503E-05    4.444503E-05
   4.444503E-05    4.444503E-05    4.444503E-05    4.444503E-05    4.444503E-05    4.444503E-05    4.444503E-05    4.444503E-05    4.444503E-05    4.444503E-05    4.444503E-05    4.444503E-05    4.444503E-05    4.444503E-05    4.444503E-05    4.444503E-05    4.444503E-05    4.444503E-05    4.444503E-05    4.444503E-05
   4.444503E-05    4.444503E-05    4.444503E-05    4.444503E-05    4.444503E-05    4.444503E-05    4.444503E-05    4.444503E-05    4.444503E-05    4.444503E-05    4.444503E-05    4.444503E-05    4.444503E-05    4.444503E-05    4.444503E-05    4.444503E-05    4.444503E-05    4.444503E-05    4.444503E-05    4.444503E-05
   4.444503E-05    4.444503E-05    4.444503E-05    4.444503E-05    4.444503E-05    4.444503E-05    4.444503E-05    4.444503E-05    4.444503E-05    4.444503E-05    4.444503E-05    4.444503E-05    4.444503E-05    4.444503E-05    4.444503E-05    4.444503E-05    4.444503E-05    4.444503E-05    4.444503E-05    4.444503E-05
   4.444503E-05    4.444503E-05    4.444503E-05    4.444503E-05    4.444503E-05    4.444503E-05    4.444503E-05    4.444503E-05    4.444503E-05    4.444503E-05    4.444503E-05    4.444503E-05    4.444503E-05    4.444503E-05    4.444503E-05    4.444503E-05    4.444503E-05    4.444503E-05    4.444503E-05    4.444503E-05
   4.444503E-05    4.444503E-05    4.444503E-05    4.444503E-05    4.444503E-05    4.444503E-05    4.444503E-05    4.444503E-05    4.444503E-05    4.444503E-05    4.444503E-05    4.444503E-05    4.444503E-05    4.444503E-05    4.444503E-05    4.444503E-05    4.444503E-05    4.444503E-05    4.444503E-05    4.444503E-05
   4.444503E-05    4.444503E-05    4.444503E-05    4.444503E-05    4.444503E-05    4.444503E-05    4.444503E-05    4.444503E-05    4.444503E-05    4.444503E-05    4.444503E-05    4.444503E-05    4.444503E-05    4.444503E-05    4.444503E-05    4.444503E-05    4.444503E-05    4.444503E-05    4.444503E-05    4.444503E-05
   4.444503E-05    4.444503E-05    4.444503E-05    4.444503E-05    4.444503E-05    4.444503E-05    4.444503E-05    4.444503E-05    4.444503E-05    4.444503E-05    4.444503E-05    4.444503E-05    4.444503E-05    4.444503E-05    4.444503E-05    4.444503E-05    4.444503E-05    4.444503E-05    4.444503E-05    4.444503E-05
   4.444503E-05    4.444503E-05    4.444503E-05    4.444503E-05    4.444503E-05    4.444503E-05    4.444503E-05    4.444503E-05    4.444503E-05    4.444503E-05    4.444503E-05    4.444503E-05    4.444503E-05    4.444503E-05    4.444503E-05    4.444503E-05    4.444503E-05    4.444503E-05    4.444503E-05    4.444503E-05
   4.444503E-05    4.444503E-05    4.444503E-05    4.444503E-05    4.444503E-05    4.444503E-05    4.444503E-05    4.444503E-05    4.444503E-05    4.444503E-05    4.444503E-05    4.444503E-05    4.444503E-05    4.444503E-05    4.444503E-05    4.444503E-05    4.444503E-05    4.444503E-05    4.444503E-05    4.444503E-05
   6.155115E-05    4.444503E-05    4.444503E-05    4.444503E-05    4.444503E-05    4.444503E-05    4.444503E-05    4.444503E-05    4.444503E-05    4.444503E-05    4.444503E-05    4.444503E-05    4.444503E-05    4.444503E-05    4.444503E-05    4.444503E-05    4.444503E-05    4.444503E-05    4.444503E-05    4.444503E-05
   6.155115E-05    6.155115E-05    4.444503E-05    4.444503E-05    4.444503E-05    4.444503E-05    4.444503E-05    4.444503E-05    4.444503E-05    4.444503E-05    4.444503E-05    4.444503E-05    4.444503E-05    4.444503E-05    4.444503E-05    4.444503E-05    4.444503E-05    4.444503E-05    4.444503E-05    4.444503E-05
   6.155115E-05    6.155115E-05    6.155115E-05    4.444503E-05    4.444503E-05    4.444503E-05    4.444503E-05    4.444503E-05    4.444503E-05    4.444503E-05    4.444503E-05    4.444503E-05    4.444503E-05    4.444503E-05    4.444503E-05    4.444503E-05    4.444503E-05    4.444503E-05    4.444503E-05    4.444503E-05
   6.155115E-05    6.155115E-05    6.155115E-05    6.155115E-05    4.444503E-05    4.444503E-05    4.444503E-05    4.444503E-05    4.444503E-05    4.444503E-05    4.444503E-05    4.444503E-05    4.444503E-05    4.444503E-05    4.444503E-05    4.444503E-05    4.444503E-05    4.444503E-05    4.444503E-05    6.155115E-05
   6.155115E-05    6.155115E-05    6.155115E-05    6.155115E-05    4.444503E-05    4.444503E-05    4.444503E-05    4.444503E-05    4.444503E-05    4.444503E-05    4.444503E-05    4.444503E-05    4.444503E-05    4.444503E-05    4.444503E-05    4.444503E-05    4.444503E-05    4.444503E-05    4.444503E-05    6.155115E-05
   6.155115E-05    6.155115E-05    6.155115E-05    6.155115E-05    6.155115E-05    4.444503E-05    4.444503E-05    4.444503E-05    4.444503E-05    4.444503E-05    4.444503E-05    4.444503E-05    4.444503E-05    4.444503E-05    4.444503E-05    4.444503E-05    4.444503E-05    4.444503E-05    6.155115E-05    6.155115E-05
   6.155115E-05    6.155115E-05    6.155115E-05    6.155115E-05    6.155115E-05    4.444503E-05    4.444503E-05    4.444503E-05    4.444503E-05    4.444503E-05    4.444503E-05    4.444503E-05    4.444503E-05    4.444503E-05    4.444503E-05    4.444503E-05    4.444503E-05    6.155115E-05    6.155115E-05    6.155115E-05
   6.155115E-05    6.155115E-05    6.155115E-05    6.155115E-05    6.155115E-05    4.444503E-05    4.444503E-05    4.444503E-05    4.444503E-05    4.444503E-05    4.444503E-05    4.444503E-05    4.444503E-05    4.444503E-05    4.444503E-05    4.444503E-05    6.155115E-05    6.155115E-05    6.155115E-05    6.155115E-05
