   2.531112E-05    2.531112E-05    2.531112E-05    2.531112E-05    2.531112E-05    2.531112E-05    2.531112E-05    2.531112E-05    2.531112E-05    2.531112E-05    2.531112E-05    2.531112E-05    2.531112E-05    2.531112E-05    2.531112E-05    2.531112E-05    2.531112E-05    2.531112E-05    2.531112E-05    2.531112E-05
   2.531112E-05    2.531112E-05    2.531112E-05    2.531112E-05    2.531112E-05    2.531112E-05    2.531112E-05    2.531112E-05    2.531112E-05    2.531112E-05    2.531112E-05    2.531112E-05    2.531112E-05    2.531112E-05    2.531112E-05    2.531112E-05    2.531112E-05    2.531112E-05    2.531112E-05    2.531112E-05
   2.531112E-05    2.531112E-05    2.531112E-05    2.531112E-05    2.531112E-05    2.531112E-05    2.531112E-05    2.531112E-05    2.531112E-05    2.531112E-05    2.531112E-05    2.531112E-05    2.531112E-05    2.531112E-05    2.531112E-05    2.531112E-05    2.531112E-05    2.531112E-05    2.531112E-05    2.531112E-05
   2.531112E-05    2.531112E-05    2.531112E-05    2.531112E-05    2.531112E-05    2.531112E-05    2.531112E-05    2.531112E-05    2.531112E-05    2.531112E-05    2.531112E-05    2.531112E-05    2.531112E-05    2.531112E-05    2.531112E-05    2.531112E-05    2.531112E-05    2.531112E-05    2.531112E-05    2.531112E-05
   2.531112E-05    2.531112E-05    2.531112E-05    2.531112E-05    2.531112E-05    2.531112E-05    2.531112E-05    2.531112E-05    2.531112E-05    2.531112E-05    2.531112E-05    2.531112E-05    2.531112E-05    2.531112E-05    2.531112E-05    2.531112E-05    2.531112E-05    2.531112E-05    2.531112E-05    2.531112E-05
   2.531112E-05    2.531112E-05    2.531112E-05    2.531112E-05    2.531112E-05    2.531112E-05    2.531112E-05    2.531112E-05    2.531112E-05    2.531112E-05    2.531112E-05    2.531112E-05    2.531112E-05    2.531112E-05    2.531112E-05    2.531112E-05    2.531112E-05    2.531112E-05    2.531112E-05    2.531112E-05
   2.531112E-05    2.531112E-05    2.531112E-05    2.531112E-05    2.531112E-05    2.531112E-05    2.531112E-05    2.531112E-05    2.531112E-05    2.531112E-05    2.531112E-05    2.531112E-05    2.531112E-05    2.531112E-05    2.531112E-05    2.531112E-05    2.531112E-05    2.531112E-05    2.531112E-05    2.531112E-05
   2.531112E-05    2.531112E-05    2.531112E-05    2.531112E-05    2.531112E-05    2.531112E-05    2.531112E-05    2.531112E-05    2.531112E-05    2.531112E-05    2.531112E-05    2.531112E-05    2.531112E-05    2.531112E-05    2.531112E-05    2.531112E-05    2.531112E-05    2.531112E-05    2.531112E-05    2.531112E-05
   2.531112E-05    2.531112E-05    2.531112E-05    2.531112E-05    2.200625E-05    2.200625E-05    2.200625E-05    2.531112E-05    2.531112E-05    2.531112E-05    2.531112E-05    2.531112E-05    2.531112E-05    2.531112E-05    2.531112E-05    2.531112E-05    2.531112E-05    2.531112E-05    2.531112E-05    2.531112E-05
   2.531112E-05    2.531112E-05    2.531112E-05    2.531112E-05    2.200625E-05    2.200625E-05    2.200625E-05    2.200625E-05    2.531112E-05    2.531112E-05    2.531112E-05    2.531112E-05    2.531112E-05    2.531112E-05    2.531112E-05    2.531112E-05    2.531112E-05    2.531112E-05    2.531112E-05    2.531112E-05
   2.531112E-05    2.531112E-05    2.531112E-05    2.531112E-05    2.200625E-05    2.200625E-05    2.200625E-05    2.200625E-05    2.531112E-05    2.531112E-05    2.531112E-05    2.531112E-05    2.531112E-05    2.531112E-05    2.531112E-05    2.531112E-05    2.531112E-05    2.531112E-05    2.531112E-05    2.531112E-05
   2.531112E-05    2.531112E-05    2.531112E-05    2.531112E-05    2.200625E-05    2.200625E-05    2.200625E-05    2.200625E-05    2.531112E-05    2.531112E-05    2.531112E-05    2.531112E-05    2.531112E-05    2.531112E-05    2.531112E-05    2.531112E-05    2.531112E-05    2.531112E-05    2.531112E-05    2.531112E-05
   2.531112E-05    2.531112E-05    2.531112E-05    2.531112E-05    2.200625E-05    2.200625E-05    2.200625E-05    2.200625E-05    2.531112E-05    2.531112E-05    2.531112E-05    2.531112E-05    2.531112E-05    2.531112E-05    2.531112E-05    2.531112E-05    2.531112E-05    2.531112E-05    2.531112E-05    2.531112E-05
   2.531112E-05    2.531112E-05    2.531112E-05    2.531112E-05    2.200625E-05    2.200625E-05    2.200625E-05    2.200625E-05    2.531112E-05    2.531112E-05    2.531112E-05    2.531112E-05    2.531112E-05    2.531112E-05    2.531112E-05    2.531112E-05    2.531112E-05    2.531112E-05    2.531112E-05    2.531112E-05
   2.531112E-05    2.531112E-05    2.531112E-05    2.531112E-05    2.200625E-05    2.200625E-05    2.200625E-05    2.200625E-05    2.531112E-05    2.531112E-05    2.531112E-05    2.531112E-05    2.531112E-05    2.531112E-05    2.531112E-05    2.531112E-05    2.531112E-05    2.531112E-05    2.531112E-05    2.531112E-05
   2.531112E-05    2.531112E-05    2.531112E-05    2.531112E-05    2.200625E-05    2.200625E-05    2.200625E-05    2.200625E-05    2.531112E-05    2.531112E-05    2.531112E-05    2.531112E-05    2.531112E-05    2.531112E-05    2.531112E-05    2.531112E-05    2.531112E-05    2.531112E-05    2.531112E-05    2.531112E-05
   2.531112E-05    2.531112E-05    2.531112E-05    2.531112E-05    2.200625E-05    2.200625E-05    2.200625E-05    2.200625E-05    2.531112E-05    2.531112E-05    2.531112E-05    2.531112E-05    2.531112E-05    2.531112E-05    2.531112E-05    2.531112E-05    2.531112E-05    2.531112E-05    2.531112E-05    2.531112E-05
   2.531112E-05    2.531112E-05    2.531112E-05    2.531112E-05    2.200625E-05    2.200625E-05    2.200625E-05    2.200625E-05    2.531112E-05    2.531112E-05    2.531112E-05    2.531112E-05    2.531112E-05    2.531112E-05    2.531112E-05    2.531112E-05    2.531112E-05    2.531112E-05    2.531112E-05    2.531112E-05
   2.531112E-05    2.531112E-05    2.531112E-05    2.531112E-05    2.200625E-05    2.200625E-05    2.200625E-05    2.200625E-05    2.531112E-05    2.531112E-05    2.531112E-05    2.531112E-05    2.531112E-05    2.531112E-05    2.531112E-05    2.531112E-05    2.531112E-05    2.531112E-05    2.531112E-05    2.531112E-05
   2.531112E-05    2.531112E-05    2.531112E-05    2.531112E-05    2.200625E-05    2.200625E-05    2.200625E-05    2.200625E-05    2.531112E-05    2.531112E-05    2.531112E-05    2.531112E-05    2.531112E-05    2.531112E-05    2.531112E-05    2.531112E-05    2.531112E-05    2.531112E-05    2.531112E-05    2.531112E-05
   2.531112E-05    2.531112E-05    2.531112E-05    2.531112E-05    2.200625E-05    2.200625E-05    2.200625E-05    2.200625E-05    2.531112E-05    2.531112E-05    2.531112E-05    2.531112E-05    2.531112E-05    2.531112E-05    2.531112E-05    2.531112E-05    2.531112E-05    2.531112E-05    2.531112E-05    2.531112E-05
   2.531112E-05    2.531112E-05    2.531112E-05    2.531112E-05    2.200625E-05    2.200625E-05    2.531112E-05    2.531112E-05    2.531112E-05    2.531112E-05    2.531112E-05    2.531112E-05    2.531112E-05    2.531112E-05    2.531112E-05    2.531112E-05    2.531112E-05    2.531112E-05    2.531112E-05    2.531112E-05
   2.531112E-05    2.531112E-05    2.531112E-05    2.531112E-05    2.531112E-05    2.200625E-05    2.531112E-05    2.531112E-05    2.531112E-05    2.531112E-05    2.531112E-05    2.531112E-05    2.531112E-05    2.531112E-05    2.531112E-05    2.531112E-05    2.531112E-05    2.531112E-05    2.531112E-05    2.531112E-05
   2.531112E-05    2.531112E-05    2.531112E-05    2.531112E-05    2.531112E-05    2.531112E-05    2.531112E-05    2.531112E-05    2.531112E-05    2.531112E-05    2.531112E-05    2.531112E-05    2.531112E-05    2.531112E-05    2.531112E-05    2.531112E-05    2.531112E-05    2.531112E-05    2.531112E-05    2.531112E-05
   2.531112E-05    2.531112E-05    2.531112E-05    2.531112E-05    2.531112E-05    2.531112E-05    2.531112E-05    2.531112E-05    2.531112E-05    2.531112E-05    2.531112E-05    2.531112E-05    2.531112E-05    2.531112E-05    2.531112E-05    2.531112E-05    2.531112E-05    2.531112E-05    2.531112E-05    2.531112E-05
   2.531112E-05    2.531112E-05    2.531112E-05    2.531112E-05    2.531112E-05    2.531112E-05    2.531112E-05    2.531112E-05    2.531112E-05    2.531112E-05    2.531112E-05    2.531112E-05    2.531112E-05    2.531112E-05    2.531112E-05    2.531112E-05    2.531112E-05    2.531112E-05    2.531112E-05    2.531112E-05
   2.531112E-05    2.531112E-05    2.531112E-05    2.531112E-05    2.531112E-05    2.531112E-05    2.531112E-05    2.531112E-05    2.531112E-05    2.531112E-05    2.531112E-05    2.531112E-05    2.531112E-05    2.531112E-05    2.531112E-05    2.531112E-05    2.531112E-05    2.531112E-05    2.531112E-05    2.531112E-05
   2.531112E-05    2.531112E-05    2.531112E-05    2.531112E-05    2.531112E-05    2.531112E-05    2.531112E-05    2.531112E-05    2.531112E-05    2.531112E-05    2.531112E-05    2.531112E-05    2.531112E-05    2.531112E-05    2.531112E-05    2.531112E-05    2.531112E-05    2.531112E-05    2.531112E-05    2.531112E-05
   2.531112E-05    2.531112E-05    2.531112E-05    2.531112E-05    2.531112E-05    2.531112E-05    2.531112E-05    2.531112E-05    2.531112E-05    2.531112E-05    2.531112E-05    2.531112E-05    2.531112E-05    2.531112E-05    2.531112E-05    2.531112E-05    2.531112E-05    2.531112E-05    2.531112E-05    2.531112E-05
   2.531112E-05    2.531112E-05    2.531112E-05    2.531112E-05    2.531112E-05    2.531112E-05    2.531112E-05    2.531112E-05    2.531112E-05    2.531112E-05    2.531112E-05    2.531112E-05    2.531112E-05    2.531112E-05    2.531112E-05    2.531112E-05    2.531112E-05    2.531112E-05    2.531112E-05    2.531112E-05
   2.531112E-05    2.531112E-05    2.531112E-05    2.531112E-05    2.531112E-05    2.531112E-05    2.531112E-05    2.531112E-05    2.531112E-05    2.531112E-05    2.531112E-05    2.531112E-05    2.531112E-05    2.531112E-05    2.531112E-05    2.531112E-05    2.531112E-05    2.531112E-05    2.531112E-05    2.531112E-05
   2.531112E-05    2.531112E-05    2.531112E-05    2.531112E-05    2.531112E-05    2.531112E-05    2.531112E-05    2.531112E-05    2.531112E-05    2.531112E-05    2.531112E-05    2.531112E-05    2.531112E-05    2.531112E-05    2.531112E-05    2.531112E-05    2.531112E-05    2.531112E-05    2.531112E-05    2.531112E-05
   2.200625E-05    2.531112E-05    2.531112E-05    2.531112E-05    2.531112E-05    2.531112E-05    2.531112E-05    2.531112E-05    2.531112E-05    2.531112E-05    2.531112E-05    2.531112E-05    2.531112E-05    2.531112E-05    2.531112E-05    2.531112E-05    2.531112E-05    2.531112E-05    2.531112E-05    2.531112E-05
   2.200625E-05    2.200625E-05    2.531112E-05    2.531112E-05    2.531112E-05    2.531112E-05    2.531112E-05    2.531112E-05    2.531112E-05    2.531112E-05    2.531112E-05    2.531112E-05    2.531112E-05    2.531112E-05    2.531112E-05    2.531112E-05    2.531112E-05    2.531112E-05    2.531112E-05    2.531112E-05
   2.200625E-05    2.200625E-05    2.200625E-05    2.531112E-05    2.531112E-05    2.531112E-05    2.531112E-05    2.531112E-05    2.531112E-05    2.531112E-05    2.531112E-05    2.531112E-05    2.531112E-05    2.531112E-05    2.531112E-05    2.531112E-05    2.531112E-05    2.531112E-05    2.531112E-05    2.531112E-05
   2.200625E-05    2.200625E-05    2.200625E-05    2.200625E-05    2.531112E-05    2.531112E-05    2.531112E-05    2.531112E-05    2.531112E-05    2.531112E-05    2.531112E-05    2.531112E-05    2.531112E-05    2.531112E-05    2.531112E-05    2.531112E-05    2.531112E-05    2.531112E-05    2.531112E-05    2.200625E-05
   2.200625E-05    2.200625E-05    2.200625E-05    2.200625E-05    2.531112E-05    2.531112E-05    2.531112E-05    2.531112E-05    2.531112E-05    2.531112E-05    2.531112E-05    2.531112E-05    2.531112E-05    2.531112E-05    2.531112E-05    2.531112E-05    2.531112E-05    2.531112E-05    2.531112E-05    2.200625E-05
   2.200625E-05    2.200625E-05    2.200625E-05    2.200625E-05    2.200625E-05    2.531112E-05    2.531112E-05    2.531112E-05    2.531112E-05    2.531112E-05    2.531112E-05    2.531112E-05    2.531112E-05    2.531112E-05    2.531112E-05    2.531112E-05    2.531112E-05    2.531112E-05    2.200625E-05    2.200625E-05
   2.200625E-05    2.200625E-05    2.200625E-05    2.200625E-05    2.200625E-05    2.531112E-05    2.531112E-05    2.531112E-05    2.531112E-05    2.531112E-05    2.531112E-05    2.531112E-05    2.531112E-05    2.531112E-05    2.531112E-05    2.531112E-05    2.531112E-05    2.200625E-05    2.200625E-05    2.200625E-05
   2.200625E-05    2.200625E-05    2.200625E-05    2.200625E-05    2.200625E-05    2.531112E-05    2.531112E-05    2.531112E-05    2.531112E-05    2.531112E-05    2.531112E-05    2.531112E-05    2.531112E-05    2.531112E-05    2.531112E-05    2.531112E-05    2.200625E-05    2.200625E-05    2.200625E-05    2.200625E-05
