   3.626691E+01    3.624757E+01    3.620979E+01    3.615449E+01    3.608290E+01    3.599681E+01    3.589828E+01    3.578968E+01    3.567325E+01    3.555102E+01    3.542362E+01    3.529049E+01    3.514951E+01    3.499766E+01    3.483168E+01    3.464874E+01    3.469732E+01    3.473451E+01    3.475956E+01    3.477210E+01
   3.627309E+01    3.625329E+01    3.621463E+01    3.615812E+01    3.608492E+01    3.599691E+01    3.589636E+01    3.578577E+01    3.566769E+01    3.554426E+01    3.541653E+01    3.528379E+01    3.514363E+01    3.499272E+01    3.482746E+01    3.464430E+01    3.469313E+01    3.473045E+01    3.475552E+01    3.476804E+01
   3.628591E+01    3.626519E+01    3.622487E+01    3.616588E+01    3.608920E+01    3.599712E+01    3.589241E+01    3.577805E+01    3.565676E+01    3.553108E+01    3.540263E+01    3.527051E+01    3.513166E+01    3.498240E+01    3.481850E+01    3.463625E+01    3.468482E+01    3.472215E+01    3.474720E+01    3.475965E+01
   3.630632E+01    3.628441E+01    3.624148E+01    3.617825E+01    3.609604E+01    3.599770E+01    3.588655E+01    3.576635E+01    3.564046E+01    3.551140E+01    3.538196E+01    3.525079E+01    3.511303E+01    3.496564E+01    3.480441E+01    3.462474E+01    3.467252E+01    3.470938E+01    3.473433E+01    3.474683E+01
   3.633552E+01    3.631220E+01    3.626589E+01    3.619673E+01    3.610620E+01    3.599851E+01    3.587804E+01    3.574958E+01    3.561779E+01    3.548528E+01    3.535394E+01    3.522284E+01    3.508719E+01    3.494272E+01    3.478510E+01    3.460983E+01    3.465593E+01    3.469211E+01    3.471709E+01    3.472976E+01
   3.637487E+01    3.635036E+01    3.630058E+01    3.622390E+01    3.612070E+01    3.599961E+01    3.586580E+01    3.572466E+01    3.558502E+01    3.544947E+01    3.531793E+01    3.518777E+01    3.505479E+01    3.491415E+01    3.476079E+01    3.459088E+01    3.463471E+01    3.467035E+01    3.469567E+01    3.470876E+01
   3.642535E+01    3.640094E+01    3.634963E+01    3.626524E+01    3.614056E+01    3.600086E+01    3.584881E+01    3.568712E+01    3.553864E+01    3.540232E+01    3.527291E+01    3.514572E+01    3.501680E+01    3.488086E+01    3.473163E+01    3.456652E+01    3.460754E+01    3.464354E+01    3.467031E+01    3.468440E+01
   3.648661E+01    3.646542E+01    3.641944E+01    3.633542E+01    3.616309E+01    3.600176E+01    3.582960E+01    3.562594E+01    3.547136E+01    3.534126E+01    3.521920E+01    3.509774E+01    3.497442E+01    3.484280E+01    3.469655E+01    3.453471E+01    3.457139E+01    3.461077E+01    3.464153E+01    3.465783E+01
   3.655516E+01    3.654114E+01    3.651474E+01    3.648400E+01    1.000000E+30    1.000000E+30    1.000000E+30    3.550548E+01    3.537175E+01    3.526433E+01    3.515771E+01    3.504599E+01    3.492718E+01    3.479744E+01    3.465451E+01    3.449352E+01    3.451790E+01    3.457119E+01    3.461106E+01    3.463113E+01
   3.662289E+01    3.661491E+01    3.660123E+01    3.658888E+01    1.000000E+30    1.000000E+30    1.000000E+30    1.000000E+30    3.523493E+01    3.517598E+01    3.509142E+01    3.499014E+01    3.487448E+01    3.474572E+01    3.460860E+01    3.444558E+01    3.441898E+01    3.452909E+01    3.458378E+01    3.460783E+01
   3.668270E+01    3.667878E+01    3.667235E+01    3.666660E+01    1.000000E+30    1.000000E+30    1.000000E+30    1.000000E+30    3.514088E+01    3.509972E+01    3.502905E+01    3.493472E+01    3.481805E+01    3.468253E+01    3.456695E+01    3.442995E+01    3.446602E+01    3.452656E+01    3.457013E+01    3.459162E+01
   3.672985E+01    3.672801E+01    3.672500E+01    3.672207E+01    1.000000E+30    1.000000E+30    1.000000E+30    1.000000E+30    3.507168E+01    3.503821E+01    3.497586E+01    3.488617E+01    3.476267E+01    3.457858E+01    3.452642E+01    3.441504E+01    3.447307E+01    3.452444E+01    3.456129E+01    3.457984E+01
   3.676188E+01    3.676086E+01    3.675916E+01    3.675770E+01    1.000000E+30    1.000000E+30    1.000000E+30    1.000000E+30    3.501959E+01    3.499032E+01    3.493475E+01    3.485464E+01    3.474975E+01    3.462593E+01    3.452627E+01    3.440880E+01    3.447067E+01    3.451944E+01    3.455297E+01    3.456960E+01
   3.677809E+01    3.677747E+01    3.677645E+01    3.677563E+01    1.000000E+30    1.000000E+30    1.000000E+30    1.000000E+30    3.498026E+01    3.495355E+01    3.490286E+01    3.483061E+01    3.473931E+01    3.463443E+01    3.452629E+01    3.440498E+01    3.446568E+01    3.451213E+01    3.454352E+01    3.455912E+01
   3.677817E+01    3.677789E+01    3.677733E+01    3.677675E+01    1.000000E+30    1.000000E+30    1.000000E+30    1.000000E+30    3.495135E+01    3.492608E+01    3.487828E+01    3.481103E+01    3.472734E+01    3.463004E+01    3.452202E+01    3.440062E+01    3.445890E+01    3.450321E+01    3.453304E+01    3.454794E+01
   3.676150E+01    3.676149E+01    3.676124E+01    3.676076E+01    1.000000E+30    1.000000E+30    1.000000E+30    1.000000E+30    3.493151E+01    3.490669E+01    3.485998E+01    3.479482E+01    3.471437E+01    3.462050E+01    3.451414E+01    3.439475E+01    3.445045E+01    3.449295E+01    3.452165E+01    3.453606E+01
   3.672753E+01    3.672756E+01    3.672749E+01    3.672693E+01    1.000000E+30    1.000000E+30    1.000000E+30    1.000000E+30    3.492021E+01    3.489480E+01    3.484731E+01    3.478171E+01    3.470159E+01    3.460868E+01    3.450337E+01    3.438638E+01    3.444027E+01    3.448150E+01    3.450946E+01    3.452361E+01
   3.667611E+01    3.667569E+01    3.667503E+01    3.667434E+01    1.000000E+30    1.000000E+30    1.000000E+30    1.000000E+30    3.491792E+01    3.489081E+01    3.484067E+01    3.477199E+01    3.468944E+01    3.459488E+01    3.448889E+01    3.437471E+01    3.442820E+01    3.446906E+01    3.449677E+01    3.451091E+01
   3.660815E+01    3.660673E+01    3.660457E+01    3.660341E+01    1.000000E+30    1.000000E+30    1.000000E+30    1.000000E+30    3.492626E+01    3.489586E+01    3.484090E+01    3.476687E+01    3.467811E+01    3.457718E+01    3.446753E+01    3.435834E+01    3.441383E+01    3.445600E+01    3.448416E+01    3.449839E+01
   3.652591E+01    3.652271E+01    3.651818E+01    3.651501E+01    1.000000E+30    1.000000E+30    1.000000E+30    1.000000E+30    3.494862E+01    3.491152E+01    3.484840E+01    3.476605E+01    3.466783E+01    3.455497E+01    3.443180E+01    3.433589E+01    3.439791E+01    3.444287E+01    3.447199E+01    3.448644E+01
   3.643215E+01    3.642599E+01    3.641627E+01    3.640798E+01    1.000000E+30    1.000000E+30    1.000000E+30    1.000000E+30    3.499217E+01    3.493953E+01    3.486314E+01    3.477031E+01    3.466152E+01    3.453128E+01    3.435507E+01    3.431027E+01    3.438363E+01    3.443127E+01    3.446095E+01    3.447546E+01
   3.633055E+01    3.631970E+01    3.629998E+01    3.627819E+01    1.000000E+30    1.000000E+30    3.526789E+01    3.519741E+01    3.507408E+01    3.497832E+01    3.488242E+01    3.477961E+01    3.466707E+01    3.454387E+01    3.441448E+01    3.431612E+01    3.437893E+01    3.442324E+01    3.445163E+01    3.446568E+01
   3.622618E+01    3.620937E+01    3.617432E+01    3.611260E+01    3.599437E+01    1.000000E+30    3.531895E+01    3.523417E+01    3.511801E+01    3.500618E+01    3.489707E+01    3.478733E+01    3.467305E+01    3.455377E+01    3.443364E+01    3.431966E+01    3.437605E+01    3.441681E+01    3.444343E+01    3.445680E+01
   3.612525E+01    3.610458E+01    3.606092E+01    3.598434E+01    3.585601E+01    3.564527E+01    3.543175E+01    3.528359E+01    3.514779E+01    3.502081E+01    3.490111E+01    3.478702E+01    3.467292E+01    3.455651E+01    3.443810E+01    3.431835E+01    3.437178E+01    3.441041E+01    3.443560E+01    3.444824E+01
   3.603139E+01    3.600916E+01    3.596303E+01    3.588717E+01    3.577350E+01    3.561923E+01    3.545276E+01    3.530002E+01    3.515513E+01    3.501701E+01    3.488802E+01    3.477542E+01    3.466516E+01    3.455213E+01    3.443515E+01    3.431374E+01    3.436564E+01    3.440304E+01    3.442727E+01    3.443936E+01
   3.594616E+01    3.592384E+01    3.587852E+01    3.580748E+01    3.570750E+01    3.558011E+01    3.543698E+01    3.528995E+01    3.514150E+01    3.499245E+01    3.484694E+01    3.475046E+01    3.465069E+01    3.454277E+01    3.442790E+01    3.430665E+01    3.435780E+01    3.439436E+01    3.441799E+01    3.442973E+01
   3.586975E+01    3.584772E+01    3.580382E+01    3.573728E+01    3.564583E+01    3.553174E+01    3.540150E+01    3.526251E+01    3.511496E+01    3.495353E+01    3.474513E+01    3.471700E+01    3.463421E+01    3.453151E+01    3.441851E+01    3.429802E+01    3.434855E+01    3.438439E+01    3.440760E+01    3.441913E+01
   3.580171E+01    3.577987E+01    3.573713E+01    3.567241E+01    3.558392E+01    3.547391E+01    3.534898E+01    3.522293E+01    3.509056E+01    3.495375E+01    3.481580E+01    3.472384E+01    3.462701E+01    3.452139E+01    3.440830E+01    3.428849E+01    3.433815E+01    3.437328E+01    3.439605E+01    3.440745E+01
   3.574174E+01    3.571958E+01    3.567651E+01    3.561081E+01    3.552080E+01    3.540524E+01    3.526932E+01    3.517048E+01    3.506247E+01    3.494596E+01    3.482893E+01    3.472344E+01    3.461853E+01    3.451011E+01    3.439680E+01    3.427798E+01    3.432642E+01    3.436103E+01    3.438345E+01    3.439467E+01
   3.568982E+01    3.566600E+01    3.562091E+01    3.555376E+01    3.546119E+01    3.533262E+01    3.513148E+01    3.511209E+01    3.503087E+01    3.492825E+01    3.481956E+01    3.471202E+01    3.460446E+01    3.449525E+01    3.438290E+01    3.426606E+01    3.431324E+01    3.434738E+01    3.436965E+01    3.438081E+01
   3.564749E+01    3.561891E+01    3.557046E+01    3.550339E+01    3.541618E+01    3.530755E+01    3.518341E+01    3.509929E+01    3.500697E+01    3.490514E+01    3.479858E+01    3.469098E+01    3.458350E+01    3.447573E+01    3.436578E+01    3.425186E+01    3.429840E+01    3.433232E+01    3.435469E+01    3.436599E+01
   3.561938E+01    3.557690E+01    3.552271E+01    3.545504E+01    3.537268E+01    3.527718E+01    3.517431E+01    3.507791E+01    3.497894E+01    3.487544E+01    3.476882E+01    3.466114E+01    3.455442E+01    3.445011E+01    3.434457E+01    3.423510E+01    3.428174E+01    3.431587E+01    3.433871E+01    3.435045E+01
   1.000000E+30    3.553215E+01    3.547306E+01    3.540367E+01    3.532333E+01    3.523467E+01    3.514014E+01    3.504315E+01    3.494257E+01    3.483831E+01    3.473090E+01    3.462175E+01    3.451465E+01    3.441703E+01    3.431866E+01    3.421552E+01    3.426320E+01    3.429819E+01    3.432194E+01    3.433472E+01
   1.000000E+30    1.000000E+30    3.541734E+01    3.534450E+01    3.526323E+01    3.517882E+01    3.508981E+01    3.499619E+01    3.489768E+01    3.479425E+01    3.468592E+01    3.457206E+01    3.445623E+01    3.437478E+01    3.428842E+01    3.419326E+01    3.424268E+01    3.427915E+01    3.430452E+01    3.431987E+01
   1.000000E+30    1.000000E+30    1.000000E+30    3.527457E+01    3.518624E+01    3.510767E+01    3.502579E+01    3.493823E+01    3.484444E+01    3.474453E+01    3.463723E+01    3.451498E+01    3.435237E+01    3.432679E+01    3.425714E+01    3.416962E+01    3.422054E+01    3.425807E+01    3.428516E+01    3.430848E+01
   1.000000E+30    1.000000E+30    1.000000E+30    1.000000E+30    3.507862E+01    3.501954E+01    3.494801E+01    3.486905E+01    3.478299E+01    3.469095E+01    3.459341E+01    3.448937E+01    3.438256E+01    3.431040E+01    3.423309E+01    3.414667E+01    3.419719E+01    3.423421E+01    3.425736E+01    1.000000E+30
   1.000000E+30    1.000000E+30    1.000000E+30    1.000000E+30    3.501052E+01    3.492264E+01    3.485668E+01    3.478822E+01    3.471208E+01    3.463048E+01    3.454479E+01    3.445590E+01    3.436750E+01    3.428801E+01    3.420770E+01    3.412253E+01    3.417262E+01    3.421118E+01    3.424040E+01    1.000000E+30
   1.000000E+30    1.000000E+30    1.000000E+30    1.000000E+30    1.000000E+30    3.478073E+01    3.474553E+01    3.469326E+01    3.463010E+01    3.456075E+01    3.448690E+01    3.441008E+01    3.433226E+01    3.425543E+01    3.417707E+01    3.409497E+01    3.414466E+01    3.418449E+01    1.000000E+30    1.000000E+30
   1.000000E+30    1.000000E+30    1.000000E+30    1.000000E+30    1.000000E+30    3.465351E+01    3.462992E+01    3.458964E+01    3.453926E+01    3.448162E+01    3.441893E+01    3.435285E+01    3.428423E+01    3.421350E+01    3.413977E+01    3.406200E+01    3.411079E+01    1.000000E+30    1.000000E+30    1.000000E+30
   1.000000E+30    1.000000E+30    1.000000E+30    1.000000E+30    1.000000E+30    3.453102E+01    3.451279E+01    3.448101E+01    3.444017E+01    3.439308E+01    3.434132E+01    3.428553E+01    3.422586E+01    3.416247E+01    3.409486E+01    3.402235E+01    1.000000E+30    1.000000E+30    1.000000E+30    1.000000E+30
