   3.600813E+01    3.599003E+01    3.595468E+01    3.590301E+01    3.583623E+01    3.575613E+01    3.566475E+01    3.556443E+01    3.545741E+01    3.534572E+01    3.523012E+01    3.511030E+01    3.498454E+01    3.485036E+01    3.470512E+01    3.454663E+01    3.458293E+01    3.461081E+01    3.462961E+01    3.463903E+01
   3.601399E+01    3.599545E+01    3.595926E+01    3.590641E+01    3.583809E+01    3.575614E+01    3.566281E+01    3.556057E+01    3.545194E+01    3.533906E+01    3.522308E+01    3.510353E+01    3.497844E+01    3.484506E+01    3.470042E+01    3.454168E+01    3.457821E+01    3.460617E+01    3.462496E+01    3.463436E+01
   3.602616E+01    3.600672E+01    3.596893E+01    3.591370E+01    3.584202E+01    3.575617E+01    3.565882E+01    3.555293E+01    3.544116E+01    3.532604E+01    3.520923E+01    3.509009E+01    3.496606E+01    3.483404E+01    3.469056E+01    3.453261E+01    3.456881E+01    3.459668E+01    3.461542E+01    3.462475E+01
   3.604552E+01    3.602495E+01    3.598463E+01    3.592534E+01    3.584835E+01    3.575646E+01    3.565289E+01    3.554133E+01    3.542505E+01    3.530656E+01    3.518857E+01    3.507007E+01    3.494681E+01    3.481631E+01    3.467513E+01    3.451953E+01    3.455473E+01    3.458206E+01    3.460070E+01    3.461008E+01
   3.607324E+01    3.605130E+01    3.600775E+01    3.594275E+01    3.585778E+01    3.575691E+01    3.564435E+01    3.552474E+01    3.540262E+01    3.528058E+01    3.516052E+01    3.504173E+01    3.492009E+01    3.479200E+01    3.465396E+01    3.450231E+01    3.453558E+01    3.456216E+01    3.458085E+01    3.459045E+01
   3.611063E+01    3.608752E+01    3.604062E+01    3.596841E+01    3.587132E+01    3.575759E+01    3.563219E+01    3.550029E+01    3.537038E+01    3.524505E+01    3.512436E+01    3.500600E+01    3.488636E+01    3.476142E+01    3.462700E+01    3.448017E+01    3.451069E+01    3.453670E+01    3.455592E+01    3.456611E+01
   3.615859E+01    3.613555E+01    3.608712E+01    3.600751E+01    3.588996E+01    3.575844E+01    3.561553E+01    3.546380E+01    3.532503E+01    3.519843E+01    3.507915E+01    3.496295E+01    3.484640E+01    3.472521E+01    3.459412E+01    3.445143E+01    3.447808E+01    3.450468E+01    3.452600E+01    3.453763E+01
   3.621683E+01    3.619679E+01    3.615335E+01    3.607398E+01    3.591119E+01    3.575907E+01    3.559689E+01    3.540496E+01    3.525972E+01    3.513827E+01    3.502515E+01    3.491349E+01    3.480126E+01    3.468310E+01    3.455395E+01    3.441341E+01    3.443315E+01    3.446452E+01    3.449163E+01    3.450646E+01
   3.628199E+01    3.626874E+01    3.624377E+01    3.621470E+01    1.000000E+30    1.000000E+30    1.000000E+30    3.529032E+01    3.516362E+01    3.506276E+01    3.496324E+01    3.485950E+01    3.475007E+01    3.463227E+01    3.450527E+01    3.436323E+01    3.436313E+01    3.441470E+01    3.445510E+01    3.447545E+01
   3.634639E+01    3.633883E+01    3.632588E+01    3.631419E+01    1.000000E+30    1.000000E+30    1.000000E+30    1.000000E+30    3.503186E+01    3.497625E+01    3.489644E+01    3.480075E+01    3.469177E+01    3.457252E+01    3.445168E+01    3.430429E+01    3.422515E+01    3.436138E+01    3.442358E+01    3.444971E+01
   3.640319E+01    3.639949E+01    3.639340E+01    3.638794E+01    1.000000E+30    1.000000E+30    1.000000E+30    1.000000E+30    3.494080E+01    3.490152E+01    3.483366E+01    3.474217E+01    3.462763E+01    3.449539E+01    3.440458E+01    3.429417E+01    3.430750E+01    3.436767E+01    3.441256E+01    3.443467E+01
   3.644786E+01    3.644611E+01    3.644326E+01    3.644048E+01    1.000000E+30    1.000000E+30    1.000000E+30    1.000000E+30    3.487397E+01    3.484173E+01    3.478110E+01    3.469202E+01    3.456386E+01    3.435580E+01    3.435834E+01    3.428445E+01    3.432902E+01    3.437428E+01    3.440861E+01    3.442624E+01
   3.647799E+01    3.647702E+01    3.647540E+01    3.647402E+01    1.000000E+30    1.000000E+30    1.000000E+30    1.000000E+30    3.482425E+01    3.479625E+01    3.474283E+01    3.466515E+01    3.456254E+01    3.444311E+01    3.437134E+01    3.428576E+01    3.433536E+01    3.437623E+01    3.440534E+01    3.442005E+01
   3.649290E+01    3.649231E+01    3.649134E+01    3.649055E+01    1.000000E+30    1.000000E+30    1.000000E+30    1.000000E+30    3.478727E+01    3.476218E+01    3.471462E+01    3.464702E+01    3.456258E+01    3.446907E+01    3.438214E+01    3.428806E+01    3.433631E+01    3.437416E+01    3.440029E+01    3.441345E+01
   3.649225E+01    3.649198E+01    3.649145E+01    3.649089E+01    1.000000E+30    1.000000E+30    1.000000E+30    1.000000E+30    3.476033E+01    3.473707E+01    3.469326E+01    3.463215E+01    3.455742E+01    3.447330E+01    3.438439E+01    3.428742E+01    3.433331E+01    3.436888E+01    3.439318E+01    3.440545E+01
   3.647540E+01    3.647540E+01    3.647516E+01    3.647470E+01    1.000000E+30    1.000000E+30    1.000000E+30    1.000000E+30    3.474169E+01    3.471917E+01    3.467702E+01    3.461881E+01    3.454815E+01    3.446782E+01    3.437963E+01    3.428308E+01    3.432685E+01    3.436083E+01    3.438410E+01    3.439588E+01
   3.644181E+01    3.644183E+01    3.644177E+01    3.644123E+01    1.000000E+30    1.000000E+30    1.000000E+30    1.000000E+30    3.473054E+01    3.470761E+01    3.466500E+01    3.460667E+01    3.453648E+01    3.445690E+01    3.436923E+01    3.427449E+01    3.431710E+01    3.435037E+01    3.437323E+01    3.438491E+01
   3.639130E+01    3.639090E+01    3.639025E+01    3.638958E+01    1.000000E+30    1.000000E+30    1.000000E+30    1.000000E+30    3.472711E+01    3.470262E+01    3.465749E+01    3.459611E+01    3.452316E+01    3.444126E+01    3.435243E+01    3.426092E+01    3.430410E+01    3.433786E+01    3.436105E+01    3.437296E+01
   3.632474E+01    3.632336E+01    3.632127E+01    3.632014E+01    1.000000E+30    1.000000E+30    1.000000E+30    1.000000E+30    3.473286E+01    3.470522E+01    3.465535E+01    3.458837E+01    3.450849E+01    3.441882E+01    3.432504E+01    3.424067E+01    3.428760E+01    3.432396E+01    3.434836E+01    3.436072E+01
   3.624432E+01    3.624121E+01    3.623681E+01    3.623373E+01    1.000000E+30    1.000000E+30    1.000000E+30    1.000000E+30    3.475092E+01    3.471696E+01    3.465920E+01    3.458367E+01    3.449306E+01    3.438820E+01    3.427558E+01    3.421175E+01    3.426871E+01    3.430968E+01    3.433594E+01    3.434889E+01
   3.615267E+01    3.614669E+01    3.613725E+01    3.612920E+01    1.000000E+30    1.000000E+30    1.000000E+30    1.000000E+30    3.478786E+01    3.473955E+01    3.466943E+01    3.458382E+01    3.448176E+01    3.435405E+01    3.416364E+01    3.417809E+01    3.425217E+01    3.429753E+01    3.432498E+01    3.433823E+01
   3.605335E+01    3.604280E+01    3.602364E+01    3.600249E+01    1.000000E+30    1.000000E+30    3.503678E+01    3.497180E+01    3.485930E+01    3.477144E+01    3.468373E+01    3.459003E+01    3.448722E+01    3.437390E+01    3.425659E+01    3.419163E+01    3.424982E+01    3.429059E+01    3.431645E+01    3.432917E+01
   3.595122E+01    3.593488E+01    3.590081E+01    3.584087E+01    3.572596E+01    1.000000E+30    3.508276E+01    3.500341E+01    3.489553E+01    3.479223E+01    3.469275E+01    3.459450E+01    3.449358E+01    3.438962E+01    3.428843E+01    3.420129E+01    3.425005E+01    3.428594E+01    3.430948E+01    3.432133E+01
   3.585229E+01    3.583216E+01    3.578970E+01    3.571537E+01    3.559120E+01    3.538837E+01    3.518561E+01    3.504511E+01    3.491710E+01    3.479853E+01    3.468929E+01    3.458944E+01    3.449226E+01    3.439482E+01    3.429799E+01    3.420345E+01    3.424825E+01    3.428126E+01    3.430299E+01    3.431394E+01
   3.576006E+01    3.573831E+01    3.569326E+01    3.561935E+01    3.550905E+01    3.536009E+01    3.520039E+01    3.505413E+01    3.491558E+01    3.478411E+01    3.466469E+01    3.457033E+01    3.448128E+01    3.439045E+01    3.429683E+01    3.420049E+01    3.424377E+01    3.427532E+01    3.429591E+01    3.430623E+01
   3.567609E+01    3.565408E+01    3.560944E+01    3.553962E+01    3.544168E+01    3.531750E+01    3.517881E+01    3.503679E+01    3.489252E+01    3.474564E+01    3.460284E+01    3.453429E+01    3.446220E+01    3.437994E+01    3.429001E+01    3.419414E+01    3.423701E+01    3.426778E+01    3.428774E+01    3.429769E+01
   3.560066E+01    3.557870E+01    3.553491E+01    3.546857E+01    3.537750E+01    3.526441E+01    3.513670E+01    3.500242E+01    3.485795E+01    3.469167E+01    3.445354E+01    3.448861E+01    3.444232E+01    3.436799E+01    3.428087E+01    3.418592E+01    3.422853E+01    3.425875E+01    3.427834E+01    3.428808E+01
   3.553355E+01    3.551151E+01    3.546826E+01    3.540250E+01    3.531221E+01    3.520001E+01    3.507479E+01    3.495657E+01    3.483274E+01    3.470160E+01    3.456889E+01    3.450648E+01    3.443848E+01    3.435930E+01    3.427144E+01    3.417678E+01    3.421876E+01    3.424844E+01    3.426768E+01    3.427732E+01
   3.547463E+01    3.545211E+01    3.540802E+01    3.534006E+01    3.524552E+01    3.512208E+01    3.497710E+01    3.489611E+01    3.480527E+01    3.470269E+01    3.460003E+01    3.451608E+01    3.443481E+01    3.435028E+01    3.426100E+01    3.416664E+01    3.420760E+01    3.423690E+01    3.425588E+01    3.426540E+01
   3.542407E+01    3.539994E+01    3.535378E+01    3.528385E+01    3.518465E+01    3.503991E+01    3.479362E+01    3.482956E+01    3.477582E+01    3.469184E+01    3.460004E+01    3.451146E+01    3.442464E+01    3.433743E+01    3.424801E+01    3.415496E+01    3.419491E+01    3.422391E+01    3.424285E+01    3.425237E+01
   3.538331E+01    3.535489E+01    3.530611E+01    3.523750E+01    3.514658E+01    3.503112E+01    3.489953E+01    3.483443E+01    3.476110E+01    3.467594E+01    3.458533E+01    3.449471E+01    3.440596E+01    3.431893E+01    3.423130E+01    3.414085E+01    3.418048E+01    3.420950E+01    3.422868E+01    3.423838E+01
   3.535653E+01    3.531530E+01    3.526211E+01    3.519486E+01    3.511218E+01    3.501609E+01    3.491500E+01    3.482905E+01    3.474325E+01    3.465316E+01    3.456008E+01    3.446696E+01    3.437704E+01    3.429293E+01    3.420980E+01    3.412396E+01    3.416418E+01    3.419373E+01    3.421353E+01    3.422373E+01
   1.000000E+30    3.527317E+01    3.521663E+01    3.514972E+01    3.507178E+01    3.498588E+01    3.489585E+01    3.480680E+01    3.471608E+01    3.462219E+01    3.452526E+01    3.442727E+01    3.433408E+01    3.425754E+01    3.418288E+01    3.410416E+01    3.414612E+01    3.417688E+01    3.419773E+01    3.420896E+01
   1.000000E+30    1.000000E+30    3.516525E+01    3.509696E+01    3.502036E+01    3.494057E+01    3.485702E+01    3.477029E+01    3.467956E+01    3.458393E+01    3.448260E+01    3.437452E+01    3.426544E+01    3.421067E+01    3.415137E+01    3.408202E+01    3.412648E+01    3.415901E+01    3.418151E+01    3.419514E+01
   1.000000E+30    1.000000E+30    1.000000E+30    3.503373E+01    3.495260E+01    3.487965E+01    3.480347E+01    3.472216E+01    3.463491E+01    3.454101E+01    3.443770E+01    3.431367E+01    3.413096E+01    3.415755E+01    3.412040E+01    3.405968E+01    3.410604E+01    3.413972E+01    3.416385E+01    3.418465E+01
   1.000000E+30    1.000000E+30    1.000000E+30    1.000000E+30    3.485667E+01    3.480254E+01    3.473652E+01    3.466332E+01    3.458320E+01    3.449685E+01    3.440416E+01    3.430381E+01    3.420175E+01    3.415455E+01    3.410255E+01    3.404018E+01    3.408554E+01    3.411848E+01    3.413898E+01    1.000000E+30
   1.000000E+30    1.000000E+30    1.000000E+30    1.000000E+30    3.479631E+01    3.471737E+01    3.465707E+01    3.459388E+01    3.452337E+01    3.444757E+01    3.436792E+01    3.428597E+01    3.420753E+01    3.414539E+01    3.408510E+01    3.402068E+01    3.406463E+01    3.409841E+01    3.412398E+01    1.000000E+30
   1.000000E+30    1.000000E+30    1.000000E+30    1.000000E+30    1.000000E+30    3.459220E+01    3.455994E+01    3.451186E+01    3.445370E+01    3.439000E+01    3.432266E+01    3.425385E+01    3.418663E+01    3.412411E+01    3.406246E+01    3.399832E+01    3.404105E+01    3.407535E+01    1.000000E+30    1.000000E+30
   1.000000E+30    1.000000E+30    1.000000E+30    1.000000E+30    1.000000E+30    3.448065E+01    3.445907E+01    3.442217E+01    3.437605E+01    3.432357E+01    3.426721E+01    3.420900E+01    3.415039E+01    3.409217E+01    3.403299E+01    3.397109E+01    3.401240E+01    1.000000E+30    1.000000E+30    1.000000E+30
   1.000000E+30    1.000000E+30    1.000000E+30    1.000000E+30    1.000000E+30    3.437383E+01    3.435721E+01    3.432818E+01    3.429092E+01    3.424827E+01    3.420204E+01    3.415334E+01    3.410279E+01    3.405059E+01    3.399614E+01    3.393806E+01    1.000000E+30    1.000000E+30    1.000000E+30    1.000000E+30
