   3.536773E+01    3.535472E+01    3.532934E+01    3.529220E+01    3.524414E+01    3.518636E+01    3.512038E+01    3.504796E+01    3.497085E+01    3.489074E+01    3.480846E+01    3.472405E+01    3.463665E+01    3.454488E+01    3.444741E+01    3.434343E+01    3.435980E+01    3.437281E+01    3.438176E+01    3.438629E+01
   3.536997E+01    3.535670E+01    3.533082E+01    3.529300E+01    3.524397E+01    3.518500E+01    3.511770E+01    3.504393E+01    3.496567E+01    3.488468E+01    3.480208E+01    3.471785E+01    3.463089E+01    3.453965E+01    3.444253E+01    3.433816E+01    3.435492E+01    3.436804E+01    3.437699E+01    3.438149E+01
   3.537462E+01    3.536085E+01    3.533408E+01    3.529486E+01    3.524376E+01    3.518227E+01    3.511228E+01    3.503596E+01    3.495544E+01    3.487280E+01    3.478953E+01    3.470556E+01    3.461932E+01    3.452900E+01    3.443263E+01    3.432870E+01    3.434537E+01    3.435843E+01    3.436732E+01    3.437179E+01
   3.538207E+01    3.536772E+01    3.533956E+01    3.529799E+01    3.524369E+01    3.517839E+01    3.510425E+01    3.502398E+01    3.494021E+01    3.485510E+01    3.477092E+01    3.468734E+01    3.460162E+01    3.451238E+01    3.441764E+01    3.431536E+01    3.433130E+01    3.434395E+01    3.435276E+01    3.435724E+01
   3.539273E+01    3.537772E+01    3.534788E+01    3.530316E+01    3.524425E+01    3.517339E+01    3.509328E+01    3.500736E+01    3.491932E+01    3.483155E+01    3.474584E+01    3.466200E+01    3.457745E+01    3.449001E+01    3.439761E+01    3.429822E+01    3.431276E+01    3.432481E+01    3.433355E+01    3.433813E+01
   3.540696E+01    3.539153E+01    3.536017E+01    3.531179E+01    3.524627E+01    3.516769E+01    3.507902E+01    3.498426E+01    3.489034E+01    3.479997E+01    3.471373E+01    3.463024E+01    3.454725E+01    3.446228E+01    3.437275E+01    3.427704E+01    3.428959E+01    3.430105E+01    3.430998E+01    3.431486E+01
   3.542480E+01    3.540979E+01    3.537831E+01    3.532682E+01    3.525091E+01    3.516201E+01    3.506153E+01    3.495202E+01    3.485103E+01    3.475936E+01    3.467407E+01    3.459229E+01    3.451179E+01    3.442990E+01    3.434322E+01    3.425099E+01    3.426077E+01    3.427234E+01    3.428241E+01    3.428813E+01
   3.544540E+01    3.543262E+01    3.540510E+01    3.535585E+01    3.525814E+01    3.515784E+01    3.504402E+01    3.490361E+01    3.479635E+01    3.470784E+01    3.462704E+01    3.454893E+01    3.447208E+01    3.439293E+01    3.430837E+01    3.421862E+01    3.422381E+01    3.423801E+01    3.425152E+01    3.425920E+01
   3.546603E+01    3.545765E+01    3.544188E+01    3.542359E+01    1.000000E+30    1.000000E+30    1.000000E+30    3.481512E+01    3.471782E+01    3.464374E+01    3.457308E+01    3.450136E+01    3.442746E+01    3.434955E+01    3.426759E+01    3.417849E+01    3.417156E+01    3.419764E+01    3.421920E+01    3.423026E+01
   3.548157E+01    3.547682E+01    3.546863E+01    3.546103E+01    1.000000E+30    1.000000E+30    1.000000E+30    1.000000E+30    3.460935E+01    3.456973E+01    3.451431E+01    3.444945E+01    3.437725E+01    3.429995E+01    3.422338E+01    3.413316E+01    3.407986E+01    3.415562E+01    3.419025E+01    3.420485E+01
   3.548774E+01    3.548525E+01    3.548116E+01    3.547759E+01    1.000000E+30    1.000000E+30    1.000000E+30    1.000000E+30    3.453031E+01    3.450328E+01    3.445745E+01    3.439696E+01    3.432301E+01    3.423973E+01    3.418309E+01    3.411722E+01    3.411844E+01    3.414992E+01    3.417435E+01    3.418656E+01
   3.548194E+01    3.548056E+01    3.547837E+01    3.547665E+01    1.000000E+30    1.000000E+30    1.000000E+30    1.000000E+30    3.446834E+01    3.444686E+01    3.440700E+01    3.434962E+01    3.426927E+01    3.414341E+01    3.414390E+01    3.410216E+01    3.412238E+01    3.414528E+01    3.416342E+01    3.417294E+01
   3.546303E+01    3.546223E+01    3.546103E+01    3.546013E+01    1.000000E+30    1.000000E+30    1.000000E+30    1.000000E+30    3.441807E+01    3.439992E+01    3.436568E+01    3.431669E+01    3.425334E+01    3.418164E+01    3.414070E+01    3.409414E+01    3.411778E+01    3.413822E+01    3.415333E+01    3.416114E+01
   3.543049E+01    3.543017E+01    3.542963E+01    3.542904E+01    1.000000E+30    1.000000E+30    1.000000E+30    1.000000E+30    3.437615E+01    3.436042E+01    3.433090E+01    3.428953E+01    3.423898E+01    3.418476E+01    3.413674E+01    3.408684E+01    3.411005E+01    3.412891E+01    3.414238E+01    3.414930E+01
   3.538374E+01    3.538384E+01    3.538370E+01    3.538329E+01    1.000000E+30    1.000000E+30    1.000000E+30    1.000000E+30    3.434035E+01    3.432642E+01    3.430039E+01    3.426459E+01    3.422177E+01    3.417508E+01    3.412764E+01    3.407762E+01    3.409986E+01    3.411769E+01    3.413022E+01    3.413667E+01
   3.532222E+01    3.532258E+01    3.532272E+01    3.532239E+01    1.000000E+30    1.000000E+30    1.000000E+30    1.000000E+30    3.430890E+01    3.429617E+01    3.427250E+01    3.424021E+01    3.420172E+01    3.415920E+01    3.411399E+01    3.406587E+01    3.408736E+01    3.410460E+01    3.411672E+01    3.412298E+01
   3.524563E+01    3.524586E+01    3.524616E+01    3.524566E+01    1.000000E+30    1.000000E+30    1.000000E+30    1.000000E+30    3.428035E+01    3.426833E+01    3.424601E+01    3.421562E+01    3.417944E+01    3.413940E+01    3.409644E+01    3.405121E+01    3.407258E+01    3.408979E+01    3.410196E+01    3.410828E+01
   3.515448E+01    3.515396E+01    3.515322E+01    3.515258E+01    1.000000E+30    1.000000E+30    1.000000E+30    1.000000E+30    3.425369E+01    3.424204E+01    3.422038E+01    3.419067E+01    3.415530E+01    3.411602E+01    3.407448E+01    3.403325E+01    3.405558E+01    3.407360E+01    3.408626E+01    3.409286E+01
   3.505082E+01    3.504895E+01    3.504619E+01    3.504493E+01    1.000000E+30    1.000000E+30    1.000000E+30    1.000000E+30    3.422823E+01    3.421674E+01    3.419527E+01    3.416545E+01    3.412904E+01    3.408778E+01    3.404571E+01    3.401108E+01    3.403634E+01    3.405647E+01    3.407018E+01    3.407721E+01
   3.493823E+01    3.493416E+01    3.492850E+01    3.492470E+01    1.000000E+30    1.000000E+30    1.000000E+30    1.000000E+30    3.420349E+01    3.419202E+01    3.417043E+01    3.413982E+01    3.410079E+01    3.405380E+01    3.400347E+01    3.398371E+01    3.401564E+01    3.403909E+01    3.405430E+01    3.406188E+01
   3.482052E+01    3.481290E+01    3.480101E+01    3.479106E+01    1.000000E+30    1.000000E+30    1.000000E+30    1.000000E+30    3.417916E+01    3.416764E+01    3.414612E+01    3.411531E+01    3.407418E+01    3.401752E+01    3.392483E+01    3.395387E+01    3.399664E+01    3.402324E+01    3.403954E+01    3.404748E+01
   3.470257E+01    3.468930E+01    3.466553E+01    3.463992E+01    1.000000E+30    1.000000E+30    3.415303E+01    3.415293E+01    3.415496E+01    3.414339E+01    3.412254E+01    3.409396E+01    3.405776E+01    3.401397E+01    3.396756E+01    3.395265E+01    3.398667E+01    3.401098E+01    3.402664E+01    3.403441E+01
   3.459094E+01    3.457037E+01    3.452825E+01    3.445747E+01    3.433009E+01    1.000000E+30    3.414336E+01    3.414018E+01    3.413326E+01    3.411887E+01    3.409828E+01    3.407304E+01    3.404298E+01    3.400907E+01    3.397549E+01    3.394981E+01    3.397887E+01    3.400069E+01    3.401519E+01    3.402255E+01
   3.449373E+01    3.446796E+01    3.441365E+01    3.432252E+01    3.419587E+01    3.413699E+01    3.412785E+01    3.412117E+01    3.410950E+01    3.409178E+01    3.407067E+01    3.404939E+01    3.402572E+01    3.399917E+01    3.397101E+01    3.394304E+01    3.397038E+01    3.399090E+01    3.400450E+01    3.401142E+01
   3.441624E+01    3.438850E+01    3.432774E+01    3.421480E+01    3.398941E+01    3.408326E+01    3.410340E+01    3.409962E+01    3.408373E+01    3.406036E+01    3.403588E+01    3.402108E+01    3.400544E+01    3.398543E+01    3.396125E+01    3.393376E+01    3.396081E+01    3.398080E+01    3.399395E+01    3.400059E+01
   3.436049E+01    3.433628E+01    3.428666E+01    3.420961E+01    3.411608E+01    3.410551E+01    3.409811E+01    3.408320E+01    3.405850E+01    3.402376E+01    3.398520E+01    3.398719E+01    3.398344E+01    3.397019E+01    3.394951E+01    3.392326E+01    3.395050E+01    3.397031E+01    3.398327E+01    3.398977E+01
   3.432269E+01    3.430319E+01    3.426546E+01    3.421253E+01    3.415515E+01    3.412050E+01    3.409432E+01    3.406959E+01    3.403721E+01    3.398666E+01    3.388950E+01    3.395265E+01    3.396457E+01    3.395646E+01    3.393790E+01    3.391250E+01    3.393987E+01    3.395954E+01    3.397240E+01    3.397883E+01
   3.429752E+01    3.428173E+01    3.425199E+01    3.421080E+01    3.416352E+01    3.411981E+01    3.408154E+01    3.405625E+01    3.402951E+01    3.399551E+01    3.395819E+01    3.396133E+01    3.395893E+01    3.394711E+01    3.392760E+01    3.390203E+01    3.392917E+01    3.394862E+01    3.396133E+01    3.396774E+01
   3.428071E+01    3.426735E+01    3.424189E+01    3.420527E+01    3.415894E+01    3.410474E+01    3.404747E+01    3.403749E+01    3.402454E+01    3.400378E+01    3.398140E+01    3.396890E+01    3.395625E+01    3.393954E+01    3.391798E+01    3.389169E+01    3.391826E+01    3.393754E+01    3.395012E+01    3.395646E+01
   3.426927E+01    3.425723E+01    3.423412E+01    3.419980E+01    3.415239E+01    3.408369E+01    3.396151E+01    3.401662E+01    3.402121E+01    3.400770E+01    3.398854E+01    3.397018E+01    3.395154E+01    3.393113E+01    3.390787E+01    3.388107E+01    3.390700E+01    3.392610E+01    3.393866E+01    3.394501E+01
   3.426146E+01    3.424971E+01    3.422843E+01    3.419776E+01    3.415701E+01    3.410582E+01    3.405031E+01    3.404052E+01    3.402872E+01    3.401040E+01    3.398834E+01    3.396548E+01    3.394280E+01    3.392020E+01    3.389626E+01    3.386959E+01    3.389524E+01    3.391430E+01    3.392700E+01    3.393347E+01
   3.425666E+01    3.424292E+01    3.422294E+01    3.419598E+01    3.416199E+01    3.412281E+01    3.408420E+01    3.405847E+01    3.403511E+01    3.400983E+01    3.398255E+01    3.395480E+01    3.392854E+01    3.390538E+01    3.388233E+01    3.385694E+01    3.388285E+01    3.390216E+01    3.391523E+01    3.392200E+01
   1.000000E+30    3.423353E+01    3.421515E+01    3.419127E+01    3.416200E+01    3.412928E+01    3.409608E+01    3.406573E+01    3.403584E+01    3.400452E+01    3.397130E+01    3.393731E+01    3.390626E+01    3.388540E+01    3.386566E+01    3.384303E+01    3.386986E+01    3.388984E+01    3.390351E+01    3.391091E+01
   1.000000E+30    1.000000E+30    3.420334E+01    3.418155E+01    3.415501E+01    3.412598E+01    3.409527E+01    3.406371E+01    3.403053E+01    3.399473E+01    3.395547E+01    3.391230E+01    3.386918E+01    3.385918E+01    3.384682E+01    3.382821E+01    3.385636E+01    3.387731E+01    3.389195E+01    3.390091E+01
   1.000000E+30    1.000000E+30    1.000000E+30    3.416594E+01    3.413955E+01    3.411348E+01    3.408507E+01    3.405408E+01    3.402001E+01    3.398215E+01    3.393867E+01    3.388321E+01    3.379435E+01    3.383014E+01    3.382900E+01    3.381380E+01    3.384281E+01    3.386425E+01    3.387984E+01    3.389354E+01
   1.000000E+30    1.000000E+30    1.000000E+30    1.000000E+30    3.411223E+01    3.409190E+01    3.406649E+01    3.403754E+01    3.400497E+01    3.396888E+01    3.392916E+01    3.388539E+01    3.384171E+01    3.383183E+01    3.381976E+01    3.380158E+01    3.382957E+01    3.385026E+01    3.386328E+01    1.000000E+30
   1.000000E+30    1.000000E+30    1.000000E+30    1.000000E+30    3.409371E+01    3.406333E+01    3.403962E+01    3.401397E+01    3.398456E+01    3.395233E+01    3.391814E+01    3.388326E+01    3.385147E+01    3.383048E+01    3.381124E+01    3.378970E+01    3.381642E+01    3.383734E+01    3.385343E+01    1.000000E+30
   1.000000E+30    1.000000E+30    1.000000E+30    1.000000E+30    1.000000E+30    3.401521E+01    3.400214E+01    3.398217E+01    3.395749E+01    3.393014E+01    3.390129E+01    3.387233E+01    3.384528E+01    3.382197E+01    3.379977E+01    3.377631E+01    3.380189E+01    3.382281E+01    1.000000E+30    1.000000E+30
   1.000000E+30    1.000000E+30    1.000000E+30    1.000000E+30    1.000000E+30    3.396826E+01    3.395928E+01    3.394370E+01    3.392399E+01    3.390146E+01    3.387742E+01    3.385309E+01    3.382941E+01    3.380683E+01    3.378426E+01    3.376026E+01    3.378450E+01    1.000000E+30    1.000000E+30    1.000000E+30
   1.000000E+30    1.000000E+30    1.000000E+30    1.000000E+30    1.000000E+30    3.391936E+01    3.391236E+01    3.390006E+01    3.388422E+01    3.386612E+01    3.384668E+01    3.382656E+01    3.380618E+01    3.378570E+01    3.376447E+01    3.374137E+01    1.000000E+30    1.000000E+30    1.000000E+30    1.000000E+30
