   3.509963E+01    3.508781E+01    3.506479E+01    3.503131E+01    3.498835E+01    3.493730E+01    3.487978E+01    3.481764E+01    3.475265E+01    3.468645E+01    3.461985E+01    3.455298E+01    3.448510E+01    3.441499E+01    3.434130E+01    3.426284E+01    3.427256E+01    3.427968E+01    3.428427E+01    3.428650E+01
   3.510267E+01    3.509054E+01    3.506695E+01    3.503268E+01    3.498865E+01    3.493630E+01    3.487738E+01    3.481382E+01    3.474761E+01    3.468046E+01    3.461341E+01    3.454653E+01    3.447888E+01    3.440911E+01    3.433562E+01    3.425677E+01    3.426682E+01    3.427398E+01    3.427852E+01    3.428070E+01
   3.510897E+01    3.509626E+01    3.507161E+01    3.503572E+01    3.498940E+01    3.493432E+01    3.487252E+01    3.480625E+01    3.473765E+01    3.466869E+01    3.460072E+01    3.453375E+01    3.446644E+01    3.439723E+01    3.432428E+01    3.424579E+01    3.425555E+01    3.426247E+01    3.426688E+01    3.426900E+01
   3.511901E+01    3.510557E+01    3.507928E+01    3.504071E+01    3.499082E+01    3.493156E+01    3.486529E+01    3.479482E+01    3.472273E+01    3.465107E+01    3.458182E+01    3.451471E+01    3.444749E+01    3.437892E+01    3.430718E+01    3.423013E+01    3.423877E+01    3.424508E+01    3.424933E+01    3.425145E+01
   3.513336E+01    3.511906E+01    3.509072E+01    3.504850E+01    3.499340E+01    3.492804E+01    3.485537E+01    3.477886E+01    3.470211E+01    3.462738E+01    3.455620E+01    3.448833E+01    3.442160E+01    3.435420E+01    3.428426E+01    3.420974E+01    3.421642E+01    3.422192E+01    3.422606E+01    3.422830E+01
   3.515256E+01    3.513758E+01    3.510723E+01    3.506060E+01    3.499795E+01    3.492411E+01    3.484237E+01    3.475665E+01    3.467357E+01    3.459561E+01    3.452321E+01    3.445500E+01    3.438901E+01    3.432325E+01    3.425550E+01    3.418418E+01    3.418806E+01    3.419277E+01    3.419725E+01    3.419994E+01
   3.517678E+01    3.516196E+01    3.513089E+01    3.508011E+01    3.500547E+01    3.492029E+01    3.482626E+01    3.472567E+01    3.463495E+01    3.455482E+01    3.448241E+01    3.441489E+01    3.435025E+01    3.428649E+01    3.422075E+01    3.415230E+01    3.415197E+01    3.415689E+01    3.416317E+01    3.416717E+01
   3.520528E+01    3.519247E+01    3.516486E+01    3.511513E+01    3.501528E+01    3.491753E+01    3.480994E+01    3.467935E+01    3.458155E+01    3.450323E+01    3.443388E+01    3.436869E+01    3.430624E+01    3.424378E+01    3.417907E+01    3.411197E+01    3.410395E+01    3.411296E+01    3.412464E+01    3.413169E+01
   3.523523E+01    3.522677E+01    3.521083E+01    3.519238E+01    1.000000E+30    1.000000E+30    1.000000E+30    3.459555E+01    3.450544E+01    3.443930E+01    3.437804E+01    3.431723E+01    3.425590E+01    3.419306E+01    3.412970E+01    3.406070E+01    3.403199E+01    3.405987E+01    3.408428E+01    3.409667E+01
   3.526110E+01    3.525627E+01    3.524795E+01    3.524031E+01    1.000000E+30    1.000000E+30    1.000000E+30    1.000000E+30    3.440082E+01    3.436575E+01    3.431720E+01    3.426062E+01    3.419804E+01    3.413321E+01    3.407579E+01    3.400206E+01    3.389535E+01    3.400424E+01    3.404955E+01    3.406750E+01
   3.527797E+01    3.527547E+01    3.527136E+01    3.526772E+01    1.000000E+30    1.000000E+30    1.000000E+30    1.000000E+30    3.432356E+01    3.429952E+01    3.425845E+01    3.420321E+01    3.413385E+01    3.405615E+01    3.402845E+01    3.399159E+01    3.397302E+01    3.400781E+01    3.403592E+01    3.404981E+01
   3.528249E+01    3.528114E+01    3.527897E+01    3.527714E+01    1.000000E+30    1.000000E+30    1.000000E+30    1.000000E+30    3.426295E+01    3.424377E+01    3.420750E+01    3.415294E+01    3.406964E+01    3.391872E+01    3.398214E+01    3.398183E+01    3.399284E+01    3.401262E+01    3.403011E+01    3.403954E+01
   3.527283E+01    3.527203E+01    3.527080E+01    3.526982E+01    1.000000E+30    1.000000E+30    1.000000E+30    1.000000E+30    3.421437E+01    3.419862E+01    3.416851E+01    3.412450E+01    3.406619E+01    3.400162E+01    3.399340E+01    3.398200E+01    3.399786E+01    3.401321E+01    3.402551E+01    3.403211E+01
   3.524794E+01    3.524757E+01    3.524695E+01    3.524630E+01    1.000000E+30    1.000000E+30    1.000000E+30    1.000000E+30    3.417444E+01    3.416156E+01    3.413736E+01    3.410361E+01    3.406337E+01    3.402426E+01    3.400144E+01    3.398148E+01    3.399674E+01    3.400974E+01    3.401945E+01    3.402459E+01
   3.520678E+01    3.520680E+01    3.520656E+01    3.520606E+01    1.000000E+30    1.000000E+30    1.000000E+30    1.000000E+30    3.414047E+01    3.412986E+01    3.411024E+01    3.408382E+01    3.405375E+01    3.402424E+01    3.399966E+01    3.397647E+01    3.399083E+01    3.400262E+01    3.401114E+01    3.401560E+01
   3.514826E+01    3.514854E+01    3.514856E+01    3.514811E+01    1.000000E+30    1.000000E+30    1.000000E+30    1.000000E+30    3.411012E+01    3.410111E+01    3.408457E+01    3.406264E+01    3.403789E+01    3.401296E+01    3.398954E+01    3.396655E+01    3.398060E+01    3.399209E+01    3.400033E+01    3.400464E+01
   3.507153E+01    3.507166E+01    3.507179E+01    3.507110E+01    1.000000E+30    1.000000E+30    1.000000E+30    1.000000E+30    3.408150E+01    3.407347E+01    3.405873E+01    3.403916E+01    3.401691E+01    3.399423E+01    3.397247E+01    3.395177E+01    3.396640E+01    3.397848E+01    3.398719E+01    3.399175E+01
   3.497659E+01    3.497585E+01    3.497476E+01    3.497380E+01    1.000000E+30    1.000000E+30    1.000000E+30    1.000000E+30    3.405319E+01    3.404576E+01    3.403197E+01    3.401323E+01    3.399150E+01    3.396884E+01    3.394798E+01    3.393179E+01    3.394848E+01    3.396236E+01    3.397224E+01    3.397740E+01
   3.486515E+01    3.486275E+01    3.485918E+01    3.485735E+01    1.000000E+30    1.000000E+30    1.000000E+30    1.000000E+30    3.402411E+01    3.401716E+01    3.400385E+01    3.398492E+01    3.396146E+01    3.393532E+01    3.391249E+01    3.390537E+01    3.392700E+01    3.394448E+01    3.395631E+01    3.396232E+01
   3.474088E+01    3.473567E+01    3.472830E+01    3.472320E+01    1.000000E+30    1.000000E+30    1.000000E+30    1.000000E+30    3.399317E+01    3.398703E+01    3.397431E+01    3.395465E+01    3.392737E+01    3.389191E+01    3.385484E+01    3.387082E+01    3.390315E+01    3.392607E+01    3.394045E+01    3.394744E+01
   3.460806E+01    3.459820E+01    3.458268E+01    3.456961E+01    1.000000E+30    1.000000E+30    1.000000E+30    1.000000E+30    3.395877E+01    3.395488E+01    3.394402E+01    3.392513E+01    3.389508E+01    3.384394E+01    3.373663E+01    3.383207E+01    3.388186E+01    3.390992E+01    3.392612E+01    3.393376E+01
   3.447262E+01    3.445525E+01    3.442411E+01    3.439062E+01    1.000000E+30    1.000000E+30    3.388397E+01    3.389527E+01    3.391752E+01    3.392045E+01    3.391372E+01    3.389990E+01    3.387858E+01    3.384887E+01    3.381756E+01    3.383977E+01    3.387490E+01    3.389927E+01    3.391451E+01    3.392191E+01
   3.434297E+01    3.431569E+01    3.425996E+01    3.416752E+01    3.400568E+01    1.000000E+30    3.386213E+01    3.387270E+01    3.388367E+01    3.388595E+01    3.388215E+01    3.387502E+01    3.386436E+01    3.385090E+01    3.384021E+01    3.384414E+01    3.387100E+01    3.389138E+01    3.390486E+01    3.391164E+01
   3.422988E+01    3.419508E+01    3.412144E+01    3.399794E+01    3.383026E+01    3.378983E+01    3.381985E+01    3.383869E+01    3.384758E+01    3.384797E+01    3.384546E+01    3.384595E+01    3.384602E+01    3.384416E+01    3.384187E+01    3.384159E+01    3.386566E+01    3.388393E+01    3.389610E+01    3.390227E+01
   3.414104E+01    3.410309E+01    3.401868E+01    3.385697E+01    3.351691E+01    3.371177E+01    3.378088E+01    3.380611E+01    3.381074E+01    3.380415E+01    3.379763E+01    3.380940E+01    3.382252E+01    3.383089E+01    3.383454E+01    3.383447E+01    3.385828E+01    3.387582E+01    3.388735E+01    3.389314E+01
   3.407988E+01    3.404719E+01    3.397974E+01    3.387403E+01    3.374697E+01    3.376016E+01    3.377898E+01    3.378549E+01    3.377680E+01    3.375287E+01    3.372408E+01    3.376364E+01    3.379596E+01    3.381492E+01    3.382370E+01    3.382507E+01    3.384947E+01    3.386692E+01    3.387824E+01    3.388387E+01
   3.404123E+01    3.401562E+01    3.396615E+01    3.389728E+01    3.382608E+01    3.379559E+01    3.378116E+01    3.377113E+01    3.375044E+01    3.370106E+01    3.357569E+01    3.371642E+01    3.377421E+01    3.380113E+01    3.381286E+01    3.381507E+01    3.383994E+01    3.385740E+01    3.386869E+01    3.387430E+01
   3.401782E+01    3.399774E+01    3.396010E+01    3.390874E+01    3.385207E+01    3.380480E+01    3.376936E+01    3.375821E+01    3.374680E+01    3.372451E+01    3.369811E+01    3.373953E+01    3.377372E+01    3.379432E+01    3.380405E+01    3.380538E+01    3.383017E+01    3.384755E+01    3.385877E+01    3.386438E+01
   3.400402E+01    3.398762E+01    3.395639E+01    3.391177E+01    3.385568E+01    3.379050E+01    3.372346E+01    3.373692E+01    3.374738E+01    3.374659E+01    3.374472E+01    3.376063E+01    3.377805E+01    3.379039E+01    3.379631E+01    3.379584E+01    3.382013E+01    3.383742E+01    3.384858E+01    3.385417E+01
   3.399604E+01    3.398195E+01    3.395465E+01    3.391361E+01    3.385543E+01    3.376611E+01    3.359127E+01    3.371211E+01    3.375093E+01    3.376191E+01    3.376539E+01    3.377184E+01    3.377939E+01    3.378540E+01    3.378797E+01    3.378591E+01    3.380967E+01    3.382688E+01    3.383810E+01    3.384373E+01
   3.399157E+01    3.397891E+01    3.395533E+01    3.392055E+01    3.387331E+01    3.381270E+01    3.374810E+01    3.376115E+01    3.377301E+01    3.377623E+01    3.377510E+01    3.377421E+01    3.377488E+01    3.377678E+01    3.377757E+01    3.377497E+01    3.379863E+01    3.381598E+01    3.382744E+01    3.383323E+01
   3.398919E+01    3.397628E+01    3.395629E+01    3.392836E+01    3.389258E+01    3.385166E+01    3.381477E+01    3.380163E+01    3.379478E+01    3.378677E+01    3.377714E+01    3.376805E+01    3.376244E+01    3.376270E+01    3.376407E+01    3.376262E+01    3.378695E+01    3.380479E+01    3.381673E+01    3.382285E+01
   1.000000E+30    3.397051E+01    3.395465E+01    3.393297E+01    3.390578E+01    3.387573E+01    3.384762E+01    3.382693E+01    3.380945E+01    3.379155E+01    3.377204E+01    3.375235E+01    3.373819E+01    3.374130E+01    3.374707E+01    3.374893E+01    3.377480E+01    3.379361E+01    3.380623E+01    3.381296E+01
   1.000000E+30    1.000000E+30    3.394861E+01    3.393226E+01    3.391122E+01    3.388756E+01    3.386335E+01    3.384029E+01    3.381700E+01    3.379139E+01    3.376147E+01    3.372603E+01    3.369120E+01    3.371112E+01    3.372765E+01    3.373471E+01    3.376262E+01    3.378260E+01    3.379616E+01    3.380420E+01
   1.000000E+30    1.000000E+30    1.000000E+30    3.392571E+01    3.390876E+01    3.388976E+01    3.386842E+01    3.384526E+01    3.381955E+01    3.378960E+01    3.375167E+01    3.369498E+01    3.358353E+01    3.367767E+01    3.371112E+01    3.372225E+01    3.375130E+01    3.377173E+01    3.378599E+01    3.379790E+01
   1.000000E+30    1.000000E+30    1.000000E+30    1.000000E+30    3.389775E+01    3.388392E+01    3.386555E+01    3.384392E+01    3.381892E+01    3.379011E+01    3.375659E+01    3.371738E+01    3.367884E+01    3.369599E+01    3.370984E+01    3.371438E+01    3.374156E+01    3.376076E+01    3.377241E+01    1.000000E+30
   1.000000E+30    1.000000E+30    1.000000E+30    1.000000E+30    3.389014E+01    3.387191E+01    3.385562E+01    3.383666E+01    3.381428E+01    3.378918E+01    3.376221E+01    3.373519E+01    3.371402E+01    3.371096E+01    3.371118E+01    3.370815E+01    3.373272E+01    3.375113E+01    3.376468E+01    1.000000E+30
   1.000000E+30    1.000000E+30    1.000000E+30    1.000000E+30    1.000000E+30    3.384671E+01    3.383739E+01    3.382261E+01    3.380397E+01    3.378328E+01    3.376185E+01    3.374159E+01    3.372546E+01    3.371621E+01    3.370926E+01    3.370068E+01    3.372286E+01    3.374016E+01    1.000000E+30    1.000000E+30
   1.000000E+30    1.000000E+30    1.000000E+30    1.000000E+30    1.000000E+30    3.381997E+01    3.381345E+01    3.380192E+01    3.378716E+01    3.377050E+01    3.375338E+01    3.373727E+01    3.372351E+01    3.371254E+01    3.370237E+01    3.369045E+01    3.371032E+01    1.000000E+30    1.000000E+30    1.000000E+30
   1.000000E+30    1.000000E+30    1.000000E+30    1.000000E+30    1.000000E+30    3.378917E+01    3.378404E+01    3.377493E+01    3.376315E+01    3.374993E+01    3.373636E+01    3.372339E+01    3.371162E+01    3.370101E+01    3.369025E+01    3.367718E+01    1.000000E+30    1.000000E+30    1.000000E+30    1.000000E+30
