   3.524711E+01    3.523131E+01    3.520056E+01    3.515593E+01    3.509883E+01    3.503126E+01    3.495556E+01    3.487435E+01    3.479020E+01    3.470549E+01    3.462158E+01    3.453905E+01    3.445754E+01    3.437633E+01    3.429479E+01    3.421282E+01    3.420434E+01    3.419812E+01    3.419402E+01    3.419197E+01
   3.525248E+01    3.523624E+01    3.520467E+01    3.515888E+01    3.510025E+01    3.503087E+01    3.495325E+01    3.487017E+01    3.478442E+01    3.469849E+01    3.461402E+01    3.453147E+01    3.445024E+01    3.436943E+01    3.428819E+01    3.420595E+01    3.419769E+01    3.419143E+01    3.418722E+01    3.418513E+01
   3.526361E+01    3.524651E+01    3.521336E+01    3.516521E+01    3.510330E+01    3.503010E+01    3.494854E+01    3.486182E+01    3.477294E+01    3.468467E+01    3.459903E+01    3.451636E+01    3.443553E+01    3.435540E+01    3.427486E+01    3.419324E+01    3.418449E+01    3.417780E+01    3.417342E+01    3.417129E+01
   3.528136E+01    3.526312E+01    3.522750E+01    3.517540E+01    3.510831E+01    3.502919E+01    3.494150E+01    3.484911E+01    3.475562E+01    3.466385E+01    3.457655E+01    3.449368E+01    3.441291E+01    3.433354E+01    3.425446E+01    3.417468E+01    3.416445E+01    3.415701E+01    3.415251E+01    3.415040E+01
   3.530682E+01    3.528723E+01    3.524843E+01    3.519080E+01    3.511600E+01    3.502815E+01    3.493160E+01    3.483112E+01    3.473147E+01    3.463568E+01    3.454585E+01    3.446194E+01    3.438169E+01    3.430363E+01    3.422663E+01    3.414981E+01    3.413716E+01    3.412886E+01    3.412437E+01    3.412252E+01
   3.534122E+01    3.532044E+01    3.527834E+01    3.521376E+01    3.512741E+01    3.502719E+01    3.491811E+01    3.480542E+01    3.469754E+01    3.459756E+01    3.450606E+01    3.442152E+01    3.434193E+01    3.426558E+01    3.419098E+01    3.411780E+01    3.410146E+01    3.409244E+01    3.408881E+01    3.408781E+01
   3.538538E+01    3.536453E+01    3.532079E+01    3.524909E+01    3.514360E+01    3.502650E+01    3.490054E+01    3.476846E+01    3.465090E+01    3.454815E+01    3.445646E+01    3.437244E+01    3.429401E+01    3.421953E+01    3.414677E+01    3.407656E+01    3.405404E+01    3.404598E+01    3.404570E+01    3.404704E+01
   3.543894E+01    3.542073E+01    3.538131E+01    3.530947E+01    3.516245E+01    3.502611E+01    3.488177E+01    3.471136E+01    3.458545E+01    3.448522E+01    3.439714E+01    3.431539E+01    3.423876E+01    3.416483E+01    3.409226E+01    3.402230E+01    3.398712E+01    3.398658E+01    3.399577E+01    3.400238E+01
   3.549868E+01    3.548659E+01    3.546383E+01    3.543742E+01    1.000000E+30    1.000000E+30    1.000000E+30    3.460489E+01    3.449143E+01    3.440711E+01    3.432877E+01    3.425136E+01    3.417445E+01    3.409828E+01    3.402598E+01    3.395026E+01    3.387881E+01    3.391149E+01    3.394278E+01    3.395856E+01
   3.555730E+01    3.555038E+01    3.553852E+01    3.552784E+01    1.000000E+30    1.000000E+30    1.000000E+30    1.000000E+30    3.436342E+01    3.431804E+01    3.425474E+01    3.418065E+01    3.409902E+01    3.401705E+01    3.395262E+01    3.386560E+01    3.365490E+01    3.383101E+01    3.389879E+01    3.392419E+01
   3.560821E+01    3.560480E+01    3.559920E+01    3.559415E+01    1.000000E+30    1.000000E+30    1.000000E+30    1.000000E+30    3.427182E+01    3.423991E+01    3.418474E+01    3.410936E+01    3.401312E+01    3.390579E+01    3.389054E+01    3.386496E+01    3.380938E+01    3.385307E+01    3.389033E+01    3.390860E+01
   3.564688E+01    3.564525E+01    3.564258E+01    3.563999E+01    1.000000E+30    1.000000E+30    1.000000E+30    1.000000E+30    3.420344E+01    3.417737E+01    3.412736E+01    3.405007E+01    3.392637E+01    3.368600E+01    3.382895E+01    3.386411E+01    3.385914E+01    3.387564E+01    3.389423E+01    3.390478E+01
   3.567089E+01    3.566997E+01    3.566844E+01    3.566712E+01    1.000000E+30    1.000000E+30    1.000000E+30    1.000000E+30    3.415270E+01    3.413111E+01    3.408952E+01    3.402792E+01    3.394522E+01    3.385475E+01    3.386686E+01    3.387914E+01    3.388183E+01    3.389022E+01    3.389963E+01    3.390530E+01
   3.567939E+01    3.567885E+01    3.567794E+01    3.567717E+01    1.000000E+30    1.000000E+30    1.000000E+30    1.000000E+30    3.411519E+01    3.409750E+01    3.406424E+01    3.401800E+01    3.396373E+01    3.391448E+01    3.389762E+01    3.389174E+01    3.389319E+01    3.389755E+01    3.390247E+01    3.390556E+01
   3.567179E+01    3.567158E+01    3.567109E+01    3.567054E+01    1.000000E+30    1.000000E+30    1.000000E+30    1.000000E+30    3.408735E+01    3.407258E+01    3.404539E+01    3.400937E+01    3.396971E+01    3.393400E+01    3.391090E+01    3.389612E+01    3.389617E+01    3.389855E+01    3.390148E+01    3.390338E+01
   3.564731E+01    3.564738E+01    3.564720E+01    3.564675E+01    1.000000E+30    1.000000E+30    1.000000E+30    1.000000E+30    3.406639E+01    3.405326E+01    3.402945E+01    3.399860E+01    3.396525E+01    3.393438E+01    3.391008E+01    3.389218E+01    3.389197E+01    3.389395E+01    3.389641E+01    3.389802E+01
   3.560532E+01    3.560541E+01    3.560543E+01    3.560488E+01    1.000000E+30    1.000000E+30    1.000000E+30    1.000000E+30    3.405054E+01    3.403775E+01    3.401470E+01    3.398503E+01    3.395292E+01    3.392267E+01    3.389792E+01    3.388048E+01    3.388134E+01    3.388437E+01    3.388759E+01    3.388957E+01
   3.554564E+01    3.554525E+01    3.554463E+01    3.554398E+01    1.000000E+30    1.000000E+30    1.000000E+30    1.000000E+30    3.403927E+01    3.402554E+01    3.400090E+01    3.396897E+01    3.393404E+01    3.390042E+01    3.387382E+01    3.386055E+01    3.386467E+01    3.387064E+01    3.387578E+01    3.387868E+01
   3.546928E+01    3.546786E+01    3.546572E+01    3.546463E+01    1.000000E+30    1.000000E+30    1.000000E+30    1.000000E+30    3.403329E+01    3.401716E+01    3.398862E+01    3.395139E+01    3.390889E+01    3.386533E+01    3.383152E+01    3.383020E+01    3.384222E+01    3.385389E+01    3.386218E+01    3.386646E+01
   3.537869E+01    3.537549E+01    3.537101E+01    3.536794E+01    1.000000E+30    1.000000E+30    1.000000E+30    1.000000E+30    3.403471E+01    3.401386E+01    3.397897E+01    3.393372E+01    3.387884E+01    3.381414E+01    3.375094E+01    3.378611E+01    3.381573E+01    3.383619E+01    3.384852E+01    3.385436E+01
   3.527675E+01    3.527063E+01    3.526102E+01    3.525290E+01    1.000000E+30    1.000000E+30    1.000000E+30    1.000000E+30    3.404809E+01    3.401711E+01    3.397330E+01    3.392007E+01    3.385310E+01    3.375501E+01    3.356238E+01    3.373419E+01    3.379328E+01    3.382204E+01    3.383714E+01    3.384390E+01
   3.516724E+01    3.515651E+01    3.513706E+01    3.511563E+01    1.000000E+30    1.000000E+30    3.420480E+01    3.415843E+01    3.408387E+01    3.402570E+01    3.397055E+01    3.391471E+01    3.385463E+01    3.378778E+01    3.372493E+01    3.376289E+01    3.379496E+01    3.381673E+01    3.382982E+01    3.383602E+01
   3.505526E+01    3.503874E+01    3.500433E+01    3.494352E+01    3.482544E+01    1.000000E+30    3.423752E+01    3.417538E+01    3.409620E+01    3.402449E+01    3.396181E+01    3.390768E+01    3.385836E+01    3.381361E+01    3.378220E+01    3.378446E+01    3.380098E+01    3.381532E+01    3.382517E+01    3.383017E+01
   3.494703E+01    3.492680E+01    3.488433E+01    3.481045E+01    3.468855E+01    3.449548E+01    3.431562E+01    3.419626E+01    3.409454E+01    3.400739E+01    3.393746E+01    3.388866E+01    3.385168E+01    3.382195E+01    3.380115E+01    3.379303E+01    3.380378E+01    3.381390E+01    3.382130E+01    3.382519E+01
   3.484611E+01    3.482424E+01    3.477922E+01    3.470612E+01    3.459880E+01    3.445777E+01    3.431286E+01    3.418516E+01    3.406939E+01    3.396569E+01    3.388423E+01    3.385036E+01    3.383158E+01    3.381600E+01    3.380262E+01    3.379264E+01    3.380234E+01    3.381077E+01    3.381683E+01    3.382003E+01
   3.475428E+01    3.473197E+01    3.468695E+01    3.461725E+01    3.452108E+01    3.440222E+01    3.427428E+01    3.414817E+01    3.402236E+01    3.389387E+01    3.377473E+01    3.378834E+01    3.380104E+01    3.380190E+01    3.379587E+01    3.378711E+01    3.379756E+01    3.380564E+01    3.381121E+01    3.381408E+01
   3.467216E+01    3.464959E+01    3.460465E+01    3.453697E+01    3.444516E+01    3.433383E+01    3.421370E+01    3.409551E+01    3.396786E+01    3.380534E+01    3.352117E+01    3.371521E+01    3.377313E+01    3.378793E+01    3.378682E+01    3.377922E+01    3.379062E+01    3.379882E+01    3.380431E+01    3.380709E+01
   3.459997E+01    3.457699E+01    3.453171E+01    3.446259E+01    3.436765E+01    3.425117E+01    3.412829E+01    3.403395E+01    3.393982E+01    3.383591E+01    3.373326E+01    3.375709E+01    3.377677E+01    3.378247E+01    3.377904E+01    3.377060E+01    3.378233E+01    3.379069E+01    3.379621E+01    3.379901E+01
   3.453803E+01    3.451444E+01    3.446769E+01    3.439436E+01    3.429003E+01    3.415081E+01    3.398993E+01    3.395578E+01    3.391419E+01    3.385738E+01    3.380482E+01    3.378974E+01    3.378468E+01    3.377920E+01    3.377132E+01    3.376122E+01    3.377282E+01    3.378138E+01    3.378703E+01    3.378991E+01
   3.448673E+01    3.446195E+01    3.441353E+01    3.433786E+01    3.422526E+01    3.404760E+01    3.370732E+01    3.387313E+01    3.389175E+01    3.386408E+01    3.382788E+01    3.380233E+01    3.378504E+01    3.377226E+01    3.376126E+01    3.375032E+01    3.376195E+01    3.377084E+01    3.377684E+01    3.377992E+01
   3.444724E+01    3.441954E+01    3.437079E+01    3.430009E+01    3.420322E+01    3.407652E+01    3.393468E+01    3.392043E+01    3.390114E+01    3.386804E+01    3.383082E+01    3.379851E+01    3.377425E+01    3.375819E+01    3.374693E+01    3.373712E+01    3.374953E+01    3.375920E+01    3.376584E+01    3.376927E+01
   3.442248E+01    3.438483E+01    3.433543E+01    3.427151E+01    3.419160E+01    3.409911E+01    3.400891E+01    3.395556E+01    3.391127E+01    3.386601E+01    3.382068E+01    3.377996E+01    3.374957E+01    3.373439E+01    3.372694E+01    3.372121E+01    3.373561E+01    3.374669E+01    3.375435E+01    3.375835E+01
   1.000000E+30    3.434912E+01    3.430093E+01    3.424324E+01    3.417554E+01    3.410181E+01    3.402947E+01    3.396800E+01    3.391155E+01    3.385557E+01    3.379918E+01    3.374544E+01    3.370465E+01    3.369794E+01    3.370080E+01    3.370286E+01    3.372068E+01    3.373386E+01    3.374283E+01    3.374771E+01
   1.000000E+30    1.000000E+30    3.426215E+01    3.420948E+01    3.415001E+01    3.408779E+01    3.402480E+01    3.396356E+01    3.390239E+01    3.383860E+01    3.376950E+01    3.369317E+01    3.362014E+01    3.364621E+01    3.367046E+01    3.368369E+01    3.370574E+01    3.372126E+01    3.373179E+01    3.373824E+01
   1.000000E+30    1.000000E+30    1.000000E+30    3.416773E+01    3.411233E+01    3.406023E+01    3.400560E+01    3.394834E+01    3.388753E+01    3.382092E+01    3.374241E+01    3.363294E+01    3.342778E+01    3.358846E+01    3.364508E+01    3.366771E+01    3.369254E+01    3.370934E+01    3.372107E+01    3.373152E+01
   1.000000E+30    1.000000E+30    1.000000E+30    1.000000E+30    3.405704E+01    3.402173E+01    3.397675E+01    3.392616E+01    3.387055E+01    3.380982E+01    3.374264E+01    3.366719E+01    3.359437E+01    3.362156E+01    3.364643E+01    3.365996E+01    3.368252E+01    3.369824E+01    3.370782E+01    1.000000E+30
   1.000000E+30    1.000000E+30    1.000000E+30    1.000000E+30    3.402449E+01    3.397990E+01    3.394138E+01    3.389884E+01    3.385108E+01    3.379986E+01    3.374684E+01    3.369518E+01    3.365538E+01    3.364957E+01    3.365309E+01    3.365563E+01    3.367460E+01    3.368921E+01    3.370035E+01    1.000000E+30
   1.000000E+30    1.000000E+30    1.000000E+30    1.000000E+30    1.000000E+30    3.391918E+01    3.389816E+01    3.386621E+01    3.382770E+01    3.378645E+01    3.374502E+01    3.370691E+01    3.367770E+01    3.366298E+01    3.365592E+01    3.365067E+01    3.366658E+01    3.367976E+01    1.000000E+30    1.000000E+30
   1.000000E+30    1.000000E+30    1.000000E+30    1.000000E+30    1.000000E+30    3.386926E+01    3.385521E+01    3.383107E+01    3.380100E+01    3.376805E+01    3.373515E+01    3.370524E+01    3.368114E+01    3.366450E+01    3.365301E+01    3.364339E+01    3.365688E+01    1.000000E+30    1.000000E+30    1.000000E+30
   1.000000E+30    1.000000E+30    1.000000E+30    1.000000E+30    1.000000E+30    3.382505E+01    3.381430E+01    3.379534E+01    3.377116E+01    3.374450E+01    3.371787E+01    3.369343E+01    3.367288E+01    3.365700E+01    3.364473E+01    3.363405E+01    1.000000E+30    1.000000E+30    1.000000E+30    1.000000E+30
