   3.499281E+01    3.498146E+01    3.495936E+01    3.492716E+01    3.488571E+01    3.483627E+01    3.478036E+01    3.471975E+01    3.465624E+01    3.459155E+01    3.452666E+01    3.446199E+01    3.439723E+01    3.433175E+01    3.426504E+01    3.419707E+01    3.419517E+01    3.419417E+01    3.419366E+01    3.419343E+01
   3.499471E+01    3.498312E+01    3.496056E+01    3.492771E+01    3.488537E+01    3.483481E+01    3.477767E+01    3.471581E+01    3.465120E+01    3.458564E+01    3.452037E+01    3.445572E+01    3.439119E+01    3.432602E+01    3.425948E+01    3.419107E+01    3.418958E+01    3.418866E+01    3.418812E+01    3.418788E+01
   3.499867E+01    3.498661E+01    3.496322E+01    3.492908E+01    3.488482E+01    3.483193E+01    3.477227E+01    3.470799E+01    3.464124E+01    3.457404E+01    3.450797E+01    3.444329E+01    3.437912E+01    3.431447E+01    3.424838E+01    3.418023E+01    3.417863E+01    3.417754E+01    3.417694E+01    3.417668E+01
   3.500501E+01    3.499242E+01    3.496775E+01    3.493144E+01    3.488423E+01    3.482779E+01    3.476425E+01    3.469623E+01    3.462634E+01    3.455671E+01    3.448950E+01    3.442477E+01    3.436070E+01    3.429666E+01    3.423168E+01    3.416479E+01    3.416230E+01    3.416077E+01    3.416011E+01    3.415988E+01
   3.501410E+01    3.500089E+01    3.497467E+01    3.493548E+01    3.488404E+01    3.482248E+01    3.475335E+01    3.467996E+01    3.460586E+01    3.453344E+01    3.446449E+01    3.439908E+01    3.433553E+01    3.427261E+01    3.420928E+01    3.414464E+01    3.414055E+01    3.413842E+01    3.413774E+01    3.413767E+01
   3.502621E+01    3.501260E+01    3.498498E+01    3.494247E+01    3.488506E+01    3.481642E+01    3.473935E+01    3.465760E+01    3.457770E+01    3.450235E+01    3.443232E+01    3.436663E+01    3.430381E+01    3.424244E+01    3.418114E+01    3.411940E+01    3.411285E+01    3.411015E+01    3.410993E+01    3.411035E+01
   3.504131E+01    3.502806E+01    3.500029E+01    3.495500E+01    3.488840E+01    3.481043E+01    3.472245E+01    3.462690E+01    3.453989E+01    3.446256E+01    3.439257E+01    3.432757E+01    3.426601E+01    3.420651E+01    3.414703E+01    3.408790E+01    3.407742E+01    3.407512E+01    3.407682E+01    3.407862E+01
   3.505855E+01    3.504726E+01    3.502298E+01    3.497969E+01    3.489419E+01    3.480605E+01    3.470584E+01    3.458180E+01    3.448797E+01    3.441237E+01    3.434530E+01    3.428249E+01    3.422297E+01    3.416460E+01    3.410600E+01    3.404798E+01    3.402990E+01    3.403188E+01    3.403914E+01    3.404407E+01
   3.507538E+01    3.506797E+01    3.505401E+01    3.503787E+01    1.000000E+30    1.000000E+30    1.000000E+30    3.450138E+01    3.441431E+01    3.435026E+01    3.429088E+01    3.423216E+01    3.417354E+01    3.411465E+01    3.405723E+01    3.399710E+01    3.395808E+01    3.397924E+01    3.399945E+01    3.400981E+01
   3.508708E+01    3.508287E+01    3.507561E+01    3.506885E+01    1.000000E+30    1.000000E+30    1.000000E+30    1.000000E+30    3.431285E+01    3.427873E+01    3.423148E+01    3.417662E+01    3.411648E+01    3.405537E+01    3.400382E+01    3.393876E+01    3.382055E+01    3.392379E+01    3.396520E+01    3.398122E+01
   3.508970E+01    3.508747E+01    3.508380E+01    3.508060E+01    1.000000E+30    1.000000E+30    1.000000E+30    1.000000E+30    3.423765E+01    3.421413E+01    3.417396E+01    3.412009E+01    3.405283E+01    3.397849E+01    3.395687E+01    3.392904E+01    3.389996E+01    3.392805E+01    3.395202E+01    3.396395E+01
   3.508076E+01    3.507949E+01    3.507748E+01    3.507593E+01    1.000000E+30    1.000000E+30    1.000000E+30    1.000000E+30    3.417839E+01    3.415954E+01    3.412394E+01    3.407048E+01    3.398885E+01    3.384012E+01    3.391069E+01    3.391978E+01    3.392046E+01    3.393325E+01    3.394646E+01    3.395389E+01
   3.505912E+01    3.505838E+01    3.505726E+01    3.505643E+01    1.000000E+30    1.000000E+30    1.000000E+30    1.000000E+30    3.413061E+01    3.411510E+01    3.408556E+01    3.404259E+01    3.398610E+01    3.392470E+01    3.392247E+01    3.392019E+01    3.392569E+01    3.393394E+01    3.394189E+01    3.394648E+01
   3.502418E+01    3.502388E+01    3.502338E+01    3.502282E+01    1.000000E+30    1.000000E+30    1.000000E+30    1.000000E+30    3.409099E+01    3.407832E+01    3.405466E+01    3.402195E+01    3.398362E+01    3.394784E+01    3.393065E+01    3.391947E+01    3.392442E+01    3.393036E+01    3.393573E+01    3.393884E+01
   3.497516E+01    3.497526E+01    3.497513E+01    3.497471E+01    1.000000E+30    1.000000E+30    1.000000E+30    1.000000E+30    3.405689E+01    3.404650E+01    3.402742E+01    3.400207E+01    3.397394E+01    3.394777E+01    3.392864E+01    3.391393E+01    3.391815E+01    3.392298E+01    3.392719E+01    3.392961E+01
   3.491130E+01    3.491165E+01    3.491177E+01    3.491141E+01    1.000000E+30    1.000000E+30    1.000000E+30    1.000000E+30    3.402605E+01    3.401727E+01    3.400130E+01    3.398049E+01    3.395772E+01    3.393612E+01    3.391806E+01    3.390328E+01    3.390743E+01    3.391209E+01    3.391606E+01    3.391833E+01
   3.483208E+01    3.483225E+01    3.483248E+01    3.483189E+01    1.000000E+30    1.000000E+30    1.000000E+30    1.000000E+30    3.399659E+01    3.398883E+01    3.397473E+01    3.395635E+01    3.393614E+01    3.391680E+01    3.390035E+01    3.388770E+01    3.389264E+01    3.389801E+01    3.390252E+01    3.390506E+01
   3.473775E+01    3.473707E+01    3.473611E+01    3.473528E+01    1.000000E+30    1.000000E+30    1.000000E+30    1.000000E+30    3.396709E+01    3.396000E+01    3.394696E+01    3.392953E+01    3.390992E+01    3.389065E+01    3.387510E+01    3.386690E+01    3.387405E+01    3.388137E+01    3.388711E+01    3.389026E+01
   3.463010E+01    3.462786E+01    3.462455E+01    3.462291E+01    1.000000E+30    1.000000E+30    1.000000E+30    1.000000E+30    3.393640E+01    3.392992E+01    3.391753E+01    3.390007E+01    3.387888E+01    3.385621E+01    3.383873E+01    3.383967E+01    3.385189E+01    3.386289E+01    3.387064E+01    3.387466E+01
   3.451256E+01    3.450771E+01    3.450087E+01    3.449614E+01    1.000000E+30    1.000000E+30    1.000000E+30    1.000000E+30    3.390329E+01    3.389789E+01    3.388638E+01    3.386843E+01    3.384358E+01    3.381166E+01    3.377989E+01    3.380429E+01    3.382730E+01    3.384382E+01    3.385417E+01    3.385921E+01
   3.438891E+01    3.437974E+01    3.436530E+01    3.435313E+01    1.000000E+30    1.000000E+30    1.000000E+30    1.000000E+30    3.386579E+01    3.386331E+01    3.385420E+01    3.383739E+01    3.380999E+01    3.376239E+01    3.365961E+01    3.376466E+01    3.380528E+01    3.382701E+01    3.383924E+01    3.384494E+01
   3.426441E+01    3.424820E+01    3.421915E+01    3.418791E+01    1.000000E+30    1.000000E+30    3.377681E+01    3.379167E+01    3.381965E+01    3.382593E+01    3.382184E+01    3.381060E+01    3.379234E+01    3.376666E+01    3.374108E+01    3.377204E+01    3.379773E+01    3.381575E+01    3.382703E+01    3.383251E+01
   3.414652E+01    3.412096E+01    3.406878E+01    3.398249E+01    3.383266E+01    1.000000E+30    3.375059E+01    3.376602E+01    3.378243E+01    3.378885E+01    3.378834E+01    3.378425E+01    3.377701E+01    3.376801E+01    3.376345E+01    3.377602E+01    3.379328E+01    3.380730E+01    3.381683E+01    3.382168E+01
   3.404502E+01    3.401224E+01    3.394271E+01    3.382615E+01    3.366990E+01    3.364990E+01    3.369830E+01    3.372736E+01    3.374327E+01    3.374863E+01    3.374992E+01    3.375385E+01    3.375766E+01    3.376052E+01    3.376459E+01    3.377300E+01    3.378744E+01    3.379932E+01    3.380753E+01    3.381178E+01
   3.396693E+01    3.393103E+01    3.385063E+01    3.369475E+01    3.336093E+01    3.357342E+01    3.365692E+01    3.369246E+01    3.370443E+01    3.370310E+01    3.370058E+01    3.371610E+01    3.373324E+01    3.374653E+01    3.375668E+01    3.376538E+01    3.377960E+01    3.379073E+01    3.379831E+01    3.380220E+01
   3.391535E+01    3.388465E+01    3.382108E+01    3.372109E+01    3.360166E+01    3.362606E+01    3.365579E+01    3.367134E+01    3.366955E+01    3.365057E+01    3.362548E+01    3.366920E+01    3.370583E+01    3.372990E+01    3.374532E+01    3.375551E+01    3.377040E+01    3.378146E+01    3.378885E+01    3.379259E+01
   3.388492E+01    3.386118E+01    3.381534E+01    3.375172E+01    3.368743E+01    3.366541E+01    3.365965E+01    3.365742E+01    3.364292E+01    3.359782E+01    3.347463E+01    3.362090E+01    3.368337E+01    3.371556E+01    3.373402E+01    3.374508E+01    3.376056E+01    3.377172E+01    3.377910E+01    3.378280E+01
   3.386836E+01    3.385000E+01    3.381562E+01    3.376895E+01    3.371826E+01    3.367786E+01    3.364950E+01    3.364524E+01    3.363951E+01    3.362146E+01    3.359842E+01    3.364391E+01    3.368246E+01    3.370830E+01    3.372479E+01    3.373498E+01    3.375056E+01    3.376175E+01    3.376911E+01    3.377282E+01
   3.386014E+01    3.384531E+01    3.381703E+01    3.377660E+01    3.372565E+01    3.366609E+01    3.360471E+01    3.362449E+01    3.364024E+01    3.364361E+01    3.364526E+01    3.366484E+01    3.368643E+01    3.370398E+01    3.371667E+01    3.372506E+01    3.374035E+01    3.375157E+01    3.375893E+01    3.376266E+01
   3.385659E+01    3.384401E+01    3.381947E+01    3.378221E+01    3.372845E+01    3.364359E+01    3.347195E+01    3.359993E+01    3.364386E+01    3.365882E+01    3.366577E+01    3.367575E+01    3.368741E+01    3.369862E+01    3.370799E+01    3.371478E+01    3.372979E+01    3.374106E+01    3.374857E+01    3.375237E+01
   3.385543E+01    3.384443E+01    3.382357E+01    3.379228E+01    3.374904E+01    3.369262E+01    3.363215E+01    3.365006E+01    3.366617E+01    3.367301E+01    3.367519E+01    3.367776E+01    3.368251E+01    3.368966E+01    3.369729E+01    3.370355E+01    3.371872E+01    3.373027E+01    3.373809E+01    3.374209E+01
   3.385506E+01    3.384454E+01    3.382738E+01    3.380273E+01    3.377062E+01    3.373356E+01    3.370055E+01    3.369136E+01    3.368814E+01    3.368340E+01    3.367691E+01    3.367121E+01    3.366968E+01    3.367525E+01    3.368356E+01    3.369100E+01    3.370708E+01    3.371929E+01    3.372766E+01    3.373201E+01
   1.000000E+30    3.384135E+01    3.382831E+01    3.380971E+01    3.378586E+01    3.375924E+01    3.373458E+01    3.371728E+01    3.370298E+01    3.368807E+01    3.367153E+01    3.365512E+01    3.364501E+01    3.365357E+01    3.366641E+01    3.367723E+01    3.369509E+01    3.370842E+01    3.371754E+01    3.372249E+01
   1.000000E+30    1.000000E+30    3.382485E+01    3.381133E+01    3.379327E+01    3.377261E+01    3.375138E+01    3.373124E+01    3.371077E+01    3.368791E+01    3.366078E+01    3.362844E+01    3.359745E+01    3.362315E+01    3.364699E+01    3.366314E+01    3.368324E+01    3.369787E+01    3.370797E+01    3.371416E+01
   1.000000E+30    1.000000E+30    1.000000E+30    3.380725E+01    3.379304E+01    3.377651E+01    3.375767E+01    3.373702E+01    3.371381E+01    3.368639E+01    3.365108E+01    3.359721E+01    3.348861E+01    3.358963E+01    3.363069E+01    3.365104E+01    3.367249E+01    3.368771E+01    3.369860E+01    3.370826E+01
   1.000000E+30    1.000000E+30    1.000000E+30    1.000000E+30    3.378490E+01    3.377281E+01    3.375645E+01    3.373692E+01    3.371414E+01    3.368770E+01    3.365676E+01    3.362057E+01    3.358589E+01    3.360888E+01    3.363012E+01    3.364383E+01    3.366360E+01    3.367784E+01    3.368669E+01    1.000000E+30
   1.000000E+30    1.000000E+30    1.000000E+30    1.000000E+30    3.377904E+01    3.376341E+01    3.374890E+01    3.373169E+01    3.371127E+01    3.368836E+01    3.366390E+01    3.363996E+01    3.362280E+01    3.362523E+01    3.363261E+01    3.363857E+01    3.365593E+01    3.366948E+01    3.367989E+01    1.000000E+30
   1.000000E+30    1.000000E+30    1.000000E+30    1.000000E+30    1.000000E+30    3.374292E+01    3.373448E+01    3.372098E+01    3.370398E+01    3.368522E+01    3.366613E+01    3.364884E+01    3.363661E+01    3.363258E+01    3.363251E+01    3.363268E+01    3.364790E+01    3.366050E+01    1.000000E+30    1.000000E+30
   1.000000E+30    1.000000E+30    1.000000E+30    1.000000E+30    1.000000E+30    3.372196E+01    3.371600E+01    3.370545E+01    3.369195E+01    3.367689E+01    3.366182E+01    3.364840E+01    3.363823E+01    3.363213E+01    3.362847E+01    3.362502E+01    3.363831E+01    1.000000E+30    1.000000E+30    1.000000E+30
   1.000000E+30    1.000000E+30    1.000000E+30    1.000000E+30    1.000000E+30    3.369910E+01    3.369439E+01    3.368599E+01    3.367513E+01    3.366308E+01    3.365109E+01    3.364031E+01    3.363166E+01    3.362543E+01    3.362069E+01    3.361583E+01    1.000000E+30    1.000000E+30    1.000000E+30    1.000000E+30
