   3.597426E+01    3.595646E+01    3.592171E+01    3.587094E+01    3.580539E+01    3.572679E+01    3.563717E+01    3.553885E+01    3.543403E+01    3.532466E+01    3.521145E+01    3.509403E+01    3.497070E+01    3.483896E+01    3.469621E+01    3.454029E+01    3.457670E+01    3.460466E+01    3.462354E+01    3.463300E+01
   3.598006E+01    3.596181E+01    3.592623E+01    3.587433E+01    3.580728E+01    3.572689E+01    3.563539E+01    3.553522E+01    3.542886E+01    3.531837E+01    3.520484E+01    3.508774E+01    3.496508E+01    3.483414E+01    3.469196E+01    3.453572E+01    3.457248E+01    3.460061E+01    3.461953E+01    3.462898E+01
   3.599210E+01    3.597299E+01    3.593584E+01    3.588161E+01    3.581130E+01    3.572713E+01    3.563174E+01    3.552806E+01    3.541872E+01    3.530613E+01    3.519188E+01    3.507527E+01    3.495373E+01    3.482417E+01    3.468311E+01    3.452755E+01    3.456421E+01    3.459240E+01    3.461134E+01    3.462075E+01
   3.601129E+01    3.599106E+01    3.595145E+01    3.589325E+01    3.581776E+01    3.572772E+01    3.562632E+01    3.551720E+01    3.540356E+01    3.528783E+01    3.517259E+01    3.505677E+01    3.493613E+01    3.480816E+01    3.466936E+01    3.451599E+01    3.455203E+01    3.457988E+01    3.459878E+01    3.460826E+01
   3.603876E+01    3.601719E+01    3.597439E+01    3.591061E+01    3.582732E+01    3.572855E+01    3.561845E+01    3.550162E+01    3.538246E+01    3.526348E+01    3.514646E+01    3.503061E+01    3.491179E+01    3.478634E+01    3.465068E+01    3.450108E+01    3.453574E+01    3.456306E+01    3.458202E+01    3.459168E+01
   3.607578E+01    3.605307E+01    3.600698E+01    3.593613E+01    3.584097E+01    3.572967E+01    3.560714E+01    3.547852E+01    3.535202E+01    3.523013E+01    3.511283E+01    3.499778E+01    3.488128E+01    3.475920E+01    3.462727E+01    3.448235E+01    3.451506E+01    3.454196E+01    3.456128E+01    3.457133E+01
   3.612326E+01    3.610061E+01    3.605301E+01    3.597487E+01    3.585963E+01    3.573095E+01    3.559148E+01    3.544381E+01    3.530903E+01    3.518629E+01    3.507084E+01    3.495841E+01    3.484550E+01    3.472758E+01    3.459930E+01    3.445862E+01    3.448882E+01    3.451610E+01    3.453679E+01    3.454779E+01
   3.618089E+01    3.616118E+01    3.611847E+01    3.604053E+01    3.588075E+01    3.573191E+01    3.557380E+01    3.538743E+01    3.524683E+01    3.512960E+01    3.502073E+01    3.491346E+01    3.480557E+01    3.469147E+01    3.456585E+01    3.442810E+01    3.445428E+01    3.448469E+01    3.450909E+01    3.452215E+01
   3.624536E+01    3.623232E+01    3.620777E+01    3.617921E+01    1.000000E+30    1.000000E+30    1.000000E+30    3.527682E+01    3.515496E+01    3.505825E+01    3.496334E+01    3.486484E+01    3.476102E+01    3.464865E+01    3.452607E+01    3.438913E+01    3.440392E+01    3.444703E+01    3.447984E+01    3.449642E+01
   3.630909E+01    3.630166E+01    3.628892E+01    3.627743E+01    1.000000E+30    1.000000E+30    1.000000E+30    1.000000E+30    3.502898E+01    3.497635E+01    3.490144E+01    3.481235E+01    3.471137E+01    3.459993E+01    3.448278E+01    3.434419E+01    3.431237E+01    3.440727E+01    3.445369E+01    3.447395E+01
   3.636534E+01    3.636169E+01    3.635571E+01    3.635033E+01    1.000000E+30    1.000000E+30    1.000000E+30    1.000000E+30    3.494194E+01    3.490547E+01    3.484312E+01    3.476028E+01    3.465832E+01    3.454078E+01    3.444354E+01    3.432902E+01    3.435430E+01    3.440404E+01    3.444028E+01    3.445821E+01
   3.640960E+01    3.640788E+01    3.640507E+01    3.640233E+01    1.000000E+30    1.000000E+30    1.000000E+30    1.000000E+30    3.487763E+01    3.484814E+01    3.479334E+01    3.471468E+01    3.460648E+01    3.444477E+01    3.440558E+01    3.431473E+01    3.436011E+01    3.440145E+01    3.443152E+01    3.444676E+01
   3.643951E+01    3.643856E+01    3.643696E+01    3.643559E+01    1.000000E+30    1.000000E+30    1.000000E+30    1.000000E+30    3.482907E+01    3.480343E+01    3.475484E+01    3.468499E+01    3.459390E+01    3.448728E+01    3.440482E+01    3.430839E+01    3.435737E+01    3.439636E+01    3.442340E+01    3.443687E+01
   3.645440E+01    3.645382E+01    3.645285E+01    3.645208E+01    1.000000E+30    1.000000E+30    1.000000E+30    1.000000E+30    3.479231E+01    3.476905E+01    3.472501E+01    3.466245E+01    3.458389E+01    3.449459E+01    3.440428E+01    3.430409E+01    3.435219E+01    3.438918E+01    3.441434E+01    3.442688E+01
   3.645396E+01    3.645369E+01    3.645316E+01    3.645261E+01    1.000000E+30    1.000000E+30    1.000000E+30    1.000000E+30    3.476515E+01    3.474326E+01    3.470197E+01    3.464409E+01    3.457253E+01    3.449011E+01    3.439972E+01    3.429912E+01    3.434527E+01    3.438051E+01    3.440433E+01    3.441626E+01
   3.643757E+01    3.643756E+01    3.643732E+01    3.643687E+01    1.000000E+30    1.000000E+30    1.000000E+30    1.000000E+30    3.474626E+01    3.472484E+01    3.468462E+01    3.462875E+01    3.456016E+01    3.448080E+01    3.439173E+01    3.429262E+01    3.433673E+01    3.437052E+01    3.439342E+01    3.440495E+01
   3.640473E+01    3.640476E+01    3.640470E+01    3.640417E+01    1.000000E+30    1.000000E+30    1.000000E+30    1.000000E+30    3.473507E+01    3.471316E+01    3.467230E+01    3.461609E+01    3.454780E+01    3.446923E+01    3.438095E+01    3.428376E+01    3.432650E+01    3.435934E+01    3.438170E+01    3.439304E+01
   3.635531E+01    3.635492E+01    3.635430E+01    3.635365E+01    1.000000E+30    1.000000E+30    1.000000E+30    1.000000E+30    3.473193E+01    3.470851E+01    3.466530E+01    3.460634E+01    3.453584E+01    3.445566E+01    3.436666E+01    3.427188E+01    3.431446E+01    3.434717E+01    3.436944E+01    3.438083E+01
   3.629022E+01    3.628888E+01    3.628686E+01    3.628577E+01    1.000000E+30    1.000000E+30    1.000000E+30    1.000000E+30    3.473826E+01    3.471187E+01    3.466432E+01    3.460052E+01    3.452440E+01    3.443842E+01    3.434602E+01    3.425572E+01    3.430030E+01    3.433437E+01    3.435716E+01    3.436870E+01
   3.621164E+01    3.620864E+01    3.620438E+01    3.620142E+01    1.000000E+30    1.000000E+30    1.000000E+30    1.000000E+30    3.475706E+01    3.472466E+01    3.466974E+01    3.459843E+01    3.451374E+01    3.441693E+01    3.431222E+01    3.423408E+01    3.428472E+01    3.432147E+01    3.434525E+01    3.435705E+01
   3.612223E+01    3.611645E+01    3.610734E+01    3.609958E+01    1.000000E+30    1.000000E+30    1.000000E+30    1.000000E+30    3.479477E+01    3.474843E+01    3.468160E+01    3.460086E+01    3.450665E+01    3.439409E+01    3.424115E+01    3.420967E+01    3.427072E+01    3.431001E+01    3.433438E+01    3.434629E+01
   3.602550E+01    3.601533E+01    3.599685E+01    3.597645E+01    1.000000E+30    1.000000E+30    3.503966E+01    3.497648E+01    3.486668E+01    3.478180E+01    3.469749E+01    3.460786E+01    3.451046E+01    3.440457E+01    3.429443E+01    3.421416E+01    3.426558E+01    3.430188E+01    3.432514E+01    3.433664E+01
   3.592624E+01    3.591052E+01    3.587772E+01    3.581992E+01    3.570895E+01    1.000000E+30    3.508575E+01    3.500913E+01    3.490495E+01    3.480538E+01    3.470916E+01    3.461341E+01    3.451470E+01    3.441267E+01    3.431114E+01    3.421659E+01    3.426217E+01    3.429528E+01    3.431694E+01    3.432785E+01
   3.583031E+01    3.581101E+01    3.577028E+01    3.569889E+01    3.557943E+01    3.538415E+01    3.518810E+01    3.505305E+01    3.493044E+01    3.481689E+01    3.471108E+01    3.461159E+01    3.451333E+01    3.441416E+01    3.431436E+01    3.421454E+01    3.425749E+01    3.428869E+01    3.430909E+01    3.431934E+01
   3.574113E+01    3.572041E+01    3.567746E+01    3.560693E+01    3.550148E+01    3.535887E+01    3.520591E+01    3.506651E+01    3.493537E+01    3.481151E+01    3.469726E+01    3.459940E+01    3.450494E+01    3.440908E+01    3.431071E+01    3.420939E+01    3.425107E+01    3.428120E+01    3.430077E+01    3.431054E+01
   3.566017E+01    3.563940E+01    3.559725E+01    3.553130E+01    3.543870E+01    3.532110E+01    3.518967E+01    3.505552E+01    3.492106E+01    3.478716E+01    3.465784E+01    3.457499E+01    3.449042E+01    3.439945E+01    3.430311E+01    3.420193E+01    3.424308E+01    3.427253E+01    3.429160E+01    3.430108E+01
   3.558760E+01    3.556712E+01    3.552631E+01    3.546458E+01    3.537993E+01    3.527468E+01    3.515519E+01    3.502855E+01    3.489506E+01    3.474992E+01    3.456328E+01    3.454309E+01    3.447424E+01    3.438815E+01    3.429357E+01    3.419306E+01    3.423380E+01    3.426270E+01    3.428144E+01    3.429076E+01
   3.552305E+01    3.550274E+01    3.546303E+01    3.540300E+01    3.532107E+01    3.521962E+01    3.510506E+01    3.499055E+01    3.487137E+01    3.474913E+01    3.462709E+01    3.454861E+01    3.446687E+01    3.437807E+01    3.428334E+01    3.418337E+01    3.422347E+01    3.425185E+01    3.427025E+01    3.427947E+01
   3.546623E+01    3.544564E+01    3.540564E+01    3.534471E+01    3.526140E+01    3.515483E+01    3.503027E+01    3.494106E+01    3.484466E+01    3.474143E+01    3.463876E+01    3.454785E+01    3.445857E+01    3.436706E+01    3.427200E+01    3.417280E+01    3.421196E+01    3.423998E+01    3.425813E+01    3.426722E+01
   3.541716E+01    3.539505E+01    3.535322E+01    3.529100E+01    3.520542E+01    3.508700E+01    3.490290E+01    3.488673E+01    3.481518E+01    3.472491E+01    3.462998E+01    3.453712E+01    3.444524E+01    3.435286E+01    3.425851E+01    3.416097E+01    3.419918E+01    3.422688E+01    3.424497E+01    3.425404E+01
   3.537730E+01    3.535079E+01    3.530592E+01    3.524391E+01    3.516347E+01    3.506365E+01    3.495034E+01    3.487502E+01    3.479328E+01    3.470372E+01    3.461069E+01    3.451764E+01    3.442567E+01    3.433442E+01    3.424215E+01    3.414714E+01    3.418495E+01    3.421258E+01    3.423083E+01    3.424007E+01
   3.535092E+01    3.531154E+01    3.526146E+01    3.519907E+01    3.512337E+01    3.503594E+01    3.494244E+01    3.485588E+01    3.476794E+01    3.467672E+01    3.458348E+01    3.449016E+01    3.439869E+01    3.431046E+01    3.422211E+01    3.413106E+01    3.416915E+01    3.419711E+01    3.421588E+01    3.422556E+01
   1.000000E+30    3.526998E+01    3.521552E+01    3.515177E+01    3.507821E+01    3.499738E+01    3.491176E+01    3.482468E+01    3.473518E+01    3.464310E+01    3.454894E+01    3.445405E+01    3.436204E+01    3.427980E+01    3.419792E+01    3.411255E+01    3.415180E+01    3.418068E+01    3.420036E+01    3.421099E+01
   1.000000E+30    1.000000E+30    3.516419E+01    3.509755E+01    3.502347E+01    3.494683E+01    3.486646E+01    3.478252E+01    3.469483E+01    3.460337E+01    3.450817E+01    3.440875E+01    3.430858E+01    3.424102E+01    3.417001E+01    3.409184E+01    3.413286E+01    3.416322E+01    3.418442E+01    3.419739E+01
   1.000000E+30    1.000000E+30    1.000000E+30    3.503371E+01    3.495362E+01    3.488261E+01    3.480893E+01    3.473060E+01    3.464720E+01    3.455886E+01    3.446444E+01    3.435716E+01    3.421419E+01    3.419743E+01    3.414155E+01    3.407019E+01    3.411273E+01    3.414417E+01    3.416703E+01    3.418706E+01
   1.000000E+30    1.000000E+30    1.000000E+30    1.000000E+30    3.485641E+01    3.480343E+01    3.473937E+01    3.466894E+01    3.459259E+01    3.451139E+01    3.442580E+01    3.433506E+01    3.424279E+01    3.418334E+01    3.412019E+01    3.404953E+01    3.409185E+01    3.412297E+01    3.414253E+01    1.000000E+30
   1.000000E+30    1.000000E+30    1.000000E+30    1.000000E+30    3.479524E+01    3.471703E+01    3.465823E+01    3.459737E+01    3.453007E+01    3.445833E+01    3.438348E+01    3.430646E+01    3.423083E+01    3.416437E+01    3.409809E+01    3.402817E+01    3.407017E+01    3.410272E+01    3.412760E+01    1.000000E+30
   1.000000E+30    1.000000E+30    1.000000E+30    1.000000E+30    1.000000E+30    3.459148E+01    3.456021E+01    3.451394E+01    3.445832E+01    3.439762E+01    3.433342E+01    3.426723E+01    3.420098E+01    3.413659E+01    3.407168E+01    3.400409E+01    3.404588E+01    3.407962E+01    1.000000E+30    1.000000E+30
   1.000000E+30    1.000000E+30    1.000000E+30    1.000000E+30    1.000000E+30    3.448000E+01    3.445916E+01    3.442367E+01    3.437949E+01    3.432923E+01    3.427497E+01    3.421825E+01    3.415999E+01    3.410077E+01    3.403971E+01    3.397564E+01    3.401680E+01    1.000000E+30    1.000000E+30    1.000000E+30
   1.000000E+30    1.000000E+30    1.000000E+30    1.000000E+30    1.000000E+30    3.437382E+01    3.435780E+01    3.432992E+01    3.429423E+01    3.425330E+01    3.420861E+01    3.416083E+01    3.411013E+01    3.405719E+01    3.400145E+01    3.394186E+01    1.000000E+30    1.000000E+30    1.000000E+30    1.000000E+30
