   3.578410E+01    3.576509E+01    3.572804E+01    3.567403E+01    3.560450E+01    3.552156E+01    3.542765E+01    3.532559E+01    3.521808E+01    3.510769E+01    3.499572E+01    3.488246E+01    3.476694E+01    3.464762E+01    3.452300E+01    3.439223E+01    3.440224E+01    3.441038E+01    3.441606E+01    3.441894E+01
   3.579032E+01    3.577083E+01    3.573285E+01    3.567753E+01    3.560628E+01    3.552129E+01    3.542521E+01    3.532099E+01    3.521167E+01    3.509989E+01    3.498736E+01    3.487423E+01    3.475923E+01    3.464059E+01    3.451654E+01    3.438562E+01    3.439570E+01    3.440374E+01    3.440929E+01    3.441212E+01
   3.580324E+01    3.578278E+01    3.574302E+01    3.568505E+01    3.561009E+01    3.552076E+01    3.542020E+01    3.531185E+01    3.519896E+01    3.508456E+01    3.497085E+01    3.485783E+01    3.474361E+01    3.462613E+01    3.450319E+01    3.437326E+01    3.438260E+01    3.439015E+01    3.439548E+01    3.439821E+01
   3.582384E+01    3.580211E+01    3.575957E+01    3.569712E+01    3.561628E+01    3.552024E+01    3.541272E+01    3.529796E+01    3.517986E+01    3.506152E+01    3.494612E+01    3.483324E+01    3.471943E+01    3.460320E+01    3.448243E+01    3.435502E+01    3.436261E+01    3.436924E+01    3.437434E+01    3.437707E+01
   3.585339E+01    3.583013E+01    3.578402E+01    3.571530E+01    3.562568E+01    3.551969E+01    3.540211E+01    3.527821E+01    3.515327E+01    3.503053E+01    3.491240E+01    3.479863E+01    3.468588E+01    3.457167E+01    3.445383E+01    3.433043E+01    3.433518E+01    3.434070E+01    3.434575E+01    3.434874E+01
   3.589330E+01    3.586874E+01    3.581893E+01    3.574230E+01    3.563944E+01    3.551930E+01    3.538741E+01    3.524964E+01    3.511553E+01    3.498840E+01    3.486876E+01    3.475465E+01    3.464318E+01    3.453154E+01    3.441702E+01    3.429844E+01    3.429906E+01    3.430367E+01    3.430954E+01    3.431341E+01
   3.594457E+01    3.592004E+01    3.586847E+01    3.578375E+01    3.565874E+01    3.551915E+01    3.536789E+01    3.520791E+01    3.506318E+01    3.493353E+01    3.481428E+01    3.470133E+01    3.459191E+01    3.448314E+01    3.437134E+01    3.425673E+01    3.425086E+01    3.425636E+01    3.426565E+01    3.427190E+01
   3.600689E+01    3.598552E+01    3.593919E+01    3.585458E+01    3.568105E+01    3.551912E+01    3.534663E+01    3.514221E+01    3.498891E+01    3.486330E+01    3.474916E+01    3.463959E+01    3.453310E+01    3.442585E+01    3.431488E+01    3.420130E+01    3.418279E+01    3.419595E+01    3.421488E+01    3.422650E+01
   3.607662E+01    3.606247E+01    3.603581E+01    3.600480E+01    1.000000E+30    1.000000E+30    1.000000E+30    3.501717E+01    3.488113E+01    3.477583E+01    3.467437E+01    3.457103E+01    3.446517E+01    3.435610E+01    3.424607E+01    3.412743E+01    3.407307E+01    3.411985E+01    3.416116E+01    3.418211E+01
   3.614548E+01    3.613740E+01    3.612355E+01    3.611107E+01    1.000000E+30    1.000000E+30    1.000000E+30    1.000000E+30    3.473407E+01    3.467613E+01    3.459374E+01    3.449583E+01    3.438619E+01    3.427181E+01    3.417013E+01    3.404069E+01    3.384814E+01    3.403869E+01    3.411684E+01    3.414756E+01
   3.620608E+01    3.620212E+01    3.619560E+01    3.618975E+01    1.000000E+30    1.000000E+30    1.000000E+30    1.000000E+30    3.463117E+01    3.458985E+01    3.451820E+01    3.442067E+01    3.429725E+01    3.415799E+01    3.410594E+01    3.403851E+01    3.400192E+01    3.406079E+01    3.410863E+01    3.413227E+01
   3.625345E+01    3.625158E+01    3.624851E+01    3.624553E+01    1.000000E+30    1.000000E+30    1.000000E+30    1.000000E+30    3.455589E+01    3.452176E+01    3.445679E+01    3.435856E+01    3.420842E+01    3.393691E+01    3.404313E+01    3.403693E+01    3.405192E+01    3.408403E+01    3.411328E+01    3.412915E+01
   3.628495E+01    3.628391E+01    3.628216E+01    3.628066E+01    1.000000E+30    1.000000E+30    1.000000E+30    1.000000E+30    3.450111E+01    3.447208E+01    3.441640E+01    3.433472E+01    3.422615E+01    3.410463E+01    3.408101E+01    3.405241E+01    3.407547E+01    3.409961E+01    3.411964E+01    3.413052E+01
   3.629975E+01    3.629912E+01    3.629807E+01    3.629721E+01    1.000000E+30    1.000000E+30    1.000000E+30    1.000000E+30    3.446163E+01    3.443673E+01    3.438977E+01    3.432393E+01    3.424449E+01    3.416490E+01    3.411285E+01    3.406662E+01    3.408824E+01    3.410806E+01    3.412335E+01    3.413155E+01
   3.629738E+01    3.629710E+01    3.629652E+01    3.629592E+01    1.000000E+30    1.000000E+30    1.000000E+30    1.000000E+30    3.443354E+01    3.441157E+01    3.437073E+01    3.431530E+01    3.425098E+01    3.418553E+01    3.412774E+01    3.407327E+01    3.409285E+01    3.411015E+01    3.412312E+01    3.413002E+01
   3.627705E+01    3.627706E+01    3.627681E+01    3.627630E+01    1.000000E+30    1.000000E+30    1.000000E+30    1.000000E+30    3.441396E+01    3.439349E+01    3.435581E+01    3.430541E+01    3.424750E+01    3.418721E+01    3.412868E+01    3.407181E+01    3.409029E+01    3.410659E+01    3.411874E+01    3.412519E+01
   3.623805E+01    3.623809E+01    3.623803E+01    3.623742E+01    1.000000E+30    1.000000E+30    1.000000E+30    1.000000E+30    3.440125E+01    3.438078E+01    3.434333E+01    3.429362E+01    3.423671E+01    3.417708E+01    3.411827E+01    3.406237E+01    3.408118E+01    3.409797E+01    3.411050E+01    3.411718E+01
   3.618010E+01    3.617964E+01    3.617891E+01    3.617816E+01    1.000000E+30    1.000000E+30    1.000000E+30    1.000000E+30    3.439519E+01    3.437321E+01    3.433330E+01    3.428033E+01    3.421991E+01    3.415660E+01    3.409577E+01    3.404432E+01    3.406585E+01    3.408508E+01    3.409921E+01    3.410671E+01
   3.610407E+01    3.610250E+01    3.610012E+01    3.609885E+01    1.000000E+30    1.000000E+30    1.000000E+30    1.000000E+30    3.439701E+01    3.437173E+01    3.432661E+01    3.426698E+01    3.419758E+01    3.412325E+01    3.405477E+01    3.401535E+01    3.404448E+01    3.406914E+01    3.408621E+01    3.409495E+01
   3.601232E+01    3.600879E+01    3.600380E+01    3.600032E+01    1.000000E+30    1.000000E+30    1.000000E+30    1.000000E+30    3.440981E+01    3.437804E+01    3.432445E+01    3.425481E+01    3.417121E+01    3.407419E+01    3.397544E+01    3.397225E+01    3.401896E+01    3.405227E+01    3.407319E+01    3.408337E+01
   3.590773E+01    3.590094E+01    3.589023E+01    3.588112E+01    1.000000E+30    1.000000E+30    1.000000E+30    1.000000E+30    3.444007E+01    3.439401E+01    3.432802E+01    3.424774E+01    3.414986E+01    3.401780E+01    3.378876E+01    3.392134E+01    3.399753E+01    3.403899E+01    3.406250E+01    3.407350E+01
   3.579421E+01    3.578223E+01    3.576050E+01    3.573654E+01    1.000000E+30    1.000000E+30    3.467657E+01    3.461181E+01    3.450283E+01    3.441800E+01    3.433539E+01    3.424945E+01    3.415627E+01    3.405370E+01    3.395302E+01    3.395136E+01    3.400045E+01    3.403465E+01    3.405593E+01    3.406626E+01
   3.567721E+01    3.565864E+01    3.561998E+01    3.555207E+01    3.542177E+01    1.000000E+30    3.472124E+01    3.463921E+01    3.453050E+01    3.442896E+01    3.433557E+01    3.424891E+01    3.416467E+01    3.408274E+01    3.401256E+01    3.397450E+01    3.400779E+01    3.403424E+01    3.405205E+01    3.406108E+01
   3.556348E+01    3.554053E+01    3.549227E+01    3.540818E+01    3.526862E+01    3.504316E+01    3.482400E+01    3.467391E+01    3.454049E+01    3.442108E+01    3.431813E+01    3.423490E+01    3.416169E+01    3.409401E+01    3.403373E+01    3.398462E+01    3.401182E+01    3.403378E+01    3.404893E+01    3.405672E+01
   3.545700E+01    3.543201E+01    3.538043E+01    3.529628E+01    3.517168E+01    3.500531E+01    3.482976E+01    3.467087E+01    3.452258E+01    3.438534E+01    3.426949E+01    3.419999E+01    3.414419E+01    3.409019E+01    3.403699E+01    3.398572E+01    3.401145E+01    3.403146E+01    3.404508E+01    3.405204E+01
   3.535971E+01    3.533409E+01    3.528227E+01    3.520160E+01    3.508931E+01    3.494851E+01    3.479365E+01    3.463733E+01    3.447892E+01    3.431647E+01    3.416248E+01    3.413980E+01    3.411516E+01    3.407742E+01    3.403147E+01    3.398137E+01    3.400750E+01    3.402688E+01    3.403979E+01    3.404633E+01
   3.527222E+01    3.524623E+01    3.519443E+01    3.511606E+01    3.500900E+01    3.487752E+01    3.473240E+01    3.458486E+01    3.442481E+01    3.422857E+01    3.391075E+01    3.406728E+01    3.408776E+01    3.406405E+01    3.402310E+01    3.397433E+01    3.400105E+01    3.402027E+01    3.403292E+01    3.403927E+01
   3.519466E+01    3.516816E+01    3.511595E+01    3.503623E+01    3.492646E+01    3.479073E+01    3.464402E+01    3.452088E+01    3.439474E+01    3.425757E+01    3.412049E+01    3.410838E+01    3.409098E+01    3.405840E+01    3.401547E+01    3.396624E+01    3.399291E+01    3.401197E+01    3.402447E+01    3.403078E+01
   3.512735E+01    3.510005E+01    3.504610E+01    3.496190E+01    3.484274E+01    3.468461E+01    3.450065E+01    3.443823E+01    3.436564E+01    3.427617E+01    3.418960E+01    3.413914E+01    3.409743E+01    3.405416E+01    3.400730E+01    3.395701E+01    3.398309E+01    3.400210E+01    3.401457E+01    3.402087E+01
   3.507068E+01    3.504175E+01    3.498554E+01    3.489847E+01    3.477077E+01    3.457448E+01    3.421355E+01    3.434972E+01    3.433805E+01    3.427847E+01    3.420886E+01    3.414852E+01    3.409519E+01    3.404528E+01    3.399608E+01    3.394582E+01    3.397142E+01    3.399051E+01    3.400319E+01    3.400961E+01
   3.502613E+01    3.499326E+01    3.493568E+01    3.485278E+01    3.474023E+01    3.459433E+01    3.442989E+01    3.438890E+01    3.434047E+01    3.427626E+01    3.420632E+01    3.413997E+01    3.408056E+01    3.402831E+01    3.397979E+01    3.393165E+01    3.395763E+01    3.397727E+01    3.399050E+01    3.399725E+01
   3.499755E+01    3.495209E+01    3.489225E+01    3.481501E+01    3.471866E+01    3.460661E+01    3.449369E+01    3.441448E+01    3.434180E+01    3.426617E+01    3.418897E+01    3.411516E+01    3.405066E+01    3.400044E+01    3.395691E+01    3.391403E+01    3.394171E+01    3.396259E+01    3.397680E+01    3.398417E+01
   1.000000E+30    3.490846E+01    3.484818E+01    3.477578E+01    3.469059E+01    3.459694E+01    3.450209E+01    3.441535E+01    3.433123E+01    3.424577E+01    3.415849E+01    3.407278E+01    3.399914E+01    3.395871E+01    3.392682E+01    3.389313E+01    3.392407E+01    3.394698E+01    3.396258E+01    3.397101E+01
   1.000000E+30    1.000000E+30    3.479779E+01    3.472851E+01    3.464995E+01    3.456750E+01    3.448237E+01    3.439673E+01    3.430898E+01    3.421684E+01    3.411810E+01    3.401113E+01    3.390663E+01    3.390034E+01    3.389141E+01    3.387047E+01    3.390559E+01    3.393093E+01    3.394834E+01    3.395889E+01
   1.000000E+30    1.000000E+30    1.000000E+30    3.467006E+01    3.459232E+01    3.452030E+01    3.444460E+01    3.436430E+01    3.427838E+01    3.418494E+01    3.407840E+01    3.393990E+01    3.370527E+01    3.383477E+01    3.385991E+01    3.385003E+01    3.388795E+01    3.391465E+01    3.393355E+01    3.394992E+01
   1.000000E+30    1.000000E+30    1.000000E+30    1.000000E+30    3.450821E+01    3.445691E+01    3.439288E+01    3.432125E+01    3.424255E+01    3.415706E+01    3.406391E+01    3.396139E+01    3.386057E+01    3.385890E+01    3.385413E+01    3.383698E+01    3.387259E+01    3.389806E+01    3.391376E+01    1.000000E+30
   1.000000E+30    1.000000E+30    1.000000E+30    1.000000E+30    3.445656E+01    3.438649E+01    3.432985E+01    3.426895E+01    3.420073E+01    3.412746E+01    3.405108E+01    3.397479E+01    3.390921E+01    3.387668E+01    3.385254E+01    3.382645E+01    3.385855E+01    3.388336E+01    3.390221E+01    1.000000E+30
   1.000000E+30    1.000000E+30    1.000000E+30    1.000000E+30    1.000000E+30    3.428244E+01    3.425203E+01    3.420634E+01    3.415117E+01    3.409136E+01    3.402968E+01    3.396981E+01    3.391743E+01    3.387831E+01    3.384581E+01    3.381418E+01    3.384323E+01    3.386701E+01    1.000000E+30    1.000000E+30
   1.000000E+30    1.000000E+30    1.000000E+30    1.000000E+30    1.000000E+30    3.419206E+01    3.417209E+01    3.413794E+01    3.409531E+01    3.404757E+01    3.399784E+01    3.394926E+01    3.390483E+01    3.386638E+01    3.383180E+01    3.379806E+01    3.382452E+01    1.000000E+30    1.000000E+30    1.000000E+30
   1.000000E+30    1.000000E+30    1.000000E+30    1.000000E+30    1.000000E+30    3.410749E+01    3.409275E+01    3.406694E+01    3.403384E+01    3.399636E+01    3.395667E+01    3.391677E+01    3.387873E+01    3.384361E+01    3.381062E+01    3.377790E+01    1.000000E+30    1.000000E+30    1.000000E+30    1.000000E+30
