   3.593527E+01    3.591755E+01    3.588299E+01    3.583252E+01    3.576739E+01    3.568938E+01    3.560054E+01    3.550322E+01    3.539960E+01    3.529170E+01    3.518024E+01    3.506488E+01    3.494397E+01    3.481512E+01    3.467581E+01    3.452393E+01    3.455840E+01    3.458485E+01    3.460268E+01    3.461162E+01
   3.594107E+01    3.592292E+01    3.588753E+01    3.583592E+01    3.576928E+01    3.568948E+01    3.559877E+01    3.549962E+01    3.539449E+01    3.528547E+01    3.517367E+01    3.505861E+01    3.493837E+01    3.481029E+01    3.467154E+01    3.451932E+01    3.455415E+01    3.458077E+01    3.459865E+01    3.460759E+01
   3.595307E+01    3.593406E+01    3.589712E+01    3.584317E+01    3.577328E+01    3.568971E+01    3.559515E+01    3.549251E+01    3.538441E+01    3.527330E+01    3.516078E+01    3.504619E+01    3.492703E+01    3.480030E+01    3.466262E+01    3.451103E+01    3.454578E+01    3.457248E+01    3.459040E+01    3.459931E+01
   3.597215E+01    3.595203E+01    3.591264E+01    3.585476E+01    3.577971E+01    3.569031E+01    3.558976E+01    3.548171E+01    3.536934E+01    3.525510E+01    3.514157E+01    3.502773E+01    3.490943E+01    3.478424E+01    3.464875E+01    3.449929E+01    3.453342E+01    3.455980E+01    3.457772E+01    3.458671E+01
   3.599945E+01    3.597801E+01    3.593548E+01    3.587206E+01    3.578927E+01    3.569118E+01    3.558197E+01    3.546622E+01    3.534834E+01    3.523084E+01    3.511551E+01    3.500160E+01    3.488506E+01    3.476231E+01    3.462987E+01    3.448411E+01    3.451685E+01    3.454274E+01    3.456076E+01    3.456995E+01
   3.603627E+01    3.601370E+01    3.596792E+01    3.589748E+01    3.580289E+01    3.569233E+01    3.557075E+01    3.544327E+01    3.531807E+01    3.519764E+01    3.508196E+01    3.496878E+01    3.485445E+01    3.473496E+01    3.460613E+01    3.446494E+01    3.449570E+01    3.452122E+01    3.453969E+01    3.454934E+01
   3.608350E+01    3.606100E+01    3.601373E+01    3.593605E+01    3.582147E+01    3.569362E+01    3.555518E+01    3.540878E+01    3.527533E+01    3.515399E+01    3.504007E+01    3.492937E+01    3.481846E+01    3.470295E+01    3.457760E+01    3.444049E+01    3.446854E+01    3.449460E+01    3.451468E+01    3.452542E+01
   3.614086E+01    3.612129E+01    3.607886E+01    3.600137E+01    3.584248E+01    3.569455E+01    3.553759E+01    3.535278E+01    3.521353E+01    3.509758E+01    3.499007E+01    3.488432E+01    3.477817E+01    3.466619E+01    3.454325E+01    3.440872E+01    3.443209E+01    3.446180E+01    3.448619E+01    3.449932E+01
   3.620504E+01    3.619208E+01    3.616768E+01    3.613929E+01    1.000000E+30    1.000000E+30    1.000000E+30    3.524304E+01    3.512237E+01    3.502666E+01    3.493279E+01    3.483546E+01    3.473297E+01    3.462232E+01    3.450206E+01    3.436752E+01    3.437719E+01    3.442177E+01    3.445592E+01    3.447310E+01
   3.626845E+01    3.626105E+01    3.624837E+01    3.623695E+01    1.000000E+30    1.000000E+30    1.000000E+30    1.000000E+30    3.499750E+01    3.494533E+01    3.487101E+01    3.478255E+01    3.468217E+01    3.457171E+01    3.445695E+01    3.431950E+01    3.427313E+01    3.437900E+01    3.442905E+01    3.445049E+01
   3.632437E+01    3.632074E+01    3.631476E+01    3.630941E+01    1.000000E+30    1.000000E+30    1.000000E+30    1.000000E+30    3.491129E+01    3.487502E+01    3.481286E+01    3.472992E+01    3.462718E+01    3.450856E+01    3.441639E+01    3.430644E+01    3.432726E+01    3.437894E+01    3.441677E+01    3.443539E+01
   3.636836E+01    3.636664E+01    3.636380E+01    3.636105E+01    1.000000E+30    1.000000E+30    1.000000E+30    1.000000E+30    3.484775E+01    3.481834E+01    3.476348E+01    3.468407E+01    3.457288E+01    3.440076E+01    3.437665E+01    3.429380E+01    3.433771E+01    3.437906E+01    3.440947E+01    3.442493E+01
   3.639802E+01    3.639704E+01    3.639541E+01    3.639400E+01    1.000000E+30    1.000000E+30    1.000000E+30    1.000000E+30    3.480000E+01    3.477446E+01    3.472596E+01    3.465592E+01    3.456407E+01    3.445658E+01    3.438003E+01    3.428969E+01    3.433748E+01    3.437584E+01    3.440262E+01    3.441602E+01
   3.641269E+01    3.641207E+01    3.641105E+01    3.641023E+01    1.000000E+30    1.000000E+30    1.000000E+30    1.000000E+30    3.476406E+01    3.474098E+01    3.469727E+01    3.463512E+01    3.455717E+01    3.446926E+01    3.438264E+01    3.428712E+01    3.433382E+01    3.436989E+01    3.439450E+01    3.440681E+01
   3.641205E+01    3.641175E+01    3.641116E+01    3.641057E+01    1.000000E+30    1.000000E+30    1.000000E+30    1.000000E+30    3.473763E+01    3.471600E+01    3.467521E+01    3.461812E+01    3.454776E+01    3.446726E+01    3.437990E+01    3.428316E+01    3.432779E+01    3.436196E+01    3.438511E+01    3.439673E+01
   3.639550E+01    3.639549E+01    3.639522E+01    3.639473E+01    1.000000E+30    1.000000E+30    1.000000E+30    1.000000E+30    3.471930E+01    3.469819E+01    3.465859E+01    3.460367E+01    3.453649E+01    3.445912E+01    3.437278E+01    3.427711E+01    3.431968E+01    3.435236E+01    3.437456E+01    3.438576E+01
   3.636256E+01    3.636261E+01    3.636255E+01    3.636200E+01    1.000000E+30    1.000000E+30    1.000000E+30    1.000000E+30    3.470847E+01    3.468689E+01    3.464670E+01    3.459148E+01    3.452459E+01    3.444791E+01    3.436220E+01    3.426829E+01    3.430954E+01    3.434132E+01    3.436300E+01    3.437403E+01
   3.631313E+01    3.631276E+01    3.631215E+01    3.631149E+01    1.000000E+30    1.000000E+30    1.000000E+30    1.000000E+30    3.470545E+01    3.468239E+01    3.463983E+01    3.458181E+01    3.451255E+01    3.443404E+01    3.434742E+01    3.425602E+01    3.429729E+01    3.432909E+01    3.435077E+01    3.436187E+01
   3.624808E+01    3.624675E+01    3.624476E+01    3.624369E+01    1.000000E+30    1.000000E+30    1.000000E+30    1.000000E+30    3.471167E+01    3.468564E+01    3.463871E+01    3.457571E+01    3.450054E+01    3.441570E+01    3.432520E+01    3.423890E+01    3.428262E+01    3.431607E+01    3.433843E+01    3.434973E+01
   3.616960E+01    3.616661E+01    3.616241E+01    3.615948E+01    1.000000E+30    1.000000E+30    1.000000E+30    1.000000E+30    3.473008E+01    3.469808E+01    3.464378E+01    3.457311E+01    3.448886E+01    3.439201E+01    3.428729E+01    3.421543E+01    3.426626E+01    3.430289E+01    3.432644E+01    3.433809E+01
   3.608036E+01    3.607461E+01    3.606558E+01    3.605790E+01    1.000000E+30    1.000000E+30    1.000000E+30    1.000000E+30    3.476699E+01    3.472125E+01    3.465517E+01    3.457503E+01    3.448081E+01    3.436622E+01    3.420469E+01    3.418853E+01    3.425163E+01    3.429129E+01    3.431559E+01    3.432738E+01
   3.598389E+01    3.597378E+01    3.595544E+01    3.593519E+01    1.000000E+30    1.000000E+30    3.500782E+01    3.494557E+01    3.483745E+01    3.475375E+01    3.467051E+01    3.458186E+01    3.448517E+01    3.437945E+01    3.426945E+01    3.419562E+01    3.424726E+01    3.428347E+01    3.430651E+01    3.431786E+01
   3.588495E+01    3.586934E+01    3.583677E+01    3.577936E+01    3.566905E+01    1.000000E+30    3.505294E+01    3.497732E+01    3.487455E+01    3.477628E+01    3.468142E+01    3.458716E+01    3.449003E+01    3.438964E+01    3.429033E+01    3.419997E+01    3.424474E+01    3.427730E+01    3.429856E+01    3.430924E+01
   3.578935E+01    3.577019E+01    3.572977E+01    3.565892E+01    3.554043E+01    3.534700E+01    3.515331E+01    3.501984E+01    3.489863E+01    3.478635E+01    3.468199E+01    3.458461E+01    3.448874E+01    3.439210E+01    3.429518E+01    3.419895E+01    3.424070E+01    3.427108E+01    3.429094E+01    3.430091E+01
   3.570043E+01    3.567987E+01    3.563726E+01    3.556728E+01    3.546270E+01    3.532140E+01    3.517000E+01    3.503196E+01    3.490188E+01    3.477875E+01    3.466554E+01    3.457079E+01    3.447977E+01    3.438719E+01    3.429210E+01    3.419425E+01    3.423464E+01    3.426384E+01    3.428280E+01    3.429227E+01
   3.561967E+01    3.559905E+01    3.555721E+01    3.549173E+01    3.539979E+01    3.528311E+01    3.515278E+01    3.501966E+01    3.488563E+01    3.475099E+01    3.462032E+01    3.454347E+01    3.446413E+01    3.437732E+01    3.428461E+01    3.418694E+01    3.422681E+01    3.425532E+01    3.427375E+01    3.428292E+01
   3.554725E+01    3.552690E+01    3.548632E+01    3.542489E+01    3.534059E+01    3.523581E+01    3.511702E+01    3.499136E+01    3.485785E+01    3.470952E+01    3.451039E+01    3.450786E+01    3.444697E+01    3.436580E+01    3.427507E+01    3.417809E+01    3.421759E+01    3.424557E+01    3.426368E+01    3.427268E+01
   3.548284E+01    3.546263E+01    3.542305E+01    3.536305E+01    3.528096E+01    3.517916E+01    3.506453E+01    3.495192E+01    3.483419E+01    3.471191E+01    3.458895E+01    3.451674E+01    3.444044E+01    3.435596E+01    3.426493E+01    3.416842E+01    3.420731E+01    3.423477E+01    3.425256E+01    3.426147E+01
   3.542620E+01    3.540567E+01    3.536568E+01    3.530448E+01    3.522024E+01    3.511160E+01    3.498410E+01    3.489986E+01    3.480739E+01    3.470650E+01    3.460575E+01    3.451854E+01    3.443316E+01    3.434530E+01    3.425369E+01    3.415784E+01    3.419581E+01    3.422294E+01    3.424050E+01    3.424929E+01
   3.537733E+01    3.535527E+01    3.531341E+01    3.525073E+01    3.516352E+01    3.504025E+01    3.484094E+01    3.484216E+01    3.477775E+01    3.469121E+01    3.459902E+01    3.450913E+01    3.442043E+01    3.433128E+01    3.424021E+01    3.414595E+01    3.418303E+01    3.420988E+01    3.422740E+01    3.423619E+01
   3.533766E+01    3.531128E+01    3.526649E+01    3.520424E+01    3.512291E+01    3.502107E+01    3.490504E+01    3.483483E+01    3.475746E+01    3.467108E+01    3.458064E+01    3.449014E+01    3.440092E+01    3.431272E+01    3.422368E+01    3.413199E+01    3.416874E+01    3.419559E+01    3.421333E+01    3.422230E+01
   3.531145E+01    3.527237E+01    3.522254E+01    3.516027E+01    3.508444E+01    3.499670E+01    3.490328E+01    3.481903E+01    3.473376E+01    3.464489E+01    3.455371E+01    3.446244E+01    3.437336E+01    3.428820E+01    3.420325E+01    3.411569E+01    3.415287E+01    3.418014E+01    3.419844E+01    3.420787E+01
   1.000000E+30    3.523122E+01    3.517718E+01    3.511382E+01    3.504063E+01    3.496023E+01    3.487540E+01    3.478986E+01    3.470216E+01    3.461173E+01    3.451895E+01    3.442533E+01    3.433503E+01    3.425634E+01    3.417841E+01    3.409691E+01    3.413544E+01    3.416375E+01    3.418300E+01    3.419340E+01
   1.000000E+30    1.000000E+30    3.512644E+01    3.506041E+01    3.498699E+01    3.491109E+01    3.483170E+01    3.474901E+01    3.466264E+01    3.457226E+01    3.447763E+01    3.437802E+01    3.427745E+01    3.421549E+01    3.414969E+01    3.407595E+01    3.411650E+01    3.414637E+01    3.416719E+01    3.417991E+01
   1.000000E+30    1.000000E+30    1.000000E+30    3.499736E+01    3.491821E+01    3.484808E+01    3.477541E+01    3.469817E+01    3.461582E+01    3.452819E+01    3.443362E+01    3.432392E+01    3.417167E+01    3.416938E+01    3.412071E+01    3.405430E+01    3.409652E+01    3.412754E+01    3.415001E+01    3.416969E+01
   1.000000E+30    1.000000E+30    1.000000E+30    1.000000E+30    3.482237E+01    3.477020E+01    3.470710E+01    3.463767E+01    3.456228E+01    3.448183E+01    3.439654E+01    3.430539E+01    3.421255E+01    3.415860E+01    3.410053E+01    3.403418E+01    3.407603E+01    3.410668E+01    3.412591E+01    1.000000E+30
   1.000000E+30    1.000000E+30    1.000000E+30    1.000000E+30    3.476211E+01    3.468532E+01    3.462747E+01    3.456754E+01    3.450116E+01    3.443031E+01    3.435627E+01    3.428005E+01    3.420577E+01    3.414257E+01    3.407997E+01    3.401359E+01    3.405491E+01    3.408686E+01    3.411125E+01    1.000000E+30
   1.000000E+30    1.000000E+30    1.000000E+30    1.000000E+30    1.000000E+30    3.456225E+01    3.453148E+01    3.448595E+01    3.443119E+01    3.437142E+01    3.430827E+01    3.424333E+01    3.417883E+01    3.411698E+01    3.405497E+01    3.399036E+01    3.403127E+01    3.406426E+01    1.000000E+30    1.000000E+30
   1.000000E+30    1.000000E+30    1.000000E+30    1.000000E+30    1.000000E+30    3.445338E+01    3.443287E+01    3.439797E+01    3.435451E+01    3.430511E+01    3.425186E+01    3.419639E+01    3.413990E+01    3.408287E+01    3.402428E+01    3.396279E+01    3.400295E+01    1.000000E+30    1.000000E+30    1.000000E+30
   1.000000E+30    1.000000E+30    1.000000E+30    1.000000E+30    1.000000E+30    3.435010E+01    3.433435E+01    3.430694E+01    3.427182E+01    3.423156E+01    3.418764E+01    3.414070E+01    3.409176E+01    3.404079E+01    3.398724E+01    3.392996E+01    1.000000E+30    1.000000E+30    1.000000E+30    1.000000E+30
