   3.589473E+01    3.587562E+01    3.584161E+01    3.579034E+01    3.572451E+01    3.564650E+01    3.555712E+01    3.545929E+01    3.535574E+01    3.524927E+01    3.513975E+01    3.502606E+01    3.490683E+01    3.478069E+01    3.464488E+01    3.449908E+01    3.453075E+01    3.455469E+01    3.456996E+01    3.457930E+01
   3.590100E+01    3.588230E+01    3.584656E+01    3.579413E+01    3.572644E+01    3.564632E+01    3.555454E+01    3.545617E+01    3.535155E+01    3.524293E+01    3.513310E+01    3.501956E+01    3.490014E+01    3.477518E+01    3.464146E+01    3.449490E+01    3.452663E+01    3.455100E+01    3.456721E+01    3.457595E+01
   3.591305E+01    3.589360E+01    3.585604E+01    3.580100E+01    3.572968E+01    3.564607E+01    3.555099E+01    3.544903E+01    3.534211E+01    3.523184E+01    3.512025E+01    3.500743E+01    3.489012E+01    3.476663E+01    3.463327E+01    3.448673E+01    3.451791E+01    3.454288E+01    3.455981E+01    3.456846E+01
   3.593158E+01    3.591092E+01    3.587096E+01    3.581179E+01    3.573584E+01    3.564691E+01    3.554538E+01    3.543865E+01    3.532737E+01    3.521415E+01    3.510175E+01    3.498977E+01    3.487391E+01    3.475191E+01    3.462026E+01    3.447529E+01    3.450618E+01    3.453063E+01    3.454812E+01    3.455673E+01
   3.595781E+01    3.593638E+01    3.589343E+01    3.583009E+01    3.574680E+01    3.564850E+01    3.553869E+01    3.542380E+01    3.530616E+01    3.518979E+01    3.507535E+01    3.496367E+01    3.485019E+01    3.473093E+01    3.460213E+01    3.446137E+01    3.449080E+01    3.451531E+01    3.453251E+01    3.454084E+01
   3.599401E+01    3.597162E+01    3.592640E+01    3.585602E+01    3.576108E+01    3.564986E+01    3.552816E+01    3.540136E+01    3.527629E+01    3.515698E+01    3.504204E+01    3.493181E+01    3.482035E+01    3.470488E+01    3.457990E+01    3.444406E+01    3.447299E+01    3.449683E+01    3.451327E+01    3.452111E+01
   3.604038E+01    3.601789E+01    3.597208E+01    3.589437E+01    3.577955E+01    3.565130E+01    3.551254E+01    3.536721E+01    3.523442E+01    3.511370E+01    3.500110E+01    3.489326E+01    3.478624E+01    3.467466E+01    3.455441E+01    3.442340E+01    3.445087E+01    3.447420E+01    3.449202E+01    3.450113E+01
   3.609854E+01    3.607922E+01    3.603752E+01    3.595963E+01    3.580054E+01    3.565130E+01    3.549408E+01    3.531127E+01    3.517355E+01    3.505878E+01    3.495347E+01    3.485059E+01    3.474781E+01    3.464166E+01    3.452537E+01    3.439737E+01    3.442231E+01    3.444839E+01    3.446920E+01    3.448040E+01
   3.616381E+01    3.615061E+01    3.612644E+01    3.609831E+01    1.000000E+30    1.000000E+30    1.000000E+30    3.520201E+01    3.508444E+01    3.499037E+01    3.489831E+01    3.480522E+01    3.470770E+01    3.460422E+01    3.449078E+01    3.436404E+01    3.438168E+01    3.441720E+01    3.444470E+01    3.445850E+01
   3.622715E+01    3.621949E+01    3.620653E+01    3.619582E+01    1.000000E+30    1.000000E+30    1.000000E+30    1.000000E+30    3.496280E+01    3.491154E+01    3.483922E+01    3.475691E+01    3.466303E+01    3.456160E+01    3.445280E+01    3.432612E+01    3.431117E+01    3.438506E+01    3.442183E+01    3.443895E+01
   3.628245E+01    3.627944E+01    3.627253E+01    3.626743E+01    1.000000E+30    1.000000E+30    1.000000E+30    1.000000E+30    3.487887E+01    3.484387E+01    3.478509E+01    3.470896E+01    3.461645E+01    3.451118E+01    3.441713E+01    3.430871E+01    3.433579E+01    3.437843E+01    3.440864E+01    3.442381E+01
   3.632694E+01    3.632559E+01    3.632232E+01    3.631878E+01    1.000000E+30    1.000000E+30    1.000000E+30    1.000000E+30    3.481671E+01    3.478832E+01    3.473835E+01    3.466645E+01    3.457076E+01    3.443403E+01    3.438307E+01    3.429283E+01    3.433537E+01    3.437191E+01    3.439759E+01    3.441101E+01
   3.635711E+01    3.635561E+01    3.635355E+01    3.635112E+01    1.000000E+30    1.000000E+30    1.000000E+30    1.000000E+30    3.476951E+01    3.474607E+01    3.470125E+01    3.463681E+01    3.455430E+01    3.445882E+01    3.437789E+01    3.428474E+01    3.432906E+01    3.436404E+01    3.438779E+01    3.440000E+01
   3.637135E+01    3.637031E+01    3.636802E+01    3.636634E+01    1.000000E+30    1.000000E+30    1.000000E+30    1.000000E+30    3.473501E+01    3.471290E+01    3.467194E+01    3.461277E+01    3.453983E+01    3.445825E+01    3.437306E+01    3.427766E+01    3.432066E+01    3.435436E+01    3.437713E+01    3.438856E+01
   3.637031E+01    3.636910E+01    3.636767E+01    3.636567E+01    1.000000E+30    1.000000E+30    1.000000E+30    1.000000E+30    3.470938E+01    3.468860E+01    3.464948E+01    3.459424E+01    3.452708E+01    3.445085E+01    3.436549E+01    3.426996E+01    3.431178E+01    3.434341E+01    3.436526E+01    3.437630E+01
   3.635285E+01    3.635316E+01    3.635251E+01    3.635057E+01    1.000000E+30    1.000000E+30    1.000000E+30    1.000000E+30    3.469146E+01    3.467100E+01    3.463265E+01    3.457916E+01    3.451522E+01    3.444063E+01    3.435546E+01    3.426178E+01    3.430176E+01    3.433212E+01    3.435319E+01    3.436394E+01
   3.631864E+01    3.632009E+01    3.632028E+01    3.631921E+01    1.000000E+30    1.000000E+30    1.000000E+30    1.000000E+30    3.468077E+01    3.465969E+01    3.462075E+01    3.456775E+01    3.450381E+01    3.442976E+01    3.434606E+01    3.425403E+01    3.429177E+01    3.432016E+01    3.434021E+01    3.435110E+01
   3.627025E+01    3.626992E+01    3.626972E+01    3.626818E+01    1.000000E+30    1.000000E+30    1.000000E+30    1.000000E+30    3.467820E+01    3.465595E+01    3.461478E+01    3.455864E+01    3.449313E+01    3.441759E+01    3.433347E+01    3.424331E+01    3.428037E+01    3.430820E+01    3.432796E+01    3.433847E+01
   3.620484E+01    3.620315E+01    3.620210E+01    3.620110E+01    1.000000E+30    1.000000E+30    1.000000E+30    1.000000E+30    3.468449E+01    3.465981E+01    3.461449E+01    3.455424E+01    3.448384E+01    3.440352E+01    3.431672E+01    3.422955E+01    3.426789E+01    3.429668E+01    3.431591E+01    3.432589E+01
   3.612615E+01    3.612245E+01    3.611914E+01    3.611642E+01    1.000000E+30    1.000000E+30    1.000000E+30    1.000000E+30    3.470365E+01    3.467305E+01    3.462072E+01    3.455444E+01    3.447593E+01    3.438600E+01    3.429008E+01    3.421122E+01    3.425400E+01    3.428498E+01    3.430437E+01    3.431504E+01
   3.603626E+01    3.602956E+01    3.602184E+01    3.601470E+01    1.000000E+30    1.000000E+30    1.000000E+30    1.000000E+30    3.474042E+01    3.469695E+01    3.463348E+01    3.455842E+01    3.447138E+01    3.436942E+01    3.423717E+01    3.419131E+01    3.424164E+01    3.427465E+01    3.429490E+01    3.430477E+01
   3.593977E+01    3.592975E+01    3.591097E+01    3.589138E+01    1.000000E+30    1.000000E+30    3.497782E+01    3.491690E+01    3.481131E+01    3.473036E+01    3.465037E+01    3.456586E+01    3.447449E+01    3.437611E+01    3.427378E+01    3.419240E+01    3.423581E+01    3.426638E+01    3.428575E+01    3.429492E+01
   3.584174E+01    3.582587E+01    3.579264E+01    3.573573E+01    3.562531E+01    1.000000E+30    3.502202E+01    3.494787E+01    3.484902E+01    3.475384E+01    3.466262E+01    3.457136E+01    3.447759E+01    3.438029E+01    3.428307E+01    3.419128E+01    3.423057E+01    3.425888E+01    3.427689E+01    3.428510E+01
   3.574649E+01    3.572695E+01    3.568700E+01    3.561632E+01    3.549891E+01    3.530871E+01    3.512037E+01    3.499073E+01    3.487491E+01    3.476701E+01    3.466594E+01    3.457020E+01    3.447579E+01    3.437977E+01    3.428363E+01    3.418745E+01    3.422458E+01    3.425117E+01    3.426816E+01    3.427680E+01
   3.565761E+01    3.563681E+01    3.559551E+01    3.552715E+01    3.542435E+01    3.528561E+01    3.513682E+01    3.500399E+01    3.488146E+01    3.476438E+01    3.465658E+01    3.456131E+01    3.446819E+01    3.437346E+01    3.427808E+01    3.418087E+01    3.421683E+01    3.424228E+01    3.425869E+01    3.426738E+01
   3.557695E+01    3.555716E+01    3.551673E+01    3.545344E+01    3.536387E+01    3.525065E+01    3.512436E+01    3.499666E+01    3.487068E+01    3.474734E+01    3.462794E+01    3.454190E+01    3.445529E+01    3.436397E+01    3.427017E+01    3.417232E+01    3.420766E+01    3.423265E+01    3.424870E+01    3.425699E+01
   3.550398E+01    3.548514E+01    3.544599E+01    3.538834E+01    3.530719E+01    3.520795E+01    3.509460E+01    3.497491E+01    3.484980E+01    3.471810E+01    3.455727E+01    3.451576E+01    3.444073E+01    3.435352E+01    3.426033E+01    3.416221E+01    3.419703E+01    3.422247E+01    3.423864E+01    3.424680E+01
   3.543977E+01    3.542208E+01    3.538522E+01    3.532884E+01    3.525096E+01    3.515761E+01    3.505127E+01    3.494171E+01    3.482785E+01    3.471238E+01    3.459740E+01    3.451550E+01    3.443079E+01    3.434253E+01    3.424960E+01    3.415243E+01    3.418689E+01    3.421162E+01    3.422720E+01    3.423525E+01
   3.538471E+01    3.536578E+01    3.532963E+01    3.527324E+01    3.519586E+01    3.509935E+01    3.498708E+01    3.489660E+01    3.480115E+01    3.470015E+01    3.459946E+01    3.450926E+01    3.442024E+01    3.433008E+01    3.423765E+01    3.414187E+01    3.417511E+01    3.419985E+01    3.421566E+01    3.422329E+01
   3.533655E+01    3.531630E+01    3.527832E+01    3.522130E+01    3.514321E+01    3.503826E+01    3.488326E+01    3.484688E+01    3.477058E+01    3.467972E+01    3.458604E+01    3.449448E+01    3.440431E+01    3.431390E+01    3.422351E+01    3.413003E+01    3.416296E+01    3.418725E+01    3.420301E+01    3.421048E+01
   3.529579E+01    3.527190E+01    3.523086E+01    3.517378E+01    3.509980E+01    3.500836E+01    3.490563E+01    3.482786E+01    3.474391E+01    3.465602E+01    3.456482E+01    3.447340E+01    3.438438E+01    3.429592E+01    3.420704E+01    3.411611E+01    3.414853E+01    3.417319E+01    3.418942E+01    3.419746E+01
   3.526917E+01    3.523281E+01    3.518617E+01    3.512712E+01    3.505663E+01    3.497496E+01    3.488702E+01    3.480218E+01    3.471574E+01    3.462688E+01    3.453642E+01    3.444567E+01    3.435780E+01    3.427244E+01    3.418690E+01    3.410017E+01    3.413307E+01    3.415783E+01    3.417487E+01    3.418342E+01
   1.000000E+30    3.519289E+01    3.514021E+01    3.507899E+01    3.500828E+01    3.493150E+01    3.484989E+01    3.476506E+01    3.467974E+01    3.459154E+01    3.450143E+01    3.441116E+01    3.432346E+01    3.424389E+01    3.416394E+01    3.408185E+01    3.411647E+01    3.414179E+01    3.415986E+01    3.416947E+01
   1.000000E+30    1.000000E+30    3.508961E+01    3.502391E+01    3.495138E+01    3.487645E+01    3.480051E+01    3.471966E+01    3.463686E+01    3.455035E+01    3.446073E+01    3.436815E+01    3.427605E+01    3.420855E+01    3.413813E+01    3.406214E+01    3.409824E+01    3.412507E+01    3.414451E+01    3.415616E+01
   1.000000E+30    1.000000E+30    1.000000E+30    3.495888E+01    3.487961E+01    3.481026E+01    3.474074E+01    3.466606E+01    3.458709E+01    3.450413E+01    3.441726E+01    3.432107E+01    3.419953E+01    3.416916E+01    3.411087E+01    3.404161E+01    3.407840E+01    3.410703E+01    3.412794E+01    3.414644E+01
   1.000000E+30    1.000000E+30    1.000000E+30    1.000000E+30    3.478160E+01    3.473097E+01    3.467000E+01    3.460255E+01    3.452991E+01    3.445424E+01    3.437582E+01    3.429290E+01    3.420985E+01    3.415077E+01    3.408893E+01    3.402126E+01    3.405855E+01    3.408674E+01    3.410477E+01    1.000000E+30
   1.000000E+30    1.000000E+30    1.000000E+30    1.000000E+30    3.472007E+01    3.464517E+01    3.458859E+01    3.453047E+01    3.446643E+01    3.439928E+01    3.433080E+01    3.425946E+01    3.419005E+01    3.412767E+01    3.406531E+01    3.399958E+01    3.403682E+01    3.406683E+01    3.409039E+01    1.000000E+30
   1.000000E+30    1.000000E+30    1.000000E+30    1.000000E+30    1.000000E+30    3.452236E+01    3.449150E+01    3.444715E+01    3.439502E+01    3.433733E+01    3.427941E+01    3.421871E+01    3.415791E+01    3.409821E+01    3.403815E+01    3.397546E+01    3.401271E+01    3.404402E+01    1.000000E+30    1.000000E+30
   1.000000E+30    1.000000E+30    1.000000E+30    1.000000E+30    1.000000E+30    3.441446E+01    3.439414E+01    3.436000E+01    3.431809E+01    3.427105E+01    3.422129E+01    3.416919E+01    3.411624E+01    3.406221E+01    3.400640E+01    3.394775E+01    3.398569E+01    1.000000E+30    1.000000E+30    1.000000E+30
   1.000000E+30    1.000000E+30    1.000000E+30    1.000000E+30    1.000000E+30    3.431285E+01    3.429720E+01    3.426986E+01    3.423632E+01    3.419832E+01    3.415633E+01    3.411279E+01    3.406731E+01    3.401952E+01    3.396924E+01    3.391485E+01    1.000000E+30    1.000000E+30    1.000000E+30    1.000000E+30
