   3.503694E+01    3.502417E+01    3.499933E+01    3.496328E+01    3.491720E+01    3.486270E+01    3.480170E+01    3.473633E+01    3.466868E+01    3.460068E+01    3.453341E+01    3.446726E+01    3.440181E+01    3.433620E+01    3.426951E+01    3.420108E+01    3.419896E+01    3.419710E+01    3.419568E+01    3.419490E+01
   3.504072E+01    3.502760E+01    3.500210E+01    3.496512E+01    3.491780E+01    3.486181E+01    3.479921E+01    3.473224E+01    3.466322E+01    3.459413E+01    3.452630E+01    3.446006E+01    3.439477E+01    3.432944E+01    3.426295E+01    3.419420E+01    3.419230E+01    3.419039E+01    3.418886E+01    3.418803E+01
   3.504858E+01    3.503477E+01    3.500802E+01    3.496915E+01    3.491918E+01    3.486006E+01    3.479418E+01    3.472413E+01    3.465239E+01    3.458123E+01    3.451226E+01    3.444577E+01    3.438068E+01    3.431581E+01    3.424984E+01    3.418154E+01    3.417913E+01    3.417678E+01    3.417504E+01    3.417414E+01
   3.506111E+01    3.504642E+01    3.501772E+01    3.497573E+01    3.492160E+01    3.485767E+01    3.478669E+01    3.471184E+01    3.463611E+01    3.456184E+01    3.449128E+01    3.442438E+01    3.435916E+01    3.429478E+01    3.422996E+01    3.416322E+01    3.415928E+01    3.415610E+01    3.415417E+01    3.415325E+01
   3.507904E+01    3.506331E+01    3.503216E+01    3.498585E+01    3.492564E+01    3.485466E+01    3.477635E+01    3.469463E+01    3.461353E+01    3.453564E+01    3.446271E+01    3.439468E+01    3.432964E+01    3.426621E+01    3.420308E+01    3.413892E+01    3.413249E+01    3.412832E+01    3.412627E+01    3.412552E+01
   3.510315E+01    3.508655E+01    3.505292E+01    3.500133E+01    3.493220E+01    3.485138E+01    3.476271E+01    3.467060E+01    3.458224E+01    3.450044E+01    3.442578E+01    3.435692E+01    3.429219E+01    3.423005E+01    3.416892E+01    3.410798E+01    3.409789E+01    3.409280E+01    3.409133E+01    3.409126E+01
   3.513381E+01    3.511725E+01    3.508255E+01    3.502576E+01    3.494231E+01    3.484827E+01    3.474568E+01    3.463696E+01    3.453989E+01    3.445524E+01    3.437998E+01    3.431123E+01    3.424720E+01    3.418651E+01    3.412694E+01    3.406871E+01    3.405278E+01    3.404820E+01    3.404947E+01    3.405137E+01
   3.517037E+01    3.515598E+01    3.512490E+01    3.506866E+01    3.495486E+01    3.484608E+01    3.472826E+01    3.458658E+01    3.448139E+01    3.439811E+01    3.432540E+01    3.425825E+01    3.419553E+01    3.413514E+01    3.407577E+01    3.401798E+01    3.399071E+01    3.399227E+01    3.400159E+01    3.400800E+01
   3.520983E+01    3.520029E+01    3.518233E+01    3.516152E+01    1.000000E+30    1.000000E+30    1.000000E+30    3.449543E+01    3.439827E+01    3.432751E+01    3.426253E+01    3.419875E+01    3.413565E+01    3.407331E+01    3.401431E+01    3.395197E+01    3.389339E+01    3.392307E+01    3.395126E+01    3.396557E+01
   3.524602E+01    3.524055E+01    3.523117E+01    3.522262E+01    1.000000E+30    1.000000E+30    1.000000E+30    1.000000E+30    3.428458E+01    3.424673E+01    3.419423E+01    3.413301E+01    3.406577E+01    3.399862E+01    3.394676E+01    3.387551E+01    3.369888E+01    3.384996E+01    3.390927E+01    3.393182E+01
   3.527333E+01    3.527055E+01    3.526598E+01    3.526190E+01    1.000000E+30    1.000000E+30    1.000000E+30    1.000000E+30    3.420111E+01    3.417462E+01    3.412889E+01    3.406646E+01    3.398678E+01    3.389842E+01    3.388915E+01    3.387115E+01    3.382609E+01    3.386520E+01    3.389853E+01    3.391497E+01
   3.528786E+01    3.528641E+01    3.528406E+01    3.528199E+01    1.000000E+30    1.000000E+30    1.000000E+30    1.000000E+30    3.413685E+01    3.411534E+01    3.407404E+01    3.401011E+01    3.390739E+01    3.370695E+01    3.383264E+01    3.386731E+01    3.386570E+01    3.388181E+01    3.389914E+01    3.390892E+01
   3.528740E+01    3.528656E+01    3.528520E+01    3.528409E+01    1.000000E+30    1.000000E+30    1.000000E+30    1.000000E+30    3.408702E+01    3.406946E+01    3.403564E+01    3.398557E+01    3.391842E+01    3.384582E+01    3.386151E+01    3.387745E+01    3.388268E+01    3.389195E+01    3.390142E+01    3.390696E+01
   3.527063E+01    3.527019E+01    3.526944E+01    3.526871E+01    1.000000E+30    1.000000E+30    1.000000E+30    1.000000E+30    3.404766E+01    3.403370E+01    3.400752E+01    3.397129E+01    3.392931E+01    3.389270E+01    3.388449E+01    3.388553E+01    3.388993E+01    3.389586E+01    3.390150E+01    3.390483E+01
   3.523627E+01    3.523621E+01    3.523584E+01    3.523526E+01    1.000000E+30    1.000000E+30    1.000000E+30    1.000000E+30    3.401534E+01    3.400426E+01    3.398398E+01    3.395741E+01    3.392892E+01    3.390483E+01    3.389208E+01    3.388621E+01    3.388964E+01    3.389402E+01    3.389804E+01    3.390040E+01
   3.518293E+01    3.518312E+01    3.518299E+01    3.518242E+01    1.000000E+30    1.000000E+30    1.000000E+30    1.000000E+30    3.398706E+01    3.397792E+01    3.396146E+01    3.394046E+01    3.391852E+01    3.389965E+01    3.388686E+01    3.387919E+01    3.388270E+01    3.388695E+01    3.389072E+01    3.389291E+01
   3.510928E+01    3.510928E+01    3.510919E+01    3.510831E+01    1.000000E+30    1.000000E+30    1.000000E+30    1.000000E+30    3.396052E+01    3.395243E+01    3.393791E+01    3.391943E+01    3.389999E+01    3.388299E+01    3.387106E+01    3.386495E+01    3.386973E+01    3.387516E+01    3.387979E+01    3.388240E+01
   3.501474E+01    3.501373E+01    3.501223E+01    3.501092E+01    1.000000E+30    1.000000E+30    1.000000E+30    1.000000E+30    3.393408E+01    3.392643E+01    3.391250E+01    3.389426E+01    3.387438E+01    3.385614E+01    3.384418E+01    3.384312E+01    3.385115E+01    3.385947E+01    3.386598E+01    3.386952E+01
   3.490039E+01    3.489738E+01    3.489289E+01    3.489035E+01    1.000000E+30    1.000000E+30    1.000000E+30    1.000000E+30    3.390663E+01    3.389910E+01    3.388492E+01    3.386525E+01    3.384171E+01    3.381725E+01    3.380106E+01    3.381195E+01    3.382732E+01    3.384098E+01    3.385047E+01    3.385533E+01
   3.476947E+01    3.476295E+01    3.475357E+01    3.474688E+01    1.000000E+30    1.000000E+30    1.000000E+30    1.000000E+30    3.387712E+01    3.386991E+01    3.385542E+01    3.383344E+01    3.380307E+01    3.376357E+01    3.372479E+01    3.376886E+01    3.379992E+01    3.382159E+01    3.383486E+01    3.384120E+01
   3.462618E+01    3.461366E+01    3.459380E+01    3.457689E+01    1.000000E+30    1.000000E+30    1.000000E+30    1.000000E+30    3.384392E+01    3.383840E+01    3.382507E+01    3.380279E+01    3.376698E+01    3.370274E+01    3.355713E+01    3.371932E+01    3.377616E+01    3.380539E+01    3.382132E+01    3.382860E+01
   3.447700E+01    3.445461E+01    3.441442E+01    3.437110E+01    1.000000E+30    1.000000E+30    3.377243E+01    3.378326E+01    3.380334E+01    3.380383E+01    3.379454E+01    3.377825E+01    3.375405E+01    3.372063E+01    3.368803E+01    3.373893E+01    3.377343E+01    3.379707E+01    3.381153E+01    3.381844E+01
   3.433185E+01    3.429613E+01    3.422323E+01    3.410335E+01    3.389872E+01    1.000000E+30    3.374435E+01    3.375673E+01    3.376685E+01    3.376686E+01    3.376108E+01    3.375351E+01    3.374394E+01    3.373355E+01    3.373060E+01    3.375303E+01    3.377486E+01    3.379249E+01    3.380435E+01    3.381033E+01
   3.420421E+01    3.415778E+01    3.405894E+01    3.389237E+01    3.366684E+01    3.363293E+01    3.368623E+01    3.371459E+01    3.372477E+01    3.372284E+01    3.371866E+01    3.372160E+01    3.372696E+01    3.373266E+01    3.374118E+01    3.375643E+01    3.377390E+01    3.378825E+01    3.379817E+01    3.380327E+01
   3.410446E+01    3.405304E+01    3.393727E+01    3.371045E+01    3.321743E+01    3.352574E+01    3.363592E+01    3.367463E+01    3.367992E+01    3.366833E+01    3.365813E+01    3.367733E+01    3.370125E+01    3.372128E+01    3.373779E+01    3.375261E+01    3.376967E+01    3.378286E+01    3.379180E+01    3.379635E+01
   3.403770E+01    3.399338E+01    3.390123E+01    3.375497E+01    3.357744E+01    3.360717E+01    3.364039E+01    3.365132E+01    3.363753E+01    3.360070E+01    3.355730E+01    3.361780E+01    3.366982E+01    3.370501E+01    3.372860E+01    3.374503E+01    3.376301E+01    3.377609E+01    3.378472E+01    3.378904E+01
   3.399719E+01    3.396258E+01    3.389547E+01    3.380148E+01    3.370441E+01    3.366629E+01    3.364905E+01    3.363548E+01    3.360436E+01    3.352995E+01    3.334157E+01    3.355426E+01    3.364428E+01    3.369112E+01    3.371882E+01    3.373617E+01    3.375501E+01    3.376823E+01    3.377684E+01    3.378112E+01
   3.397355E+01    3.394641E+01    3.389542E+01    3.382557E+01    3.374823E+01    3.368379E+01    3.363483E+01    3.361984E+01    3.360295E+01    3.356954E+01    3.353048E+01    3.359421E+01    3.364917E+01    3.368673E+01    3.371146E+01    3.372739E+01    3.374636E+01    3.375964E+01    3.376824E+01    3.377254E+01
   3.395988E+01    3.393761E+01    3.389507E+01    3.383392E+01    3.375613E+01    3.366416E+01    3.356774E+01    3.358975E+01    3.360589E+01    3.360512E+01    3.360343E+01    3.362966E+01    3.366022E+01    3.368590E+01    3.370520E+01    3.371853E+01    3.373711E+01    3.375041E+01    3.375904E+01    3.376337E+01
   3.395186E+01    3.393257E+01    3.389509E+01    3.383826E+01    3.375638E+01    3.362765E+01    3.336896E+01    3.355266E+01    3.361181E+01    3.362936E+01    3.363653E+01    3.364955E+01    3.366619E+01    3.368304E+01    3.369772E+01    3.370884E+01    3.372708E+01    3.374046E+01    3.374928E+01    3.375371E+01
   3.394711E+01    3.392964E+01    3.389706E+01    3.384871E+01    3.378234E+01    3.369599E+01    3.360291E+01    3.362494E+01    3.364455E+01    3.365152E+01    3.365288E+01    3.365598E+01    3.366323E+01    3.367458E+01    3.368702E+01    3.369756E+01    3.371606E+01    3.372986E+01    3.373908E+01    3.374375E+01
   3.394432E+01    3.392638E+01    3.389861E+01    3.385976E+01    3.380979E+01    3.375236E+01    3.370067E+01    3.368404E+01    3.367667E+01    3.366802E+01    3.365786E+01    3.364978E+01    3.364852E+01    3.365805E+01    3.367176E+01    3.368422E+01    3.370403E+01    3.371876E+01    3.372869E+01    3.373378E+01
   1.000000E+30    3.391833E+01    3.389617E+01    3.386606E+01    3.382842E+01    3.378688E+01    3.374838E+01    3.372102E+01    3.369873E+01    3.367643E+01    3.365263E+01    3.362972E+01    3.361648E+01    3.363083E+01    3.365148E+01    3.366904E+01    3.369138E+01    3.370760E+01    3.371847E+01    3.372425E+01
   1.000000E+30    1.000000E+30    3.388752E+01    3.386499E+01    3.383632E+01    3.380425E+01    3.377175E+01    3.374136E+01    3.371119E+01    3.367832E+01    3.363992E+01    3.359434E+01    3.355081E+01    3.359087E+01    3.362791E+01    3.365342E+01    3.367891E+01    3.369682E+01    3.370882E+01    3.371588E+01
   1.000000E+30    1.000000E+30    1.000000E+30    3.385609E+01    3.383392E+01    3.380896E+01    3.378100E+01    3.375086E+01    3.371765E+01    3.367899E+01    3.362930E+01    3.355250E+01    3.339436E+01    3.354639E+01    3.360903E+01    3.364081E+01    3.366813E+01    3.368671E+01    3.369942E+01    3.370996E+01
   1.000000E+30    1.000000E+30    1.000000E+30    1.000000E+30    3.382115E+01    3.380414E+01    3.378085E+01    3.375322E+01    3.372136E+01    3.368473E+01    3.364196E+01    3.359166E+01    3.354341E+01    3.357995E+01    3.361344E+01    3.363549E+01    3.366020E+01    3.367725E+01    3.368743E+01    1.000000E+30
   1.000000E+30    1.000000E+30    1.000000E+30    1.000000E+30    3.381319E+01    3.379329E+01    3.377355E+01    3.374979E+01    3.372179E+01    3.369061E+01    3.365754E+01    3.362539E+01    3.360313E+01    3.360939E+01    3.362252E+01    3.363318E+01    3.365404E+01    3.366956E+01    3.368086E+01    1.000000E+30
   1.000000E+30    1.000000E+30    1.000000E+30    1.000000E+30    1.000000E+30    3.377013E+01    3.375866E+01    3.374028E+01    3.371727E+01    3.369209E+01    3.366677E+01    3.364426E+01    3.362914E+01    3.362584E+01    3.362795E+01    3.363001E+01    3.364743E+01    3.366102E+01    1.000000E+30    1.000000E+30
   1.000000E+30    1.000000E+30    1.000000E+30    1.000000E+30    1.000000E+30    3.374744E+01    3.373940E+01    3.372519E+01    3.370702E+01    3.368695E+01    3.366716E+01    3.364996E+01    3.363756E+01    3.363099E+01    3.362768E+01    3.362426E+01    3.363868E+01    1.000000E+30    1.000000E+30    1.000000E+30
   1.000000E+30    1.000000E+30    1.000000E+30    1.000000E+30    1.000000E+30    3.372267E+01    3.371636E+01    3.370505E+01    3.369042E+01    3.367430E+01    3.365850E+01    3.364469E+01    3.363410E+01    3.362696E+01    3.362177E+01    3.361594E+01    1.000000E+30    1.000000E+30    1.000000E+30    1.000000E+30
