   3.508057E+01    3.506948E+01    3.504787E+01    3.501640E+01    3.497591E+01    3.492765E+01    3.487305E+01    3.481377E+01    3.475140E+01    3.468744E+01    3.462259E+01    3.455691E+01    3.448967E+01    3.441970E+01    3.434579E+01    3.426706E+01    3.427867E+01    3.428766E+01    3.429371E+01    3.429672E+01
   3.508310E+01    3.507175E+01    3.504964E+01    3.501748E+01    3.497606E+01    3.492666E+01    3.487083E+01    3.481031E+01    3.474688E+01    3.468211E+01    3.461692E+01    3.455131E+01    3.448436E+01    3.441474E+01    3.434101E+01    3.426179E+01    3.427389E+01    3.428304E+01    3.428911E+01    3.429211E+01
   3.508835E+01    3.507649E+01    3.505348E+01    3.501992E+01    3.497651E+01    3.492471E+01    3.486635E+01    3.480346E+01    3.473796E+01    3.467165E+01    3.460577E+01    3.454025E+01    3.447375E+01    3.440474E+01    3.433150E+01    3.425246E+01    3.426463E+01    3.427378E+01    3.427984E+01    3.428284E+01
   3.509671E+01    3.508423E+01    3.505982E+01    3.502394E+01    3.497741E+01    3.492196E+01    3.485970E+01    3.479314E+01    3.472463E+01    3.465605E+01    3.458922E+01    3.452383E+01    3.445762E+01    3.438936E+01    3.431728E+01    3.423945E+01    3.425107E+01    3.425993E+01    3.426597E+01    3.426899E+01
   3.510863E+01    3.509544E+01    3.506928E+01    3.503025E+01    3.497921E+01    3.491845E+01    3.485058E+01    3.477876E+01    3.470626E+01    3.463517E+01    3.456687E+01    3.450110E+01    3.443569E+01    3.436876E+01    3.429847E+01    3.422289E+01    3.423334E+01    3.424175E+01    3.424776E+01    3.425088E+01
   3.512452E+01    3.511079E+01    3.508296E+01    3.504020E+01    3.498264E+01    3.491448E+01    3.483863E+01    3.475871E+01    3.468078E+01    3.460715E+01    3.453819E+01    3.447257E+01    3.440831E+01    3.434330E+01    3.427528E+01    3.420264E+01    3.421139E+01    3.421932E+01    3.422552E+01    3.422891E+01
   3.514446E+01    3.513096E+01    3.510267E+01    3.505648E+01    3.498861E+01    3.491057E+01    3.482385E+01    3.473069E+01    3.464622E+01    3.457113E+01    3.450276E+01    3.443844E+01    3.437612E+01    3.431357E+01    3.424784E+01    3.417804E+01    3.418435E+01    3.419237E+01    3.419959E+01    3.420372E+01
   3.516767E+01    3.515606E+01    3.513107E+01    3.508622E+01    3.499671E+01    3.490771E+01    3.480891E+01    3.468862E+01    3.459822E+01    3.452544E+01    3.446066E+01    3.439937E+01    3.434003E+01    3.427966E+01    3.421565E+01    3.414787E+01    3.415000E+01    3.416035E+01    3.417061E+01    3.417648E+01
   3.519157E+01    3.518391E+01    3.516951E+01    3.515283E+01    1.000000E+30    1.000000E+30    1.000000E+30    3.461208E+01    3.452945E+01    3.446859E+01    3.441221E+01    3.435621E+01    3.429937E+01    3.424005E+01    3.417822E+01    3.411083E+01    3.410190E+01    3.412284E+01    3.414027E+01    3.414915E+01
   3.521118E+01    3.520682E+01    3.519930E+01    3.519238E+01    1.000000E+30    1.000000E+30    1.000000E+30    1.000000E+30    3.443456E+01    3.440281E+01    3.435924E+01    3.430894E+01    3.425348E+01    3.419467E+01    3.413764E+01    3.406915E+01    3.401812E+01    3.408373E+01    3.411285E+01    3.412486E+01
   3.522220E+01    3.521993E+01    3.521618E+01    3.521289E+01    1.000000E+30    1.000000E+30    1.000000E+30    1.000000E+30    3.436425E+01    3.434313E+01    3.430759E+01    3.426088E+01    3.420372E+01    3.413951E+01    3.410042E+01    3.405382E+01    3.405171E+01    3.407720E+01    3.409703E+01    3.410687E+01
   3.522178E+01    3.522054E+01    3.521854E+01    3.521691E+01    1.000000E+30    1.000000E+30    1.000000E+30    1.000000E+30    3.430825E+01    3.429180E+01    3.426130E+01    3.421714E+01    3.415413E+01    3.405146E+01    3.406394E+01    3.403907E+01    3.405384E+01    3.407145E+01    3.408558E+01    3.409299E+01
   3.520850E+01    3.520777E+01    3.520665E+01    3.520578E+01    1.000000E+30    1.000000E+30    1.000000E+30    1.000000E+30    3.426214E+01    3.424856E+01    3.422293E+01    3.418616E+01    3.413840E+01    3.408462E+01    3.405960E+01    3.403033E+01    3.404807E+01    3.406341E+01    3.407481E+01    3.408071E+01
   3.518161E+01    3.518130E+01    3.518077E+01    3.518019E+01    1.000000E+30    1.000000E+30    1.000000E+30    1.000000E+30    3.422314E+01    3.421171E+01    3.419027E+01    3.416030E+01    3.412394E+01    3.408578E+01    3.405430E+01    3.402194E+01    3.403932E+01    3.405331E+01    3.406330E+01    3.406843E+01
   3.514038E+01    3.514046E+01    3.514030E+01    3.513988E+01    1.000000E+30    1.000000E+30    1.000000E+30    1.000000E+30    3.418936E+01    3.417957E+01    3.416133E+01    3.413637E+01    3.410686E+01    3.407535E+01    3.404428E+01    3.401167E+01    3.402833E+01    3.404153E+01    3.405077E+01    3.405551E+01
   3.508414E+01    3.508446E+01    3.508458E+01    3.508424E+01    1.000000E+30    1.000000E+30    1.000000E+30    1.000000E+30    3.415918E+01    3.415056E+01    3.413455E+01    3.411283E+01    3.408721E+01    3.405936E+01    3.403019E+01    3.399911E+01    3.401530E+01    3.402813E+01    3.403711E+01    3.404173E+01
   3.501247E+01    3.501270E+01    3.501298E+01    3.501249E+01    1.000000E+30    1.000000E+30    1.000000E+30    1.000000E+30    3.413124E+01    3.412338E+01    3.410878E+01    3.408896E+01    3.406551E+01    3.403987E+01    3.401265E+01    3.398404E+01    3.400030E+01    3.401326E+01    3.402239E+01    3.402711E+01
   3.492584E+01    3.492536E+01    3.492469E+01    3.492408E+01    1.000000E+30    1.000000E+30    1.000000E+30    1.000000E+30    3.410452E+01    3.409718E+01    3.408346E+01    3.406458E+01    3.404207E+01    3.401717E+01    3.399127E+01    3.396615E+01    3.398343E+01    3.399724E+01    3.400691E+01    3.401192E+01
   3.482623E+01    3.482448E+01    3.482192E+01    3.482076E+01    1.000000E+30    1.000000E+30    1.000000E+30    1.000000E+30    3.407822E+01    3.407130E+01    3.405815E+01    3.403958E+01    3.401656E+01    3.399019E+01    3.396389E+01    3.394467E+01    3.396466E+01    3.398046E+01    3.399113E+01    3.399657E+01
   3.471722E+01    3.471343E+01    3.470817E+01    3.470466E+01    1.000000E+30    1.000000E+30    1.000000E+30    1.000000E+30    3.405164E+01    3.404523E+01    3.403259E+01    3.401390E+01    3.398906E+01    3.395796E+01    3.392442E+01    3.391865E+01    3.394465E+01    3.396348E+01    3.397557E+01    3.398153E+01
   3.460269E+01    3.459560E+01    3.458455E+01    3.457533E+01    1.000000E+30    1.000000E+30    1.000000E+30    1.000000E+30    3.402395E+01    3.401869E+01    3.400710E+01    3.398899E+01    3.396288E+01    3.392353E+01    3.385205E+01    3.389042E+01    3.392619E+01    3.394790E+01    3.396102E+01    3.396734E+01
   3.448751E+01    3.447521E+01    3.445315E+01    3.442937E+01    1.000000E+30    1.000000E+30    3.397686E+01    3.398172E+01    3.399364E+01    3.399163E+01    3.398210E+01    3.396684E+01    3.394579E+01    3.391854E+01    3.388912E+01    3.388796E+01    3.391587E+01    3.393558E+01    3.394818E+01    3.395438E+01
   3.437809E+01    3.435911E+01    3.432015E+01    3.425431E+01    3.413442E+01    1.000000E+30    3.396619E+01    3.396779E+01    3.396948E+01    3.396548E+01    3.395695E+01    3.394531E+01    3.393028E+01    3.391233E+01    3.389471E+01    3.388397E+01    3.390748E+01    3.392504E+01    3.393665E+01    3.394251E+01
   3.428220E+01    3.425859E+01    3.420882E+01    3.412517E+01    3.400868E+01    3.395420E+01    3.394885E+01    3.394775E+01    3.394471E+01    3.393793E+01    3.392938E+01    3.392176E+01    3.391281E+01    3.390167E+01    3.388909E+01    3.387642E+01    3.389849E+01    3.391495E+01    3.392582E+01    3.393132E+01
   3.420486E+01    3.417962E+01    3.412436E+01    3.402179E+01    3.381737E+01    3.390304E+01    3.392406E+01    3.392578E+01    3.391895E+01    3.390725E+01    3.389595E+01    3.389445E+01    3.389292E+01    3.388775E+01    3.387881E+01    3.386660E+01    3.388853E+01    3.390461E+01    3.391514E+01    3.392042E+01
   3.414803E+01    3.412614E+01    3.408131E+01    3.401186E+01    3.392792E+01    3.392000E+01    3.391666E+01    3.390876E+01    3.389425E+01    3.387254E+01    3.384873E+01    3.386251E+01    3.387175E+01    3.387269E+01    3.386687E+01    3.385574E+01    3.387795E+01    3.389396E+01    3.390440E+01    3.390959E+01
   3.410840E+01    3.409093E+01    3.405716E+01    3.401002E+01    3.395948E+01    3.393053E+01    3.391086E+01    3.389463E+01    3.387361E+01    3.383786E+01    3.376120E+01    3.383033E+01    3.385370E+01    3.385920E+01    3.385520E+01    3.384473E+01    3.386716E+01    3.388313E+01    3.389356E+01    3.389874E+01
   3.408120E+01    3.406723E+01    3.404099E+01    3.400489E+01    3.396404E+01    3.392752E+01    3.389750E+01    3.388127E+01    3.386575E+01    3.384511E+01    3.382262E+01    3.383746E+01    3.384785E+01    3.384990E+01    3.384489E+01    3.383410E+01    3.385642E+01    3.387229E+01    3.388264E+01    3.388782E+01
   3.406256E+01    3.405094E+01    3.402887E+01    3.399729E+01    3.395781E+01    3.391242E+01    3.386580E+01    3.386378E+01    3.386087E+01    3.385228E+01    3.384329E+01    3.384400E+01    3.384503E+01    3.384248E+01    3.383540E+01    3.382371E+01    3.384564E+01    3.386144E+01    3.387173E+01    3.387689E+01
   3.404977E+01    3.403949E+01    3.401981E+01    3.399073E+01    3.395078E+01    3.389282E+01    3.378789E+01    3.384514E+01    3.385815E+01    3.385615E+01    3.385003E+01    3.384534E+01    3.384078E+01    3.383464E+01    3.382572E+01    3.381324E+01    3.383473E+01    3.385045E+01    3.386078E+01    3.386597E+01
   3.404121E+01    3.403137E+01    3.401365E+01    3.398828E+01    3.395482E+01    3.391315E+01    3.386899E+01    3.386768E+01    3.386597E+01    3.385961E+01    3.385078E+01    3.384184E+01    3.383334E+01    3.382487E+01    3.381497E+01    3.380224E+01    3.382359E+01    3.383936E+01    3.384986E+01    3.385516E+01
   3.403623E+01    3.402485E+01    3.400866E+01    3.398707E+01    3.396017E+01    3.392975E+01    3.390118E+01    3.388564E+01    3.387357E+01    3.386086E+01    3.384714E+01    3.383350E+01    3.382141E+01    3.381200E+01    3.380246E+01    3.379046E+01    3.381214E+01    3.382820E+01    3.383905E+01    3.384464E+01
   1.000000E+30    3.401687E+01    3.400256E+01    3.398426E+01    3.396213E+01    3.393792E+01    3.391445E+01    3.389485E+01    3.387687E+01    3.385857E+01    3.383924E+01    3.381962E+01    3.380275E+01    3.379493E+01    3.378787E+01    3.377783E+01    3.380043E+01    3.381714E+01    3.382853E+01    3.383467E+01
   1.000000E+30    1.000000E+30    3.399379E+01    3.397807E+01    3.395908E+01    3.393852E+01    3.391742E+01    3.389669E+01    3.387558E+01    3.385298E+01    3.382785E+01    3.379952E+01    3.377128E+01    3.377273E+01    3.377172E+01    3.376473E+01    3.378857E+01    3.380615E+01    3.381840E+01    3.382584E+01
   1.000000E+30    1.000000E+30    1.000000E+30    3.396780E+01    3.395010E+01    3.393235E+01    3.391322E+01    3.389275E+01    3.387052E+01    3.384568E+01    3.381625E+01    3.377632E+01    3.370624E+01    3.374844E+01    3.375691E+01    3.375234E+01    3.377697E+01    3.379500E+01    3.380804E+01    3.381945E+01
   1.000000E+30    1.000000E+30    1.000000E+30    1.000000E+30    3.393326E+01    3.391976E+01    3.390290E+01    3.388381E+01    3.386241E+01    3.383858E+01    3.381193E+01    3.378189E+01    3.375197E+01    3.375226E+01    3.375019E+01    3.374222E+01    3.376598E+01    3.378334E+01    3.379419E+01    1.000000E+30
   1.000000E+30    1.000000E+30    1.000000E+30    1.000000E+30    3.392188E+01    3.390211E+01    3.388658E+01    3.386974E+01    3.385048E+01    3.382935E+01    3.380691E+01    3.378411E+01    3.376416E+01    3.375372E+01    3.374448E+01    3.373271E+01    3.375530E+01    3.377275E+01    3.378603E+01    1.000000E+30
   1.000000E+30    1.000000E+30    1.000000E+30    1.000000E+30    1.000000E+30    3.387107E+01    3.386255E+01    3.384953E+01    3.383347E+01    3.381576E+01    3.379721E+01    3.377889E+01    3.376238E+01    3.374908E+01    3.373638E+01    3.372206E+01    3.374359E+01    3.376091E+01    1.000000E+30    1.000000E+30
   1.000000E+30    1.000000E+30    1.000000E+30    1.000000E+30    1.000000E+30    3.383966E+01    3.383384E+01    3.382376E+01    3.381108E+01    3.379671E+01    3.378155E+01    3.376646E+01    3.375211E+01    3.373863E+01    3.372483E+01    3.370921E+01    3.372951E+01    1.000000E+30    1.000000E+30    1.000000E+30
   1.000000E+30    1.000000E+30    1.000000E+30    1.000000E+30    1.000000E+30    3.380546E+01    3.380094E+01    3.379308E+01    3.378304E+01    3.377170E+01    3.375970E+01    3.374746E+01    3.373521E+01    3.372282E+01    3.370952E+01    3.369399E+01    1.000000E+30    1.000000E+30    1.000000E+30    1.000000E+30
