   3.524385E+01    3.523283E+01    3.521132E+01    3.517989E+01    3.513927E+01    3.509051E+01    3.503488E+01    3.497383E+01    3.490877E+01    3.484101E+01    3.477105E+01    3.469868E+01    3.462279E+01    3.454171E+01    3.445355E+01    3.435662E+01    3.438177E+01    3.440074E+01    3.441336E+01    3.441962E+01
   3.524607E+01    3.523481E+01    3.521285E+01    3.518078E+01    3.513929E+01    3.508945E+01    3.503264E+01    3.497039E+01    3.490429E+01    3.483572E+01    3.476543E+01    3.469315E+01    3.461759E+01    3.453691E+01    3.444899E+01    3.435159E+01    3.437715E+01    3.439628E+01    3.440891E+01    3.441516E+01
   3.525069E+01    3.523897E+01    3.521617E+01    3.518283E+01    3.513946E+01    3.508737E+01    3.502814E+01    3.496361E+01    3.489548E+01    3.482538E+01    3.475440E+01    3.468222E+01    3.460716E+01    3.452716E+01    3.443979E+01    3.434263E+01    3.436812E+01    3.438725E+01    3.439988E+01    3.440610E+01
   3.525806E+01    3.524578E+01    3.522171E+01    3.518621E+01    3.513995E+01    3.508442E+01    3.502147E+01    3.495340E+01    3.488234E+01    3.480996E+01    3.473802E+01    3.466599E+01    3.459120E+01    3.451196E+01    3.442585E+01    3.433002E+01    3.435480E+01    3.437354E+01    3.438612E+01    3.439239E+01
   3.526857E+01    3.525567E+01    3.523001E+01    3.519162E+01    3.514115E+01    3.508061E+01    3.501233E+01    3.493920E+01    3.486426E+01    3.478939E+01    3.471590E+01    3.464339E+01    3.456933E+01    3.449140E+01    3.440714E+01    3.431376E+01    3.433702E+01    3.435519E+01    3.436779E+01    3.437423E+01
   3.528258E+01    3.526922E+01    3.524210E+01    3.520030E+01    3.514378E+01    3.507628E+01    3.500036E+01    3.491938E+01    3.483914E+01    3.476174E+01    3.468748E+01    3.461492E+01    3.454183E+01    3.446569E+01    3.438364E+01    3.429336E+01    3.431439E+01    3.433203E+01    3.434502E+01    3.435188E+01
   3.530013E+01    3.528706E+01    3.525966E+01    3.521484E+01    3.514878E+01    3.507196E+01    3.498557E+01    3.489162E+01    3.480498E+01    3.472612E+01    3.465226E+01    3.458068E+01    3.450923E+01    3.443527E+01    3.435523E+01    3.426765E+01    3.428541E+01    3.430338E+01    3.431793E+01    3.432590E+01
   3.532047E+01    3.530929E+01    3.528520E+01    3.524199E+01    3.515590E+01    3.506878E+01    3.497065E+01    3.484984E+01    3.475742E+01    3.468086E+01    3.461034E+01    3.454129E+01    3.447227E+01    3.439992E+01    3.432093E+01    3.423460E+01    3.424648E+01    3.426801E+01    3.428703E+01    3.429748E+01
   3.534116E+01    3.533381E+01    3.531997E+01    3.530393E+01    1.000000E+30    1.000000E+30    1.000000E+30    3.477348E+01    3.468907E+01    3.462448E+01    3.456207E+01    3.449766E+01    3.443007E+01    3.435756E+01    3.427984E+01    3.419193E+01    3.418738E+01    3.422472E+01    3.425417E+01    3.426894E+01
   3.535755E+01    3.535337E+01    3.534618E+01    3.533952E+01    1.000000E+30    1.000000E+30    1.000000E+30    1.000000E+30    3.459441E+01    3.455925E+01    3.450925E+01    3.444949E+01    3.438145E+01    3.430744E+01    3.423448E+01    3.414223E+01    3.407373E+01    3.417841E+01    3.422509E+01    3.424438E+01
   3.536569E+01    3.536350E+01    3.535992E+01    3.535677E+01    1.000000E+30    1.000000E+30    1.000000E+30    1.000000E+30    3.452506E+01    3.450046E+01    3.445794E+01    3.440023E+01    3.432712E+01    3.424257E+01    3.419376E+01    3.413130E+01    3.413619E+01    3.417960E+01    3.421215E+01    3.422811E+01
   3.536305E+01    3.536185E+01    3.535994E+01    3.535840E+01    1.000000E+30    1.000000E+30    1.000000E+30    1.000000E+30    3.447052E+01    3.445054E+01    3.441270E+01    3.435617E+01    3.427187E+01    3.412659E+01    3.415293E+01    3.412010E+01    3.414949E+01    3.418063E+01    3.420454E+01    3.421684E+01
   3.534845E+01    3.534775E+01    3.534669E+01    3.534588E+01    1.000000E+30    1.000000E+30    1.000000E+30    1.000000E+30    3.442623E+01    3.440927E+01    3.437679E+01    3.432912E+01    3.426540E+01    3.419156E+01    3.415861E+01    3.411684E+01    3.414999E+01    3.417742E+01    3.419708E+01    3.420705E+01
   3.532131E+01    3.532101E+01    3.532052E+01    3.531999E+01    1.000000E+30    1.000000E+30    1.000000E+30    1.000000E+30    3.438919E+01    3.437459E+01    3.434691E+01    3.430754E+01    3.425866E+01    3.420599E+01    3.416141E+01    3.411334E+01    3.414544E+01    3.417051E+01    3.418787E+01    3.419663E+01
   3.528099E+01    3.528107E+01    3.528092E+01    3.528054E+01    1.000000E+30    1.000000E+30    1.000000E+30    1.000000E+30    3.435731E+01    3.434449E+01    3.432039E+01    3.428689E+01    3.424640E+01    3.420188E+01    3.415640E+01    3.410665E+01    3.413717E+01    3.416068E+01    3.417674E+01    3.418486E+01
   3.522692E+01    3.522722E+01    3.522733E+01    3.522701E+01    1.000000E+30    1.000000E+30    1.000000E+30    1.000000E+30    3.432892E+01    3.431729E+01    3.429553E+01    3.426556E+01    3.422943E+01    3.418895E+01    3.414500E+01    3.409639E+01    3.412571E+01    3.414832E+01    3.416377E+01    3.417161E+01
   3.515871E+01    3.515890E+01    3.515913E+01    3.515865E+01    1.000000E+30    1.000000E+30    1.000000E+30    1.000000E+30    3.430271E+01    3.429174E+01    3.427125E+01    3.424303E+01    3.420896E+01    3.417057E+01    3.412840E+01    3.408240E+01    3.411134E+01    3.413377E+01    3.414919E+01    3.415706E+01
   3.507673E+01    3.507622E+01    3.507549E+01    3.507484E+01    1.000000E+30    1.000000E+30    1.000000E+30    1.000000E+30    3.427775E+01    3.426711E+01    3.424714E+01    3.421934E+01    3.418561E+01    3.414736E+01    3.410613E+01    3.406425E+01    3.409421E+01    3.411749E+01    3.413344E+01    3.414162E+01
   3.498270E+01    3.498089E+01    3.497823E+01    3.497696E+01    1.000000E+30    1.000000E+30    1.000000E+30    1.000000E+30    3.425341E+01    3.424291E+01    3.422299E+01    3.419471E+01    3.415922E+01    3.411786E+01    3.407500E+01    3.404074E+01    3.407424E+01    3.410002E+01    3.411719E+01    3.412585E+01
   3.487974E+01    3.487579E+01    3.487025E+01    3.486646E+01    1.000000E+30    1.000000E+30    1.000000E+30    1.000000E+30    3.422915E+01    3.421876E+01    3.419868E+01    3.416923E+01    3.413006E+01    3.408059E+01    3.402571E+01    3.401033E+01    3.405232E+01    3.408217E+01    3.410111E+01    3.411040E+01
   3.477120E+01    3.476371E+01    3.475192E+01    3.474197E+01    1.000000E+30    1.000000E+30    1.000000E+30    1.000000E+30    3.420438E+01    3.419439E+01    3.417462E+01    3.414487E+01    3.410263E+01    3.403958E+01    3.392595E+01    3.397614E+01    3.403231E+01    3.406608E+01    3.408628E+01    3.409596E+01
   3.466152E+01    3.464827E+01    3.462439E+01    3.459851E+01    1.000000E+30    1.000000E+30    3.416900E+01    3.417182E+01    3.417803E+01    3.416947E+01    3.415111E+01    3.412423E+01    3.408811E+01    3.404178E+01    3.399059E+01    3.397988E+01    3.402385E+01    3.405435E+01    3.407358E+01    3.408298E+01
   3.455687E+01    3.453596E+01    3.449292E+01    3.442061E+01    3.429253E+01    1.000000E+30    3.415478E+01    3.415644E+01    3.415443E+01    3.414391E+01    3.412650E+01    3.410384E+01    3.407528E+01    3.404131E+01    3.400657E+01    3.398070E+01    3.401774E+01    3.404479E+01    3.406242E+01    3.407126E+01
   3.446520E+01    3.443846E+01    3.438134E+01    3.428407E+01    3.414932E+01    3.411281E+01    3.412723E+01    3.413257E+01    3.412802E+01    3.411490E+01    3.409739E+01    3.407973E+01    3.405888E+01    3.403367E+01    3.400536E+01    3.397590E+01    3.401039E+01    3.403557E+01    3.405200E+01    3.406025E+01
   3.439210E+01    3.436289E+01    3.429715E+01    3.416871E+01    3.389183E+01    3.404889E+01    3.409734E+01    3.410775E+01    3.409948E+01    3.408018E+01    3.405863E+01    3.404921E+01    3.403810E+01    3.402061E+01    3.399684E+01    3.396753E+01    3.400140E+01    3.402579E+01    3.404157E+01    3.404943E+01
   3.434008E+01    3.431498E+01    3.426269E+01    3.417950E+01    3.407724E+01    3.408556E+01    3.409442E+01    3.409033E+01    3.407148E+01    3.403802E+01    3.399785E+01    3.401053E+01    3.401445E+01    3.400516E+01    3.398540E+01    3.395734E+01    3.399127E+01    3.401533E+01    3.403082E+01    3.403849E+01
   3.430510E+01    3.428545E+01    3.424720E+01    3.419331E+01    3.413630E+01    3.410962E+01    3.409265E+01    3.407595E+01    3.404767E+01    3.399350E+01    3.387357E+01    3.396938E+01    3.399394E+01    3.399107E+01    3.397378E+01    3.394665E+01    3.398057E+01    3.400438E+01    3.401971E+01    3.402730E+01
   3.428169E+01    3.426622E+01    3.423704E+01    3.419673E+01    3.415123E+01    3.411135E+01    3.407810E+01    3.406094E+01    3.404031E+01    3.400832E+01    3.397006E+01    3.398427E+01    3.398981E+01    3.398210E+01    3.396356E+01    3.393617E+01    3.396969E+01    3.399316E+01    3.400828E+01    3.401583E+01
   3.426572E+01    3.425291E+01    3.422841E+01    3.419296E+01    3.414757E+01    3.409321E+01    3.403448E+01    3.403760E+01    3.403491E+01    3.402042E+01    3.400245E+01    3.399627E+01    3.398880E+01    3.397503E+01    3.395401E+01    3.392577E+01    3.395852E+01    3.398174E+01    3.399667E+01    3.400413E+01
   3.425457E+01    3.424319E+01    3.422119E+01    3.418795E+01    3.414028E+01    3.406591E+01    3.391843E+01    3.400998E+01    3.403063E+01    3.402598E+01    3.401280E+01    3.399959E+01    3.398491E+01    3.396678E+01    3.394380E+01    3.391502E+01    3.394697E+01    3.396992E+01    3.398482E+01    3.399226E+01
   3.424685E+01    3.423591E+01    3.421599E+01    3.418685E+01    3.414714E+01    3.409543E+01    3.403821E+01    3.404126E+01    3.404035E+01    3.402994E+01    3.401372E+01    3.399539E+01    3.397605E+01    3.395546E+01    3.393179E+01    3.390329E+01    3.393487E+01    3.395775E+01    3.397277E+01    3.398033E+01
   3.424214E+01    3.422952E+01    3.421121E+01    3.418635E+01    3.415470E+01    3.411798E+01    3.408284E+01    3.406463E+01    3.404904E+01    3.403028E+01    3.400804E+01    3.398403E+01    3.396054E+01    3.393950E+01    3.391708E+01    3.389022E+01    3.392210E+01    3.394525E+01    3.396063E+01    3.396850E+01
   1.000000E+30    3.422095E+01    3.420451E+01    3.418318E+01    3.415703E+01    3.412801E+01    3.409944E+01    3.407514E+01    3.405147E+01    3.402549E+01    3.399618E+01    3.396457E+01    3.393510E+01    3.391726E+01    3.389915E+01    3.387573E+01    3.390871E+01    3.393258E+01    3.394859E+01    3.395712E+01
   1.000000E+30    1.000000E+30    3.419430E+01    3.417541E+01    3.415244E+01    3.412749E+01    3.410155E+01    3.407540E+01    3.404754E+01    3.401608E+01    3.397927E+01    3.393585E+01    3.389035E+01    3.388714E+01    3.387864E+01    3.386025E+01    3.389482E+01    3.391975E+01    3.393676E+01    3.394688E+01
   1.000000E+30    1.000000E+30    1.000000E+30    3.416238E+01    3.413996E+01    3.411786E+01    3.409396E+01    3.406789E+01    3.403856E+01    3.400432E+01    3.396191E+01    3.390201E+01    3.379401E+01    3.385323E+01    3.385960E+01    3.384548E+01    3.388103E+01    3.390643E+01    3.392433E+01    3.393933E+01
   1.000000E+30    1.000000E+30    1.000000E+30    1.000000E+30    3.411700E+01    3.409966E+01    3.407823E+01    3.405374E+01    3.402555E+01    3.399299E+01    3.395506E+01    3.391049E+01    3.386395E+01    3.386055E+01    3.385198E+01    3.383366E+01    3.386781E+01    3.389218E+01    3.390710E+01    1.000000E+30
   1.000000E+30    1.000000E+30    1.000000E+30    1.000000E+30    3.410113E+01    3.407461E+01    3.405448E+01    3.403278E+01    3.400743E+01    3.397875E+01    3.394709E+01    3.391351E+01    3.388241E+01    3.386372E+01    3.384541E+01    3.382242E+01    3.385471E+01    3.387899E+01    3.389697E+01    1.000000E+30
   1.000000E+30    1.000000E+30    1.000000E+30    1.000000E+30    1.000000E+30    3.403123E+01    3.402028E+01    3.400351E+01    3.398243E+01    3.395850E+01    3.393248E+01    3.390559E+01    3.387996E+01    3.385767E+01    3.383510E+01    3.380925E+01    3.383981E+01    3.386370E+01    1.000000E+30    1.000000E+30
   1.000000E+30    1.000000E+30    1.000000E+30    1.000000E+30    1.000000E+30    3.398708E+01    3.397963E+01    3.396666E+01    3.395008E+01    3.393072E+01    3.390951E+01    3.388739E+01    3.386519E+01    3.384313E+01    3.381957E+01    3.379258E+01    3.382121E+01    1.000000E+30    1.000000E+30    1.000000E+30
   1.000000E+30    1.000000E+30    1.000000E+30    1.000000E+30    1.000000E+30    3.393876E+01    3.393299E+01    3.392290E+01    3.390982E+01    3.389463E+01    3.387787E+01    3.385992E+01    3.384095E+01    3.382081E+01    3.379837E+01    3.377178E+01    1.000000E+30    1.000000E+30    1.000000E+30    1.000000E+30
