, "id", "k", "i", "j", "f", "Active"
1, 1, 1, 1, 1, 8.9, 1
2, 2, 1, 1, 2, 8.7, 1
3, 3, 1, 1, 3, 8.4, 1
4, 4, 1, 1, 4, 8.0, 1
5, 5, 1, 1, 5, 7.6, 1
6, 6, 1, 1, 6, 7.2, 1
7, 7, 1, 1, 7, 6.6, 1
8, 8, 1, 1, 8, 6.1, 1
9, 9, 1, 1, 9, 5.5, 1
10, 10, 1, 1, 10, 5.0, 1
11, 11, 1, 1, 11, 4.6, 1
12, 12, 1, 1, 12, 4.5, 1
13, 13, 1, 1, 13, 4.5, 1
14, 14, 1, 1, 14, 4.7, 1
15, 15, 1, 1, 15, 5.0, 1
16, 16, 1, 1, 16, 5.3, 1
17, 17, 1, 1, 17, 5.5, 1
18, 18, 1, 1, 18, 5.6, 1
19, 19, 1, 1, 19, 5.6, 1
20, 20, 1, 1, 20, 5.5, 1
21, 21, 1, 2, 1, 9.2, 1
22, 22, 1, 2, 2, 9.0, 1
23, 23, 1, 2, 3, 8.7, 1
24, 24, 1, 2, 4, 8.3, 1
25, 25, 1, 2, 5, 7.9, 1
26, 26, 1, 2, 6, 7.4, 1
27, 27, 1, 2, 7, 6.8, 1
28, 28, 1, 2, 8, 6.2, 1
29, 29, 1, 2, 9, 5.5, 1
30, 30, 1, 2, 10, 4.7, 1
31, 31, 1, 2, 11, 4.2, 1
32, 32, 1, 2, 12, 4.1, 1
33, 33, 1, 2, 13, 4.2, 1
34, 34, 1, 2, 14, 4.6, 1
35, 35, 1, 2, 15, 5.0, 1
36, 36, 1, 2, 16, 5.3, 1
37, 37, 1, 2, 17, 5.6, 1
38, 38, 1, 2, 18, 5.7, 1
39, 39, 1, 2, 19, 5.6, 1
40, 40, 1, 2, 20, 5.5, 1
41, 41, 1, 3, 1, 9.6, 1
42, 42, 1, 3, 2, 9.4, 1
43, 43, 1, 3, 3, 9.1, 1
44, 44, 1, 3, 4, 8.7, 1
45, 45, 1, 3, 5, 8.2, 1
46, 46, 1, 3, 6, 7.7, 1
47, 47, 1, 3, 7, 7.1, 1
48, 48, 1, 3, 8, 6.4, 1
49, 49, 1, 3, 9, 5.5, 1
50, 50, 1, 3, 10, 4.6, 1
51, 51, 1, 3, 11, 3.7, 1
52, 52, 1, 3, 12, 3.6, 1
53, 53, 1, 3, 13, 4.0, 1
54, 54, 1, 3, 14, 4.4, 1
55, 55, 1, 3, 15, 4.9, 1
56, 56, 1, 3, 16, 5.4, 1
57, 57, 1, 3, 17, 5.8, 1
58, 58, 1, 3, 18, 5.8, 1
59, 59, 1, 3, 19, 5.6, 1
60, 60, 1, 3, 20, 5.5, 1
61, 61, 1, 4, 1, 10.0, 1
62, 62, 1, 4, 2, 9.8, 1
63, 63, 1, 4, 3, 9.5, 1
64, 64, 1, 4, 4, 9.1, 1
65, 65, 1, 4, 5, 8.6, 1
66, 66, 1, 4, 6, 8.1, 1
67, 67, 1, 4, 7, 7.4, 1
68, 68, 1, 4, 8, 6.7, 1
69, 69, 1, 4, 9, 5.9, 1
70, 70, 1, 4, 10, 4.8, 1
71, 71, 1, 4, 11, 3.0, 1
72, 72, 1, 4, 12, 3.5, 1
73, 73, 1, 4, 13, 3.9, 1
74, 74, 1, 4, 14, 4.3, 1
75, 75, 1, 4, 15, 4.8, 1
76, 76, 1, 4, 16, 5.4, 1
77, 77, 1, 4, 17, 6.0, 1
78, 78, 1, 4, 18, 5.7, 1
79, 79, 1, 4, 19, 5.5, 1
80, 80, 1, 4, 20, 5.3, 1
81, 81, 1, 5, 1, 10.5, 1
82, 82, 1, 5, 2, 10.3, 1
83, 83, 1, 5, 3, 10.0, 1
84, 84, 1, 5, 4, 9.6, 1
85, 85, 1, 5, 5, 9.1, 1
86, 86, 1, 5, 6, 8.5, 1
87, 87, 1, 5, 7, 7.8, 1
88, 88, 1, 5, 8, 7.1, 1
89, 89, 1, 5, 9, 6.5, 1
90, 90, 1, 5, 10, 6.0, 1
91, 91, 1, 5, 11, 4.4, 1
92, 92, 1, 5, 12, 3.9, 1
93, 93, 1, 5, 13, 4.0, 1
94, 94, 1, 5, 14, 4.2, 1
95, 95, 1, 5, 15, 4.6, 1
96, 96, 1, 5, 16, 5.0, 1
97, 97, 1, 5, 17, 5.4, 1
98, 98, 1, 5, 18, 5.4, 1
99, 99, 1, 5, 19, 5.2, 1
100, 100, 1, 5, 20, 5.1, 1
101, 101, 1, 6, 1, 11.0, 1
102, 102, 1, 6, 2, 10.8, 1
103, 103, 1, 6, 3, 10.5, 1
104, 104, 1, 6, 4, 10.1, 1
105, 105, 1, 6, 5, 9.5, 1
106, 106, 1, 6, 6, 8.9, 1
107, 107, 1, 6, 7, 8.2, 1
108, 108, 1, 6, 8, 7.4, 1
109, 109, 1, 6, 9, 6.8, 1
110, 110, 1, 6, 10, 6.0, 1
111, 111, 1, 6, 11, 5.0, 1
112, 112, 1, 6, 12, 4.3, 1
113, 113, 1, 6, 13, 4.1, 1
114, 114, 1, 6, 14, 4.1, 1
115, 115, 1, 6, 15, 4.3, 1
116, 116, 1, 6, 16, 4.5, 1
117, 117, 1, 6, 17, 4.8, 1
118, 118, 1, 6, 18, 4.8, 1
119, 119, 1, 6, 19, 4.8, 1
120, 120, 1, 6, 20, 4.8, 1
121, 121, 1, 7, 1, 11.5, 1
122, 122, 1, 7, 2, 11.4, 1
123, 123, 1, 7, 3, 11.1, 1
124, 124, 1, 7, 4, 10.6, 1
125, 125, 1, 7, 5, 10.0, 1
126, 126, 1, 7, 6, 9.2, 1
127, 127, 1, 7, 7, 8.4, 1
128, 128, 1, 7, 8, 7.6, 1
129, 129, 1, 7, 9, 6.8, 1
130, 130, 1, 7, 10, 6.0, 1
131, 131, 1, 7, 11, 5.2, 1
132, 132, 1, 7, 12, 4.5, 1
133, 133, 1, 7, 13, 4.1, 1
134, 134, 1, 7, 14, 3.9, 1
135, 135, 1, 7, 15, 3.9, 1
136, 136, 1, 7, 16, 4.0, 1
137, 137, 1, 7, 17, 4.2, 1
138, 138, 1, 7, 18, 4.3, 1
139, 139, 1, 7, 19, 4.4, 1
140, 140, 1, 7, 20, 4.5, 1
141, 141, 1, 8, 1, 12.1, 1
142, 142, 1, 8, 2, 12.0, 1
143, 143, 1, 8, 3, 11.8, 1
144, 144, 1, 8, 4, 11.2, 1
145, 145, 1, 8, 5, 10.5, 1
146, 146, 1, 8, 6, 9.6, 1
147, 147, 1, 8, 7, 8.7, 1
148, 148, 1, 8, 8, 7.7, 1
149, 149, 1, 8, 9, 6.8, 1
150, 150, 1, 8, 10, 5.9, 1
151, 151, 1, 8, 11, 5.1, 1
152, 152, 1, 8, 12, 4.4, 1
153, 153, 1, 8, 13, 4.0, 1
154, 154, 1, 8, 14, 3.7, 1
155, 155, 1, 8, 15, 3.5, 1
156, 156, 1, 8, 16, 3.5, 1
157, 157, 1, 8, 17, 3.7, 1
158, 158, 1, 8, 18, 3.9, 1
159, 159, 1, 8, 19, 4.0, 1
160, 160, 1, 8, 20, 4.1, 1
161, 161, 1, 9, 1, 12.6, 1
162, 162, 1, 9, 2, 12.7, 1
163, 163, 1, 9, 3, 12.4, 1
164, 164, 1, 9, 4, 11.8, 1
165, 165, 1, 9, 5, 10.9, 1
166, 166, 1, 9, 6, 9.9, 1
167, 167, 1, 9, 7, 8.8, 1
168, 168, 1, 9, 8, 7.7, 1
169, 169, 1, 9, 9, 6.7, 1
170, 170, 1, 9, 10, 5.8, 1
171, 171, 1, 9, 11, 5.0, 1
172, 172, 1, 9, 12, 4.3, 1
173, 173, 1, 9, 13, 3.7, 1
174, 174, 1, 9, 14, 3.4, 1
175, 175, 1, 9, 15, 3.2, 1
176, 176, 1, 9, 16, 3.0, 1
177, 177, 1, 9, 17, 3.3, 1
178, 178, 1, 9, 18, 3.5, 1
179, 179, 1, 9, 19, 3.7, 1
180, 180, 1, 9, 20, 3.8, 1
181, 181, 1, 10, 1, 13.0, 1
182, 182, 1, 10, 2, 13.3, 1
183, 183, 1, 10, 3, 13.2, 1
184, 184, 1, 10, 4, 12.4, 1
185, 185, 1, 10, 5, 11.2, 1
186, 186, 1, 10, 6, 10.0, 1
187, 187, 1, 10, 7, 8.8, 1
188, 188, 1, 10, 8, 7.7, 1
189, 189, 1, 10, 9, 6.6, 1
190, 190, 1, 10, 10, 5.6, 1
191, 191, 1, 10, 11, 4.7, 1
192, 192, 1, 10, 12, 4.0, 1
193, 193, 1, 10, 13, 3.4, 1
194, 194, 1, 10, 14, 3.1, 1
195, 195, 1, 10, 15, 2.9, 1
196, 196, 1, 10, 16, 2.9, 1
197, 197, 1, 10, 17, 3.0, 1
198, 198, 1, 10, 18, 3.2, 1
199, 199, 1, 10, 19, 3.4, 1
200, 200, 1, 10, 20, 3.6, 1
201, 201, 1, 11, 1, 13.1, 1
202, 202, 1, 11, 2, 13.5, 1
203, 203, 1, 11, 3, 14.0, 1
204, 204, 1, 11, 4, 12.6, 1
205, 205, 1, 11, 5, 11.2, 1
206, 206, 1, 11, 6, 9.9, 1
207, 207, 1, 11, 7, 8.7, 1
208, 208, 1, 11, 8, 7.5, 1
209, 209, 1, 11, 9, 6.3, 1
210, 210, 1, 11, 10, 5.3, 1
211, 211, 1, 11, 11, 4.4, 1
212, 212, 1, 11, 12, 3.6, 1
213, 213, 1, 11, 13, 3.0, 1
214, 214, 1, 11, 14, 2.8, 1
215, 215, 1, 11, 15, 2.7, 1
216, 216, 1, 11, 16, 2.7, 1
217, 217, 1, 11, 17, 2.8, 1
218, 218, 1, 11, 18, 3.0, 1
219, 219, 1, 11, 19, 3.2, 1
220, 220, 1, 11, 20, 3.4, 1
221, 221, 1, 12, 1, 12.8, 1
222, 222, 1, 12, 2, 13.1, 1
223, 223, 1, 12, 3, 13.0, 1
224, 224, 1, 12, 4, 12.1, 1
225, 225, 1, 12, 5, 10.9, 1
226, 226, 1, 12, 6, 9.6, 1
227, 227, 1, 12, 7, 8.4, 1
228, 228, 1, 12, 8, 7.1, 1
229, 229, 1, 12, 9, 6.0, 1
230, 230, 1, 12, 10, 4.9, 1
231, 231, 1, 12, 11, 4.0, 1
232, 232, 1, 12, 12, 3.2, 1
233, 233, 1, 12, 13, 2.7, 1
234, 234, 1, 12, 14, 2.5, 1
235, 235, 1, 12, 15, 2.5, 1
236, 236, 1, 12, 16, 2.5, 1
237, 237, 1, 12, 17, 2.7, 1
238, 238, 1, 12, 18, 2.9, 1
239, 239, 1, 12, 19, 3.1, 1
240, 240, 1, 12, 20, 3.2, 1
241, 241, 1, 13, 1, 12.3, 1
242, 242, 1, 13, 2, 12.3, 1
243, 243, 1, 13, 3, 12.1, 1
244, 244, 1, 13, 4, 11.4, 1
245, 245, 1, 13, 5, 10.3, 1
246, 246, 1, 13, 6, 9.2, 1
247, 247, 1, 13, 7, 8.0, 1
248, 248, 1, 13, 8, 6.8, 1
249, 249, 1, 13, 9, 5.6, 1
250, 250, 1, 13, 10, 4.5, 1
251, 251, 1, 13, 11, 3.5, 1
252, 252, 1, 13, 12, 2.8, 1
253, 253, 1, 13, 13, 2.3, 1
254, 254, 1, 13, 14, 2.2, 1
255, 255, 1, 13, 15, 2.3, 1
256, 256, 1, 13, 16, 2.4, 1
257, 257, 1, 13, 17, 2.6, 1
258, 258, 1, 13, 18, 2.8, 1
259, 259, 1, 13, 19, 3.0, 1
260, 260, 1, 13, 20, 3.1, 1
261, 261, 1, 14, 1, 11.7, 1
262, 262, 1, 14, 2, 11.6, 1
263, 263, 1, 14, 3, 11.2, 1
264, 264, 1, 14, 4, 10.6, 1
265, 265, 1, 14, 5, 9.7, 1
266, 266, 1, 14, 6, 8.6, 1
267, 267, 1, 14, 7, 7.5, 1
268, 268, 1, 14, 8, 6.3, 1
269, 269, 1, 14, 9, 5.2, 1
270, 270, 1, 14, 10, 4.0, 1
271, 271, 1, 14, 11, 3.0, 1
272, 272, 1, 14, 12, 2.2, 1
273, 273, 1, 14, 13, 1.9, 1
274, 274, 1, 14, 14, 1.9, 1
275, 275, 1, 14, 15, 2.1, 1
276, 276, 1, 14, 16, 2.3, 1
277, 277, 1, 14, 17, 2.5, 1
278, 278, 1, 14, 18, 2.8, 1
279, 279, 1, 14, 19, 3.0, 1
280, 280, 1, 14, 20, 3.1, 1
281, 281, 1, 15, 1, 11.1, 1
282, 282, 1, 15, 2, 10.9, 1
283, 283, 1, 15, 3, 10.5, 1
284, 284, 1, 15, 4, 9.8, 1
285, 285, 1, 15, 5, 9.0, 1
286, 286, 1, 15, 6, 8.1, 1
287, 287, 1, 15, 7, 7.0, 1
288, 288, 1, 15, 8, 5.9, 1
289, 289, 1, 15, 9, 4.8, 1
290, 290, 1, 15, 10, 3.7, 1
291, 291, 1, 15, 11, 2.6, 1
292, 292, 1, 15, 12, 1.5, 1
293, 293, 1, 15, 13, 1.6, 1
294, 294, 1, 15, 14, 1.8, 1
295, 295, 1, 15, 15, 2.0, 1
296, 296, 1, 15, 16, 2.3, 1
297, 297, 1, 15, 17, 2.5, 1
298, 298, 1, 15, 18, 2.8, 1
299, 299, 1, 15, 19, 3.0, 1
300, 300, 1, 15, 20, 3.1, 1
301, 301, 1, 16, 1, 10.5, 1
302, 302, 1, 16, 2, 10.2, 1
303, 303, 1, 16, 3, 9.8, 1
304, 304, 1, 16, 4, 9.2, 1
305, 305, 1, 16, 5, 8.4, 1
306, 306, 1, 16, 6, 7.5, 1
307, 307, 1, 16, 7, 6.6, 1
308, 308, 1, 16, 8, 5.5, 1
309, 309, 1, 16, 9, 4.5, 1
310, 310, 1, 16, 10, 3.5, 1
311, 311, 1, 16, 11, 2.5, 1
312, 312, 1, 16, 12, 1.8, 1
313, 313, 1, 16, 13, 1.6, 1
314, 314, 1, 16, 14, 1.7, 1
315, 315, 1, 16, 15, 1.9, 1
316, 316, 1, 16, 16, 2.2, 1
317, 317, 1, 16, 17, 2.6, 1
318, 318, 1, 16, 18, 2.9, 1
319, 319, 1, 16, 19, 3.0, 1
320, 320, 1, 16, 20, 3.0, 1
321, 321, 1, 17, 1, 9.9, 1
322, 322, 1, 17, 2, 9.6, 1
323, 323, 1, 17, 3, 9.2, 1
324, 324, 1, 17, 4, 8.6, 1
325, 325, 1, 17, 5, 7.9, 1
326, 326, 1, 17, 6, 7.1, 1
327, 327, 1, 17, 7, 6.2, 1
328, 328, 1, 17, 8, 5.2, 1
329, 329, 1, 17, 9, 4.3, 1
330, 330, 1, 17, 10, 3.4, 1
331, 331, 1, 17, 11, 2.6, 1
332, 332, 1, 17, 12, 2.0, 1
333, 333, 1, 17, 13, 1.7, 1
334, 334, 1, 17, 14, 1.7, 1
335, 335, 1, 17, 15, 1.9, 1
336, 336, 1, 17, 16, 2.2, 1
337, 337, 1, 17, 17, 2.6, 1
338, 338, 1, 17, 18, 3.0, 1
339, 339, 1, 17, 19, 3.0, 1
340, 340, 1, 17, 20, 3.0, 1
341, 341, 1, 18, 1, 9.4, 1
342, 342, 1, 18, 2, 9.1, 1
343, 343, 1, 18, 3, 8.7, 1
344, 344, 1, 18, 4, 8.1, 1
345, 345, 1, 18, 5, 7.4, 1
346, 346, 1, 18, 6, 6.7, 1
347, 347, 1, 18, 7, 5.9, 1
348, 348, 1, 18, 8, 5.0, 1
349, 349, 1, 18, 9, 4.1, 1
350, 350, 1, 18, 10, 3.3, 1
351, 351, 1, 18, 11, 2.6, 1
352, 352, 1, 18, 12, 2.1, 1
353, 353, 1, 18, 13, 1.8, 1
354, 354, 1, 18, 14, 1.7, 1
355, 355, 1, 18, 15, 1.8, 1
356, 356, 1, 18, 16, 2.1, 1
357, 357, 1, 18, 17, 2.4, 1
358, 358, 1, 18, 18, 2.7, 1
359, 359, 1, 18, 19, 2.8, 1
360, 360, 1, 18, 20, 2.8, 1
361, 361, 1, 19, 1, 9.0, 1
362, 362, 1, 19, 2, 8.7, 1
363, 363, 1, 19, 3, 8.2, 1
364, 364, 1, 19, 4, 7.7, 1
365, 365, 1, 19, 5, 7.1, 1
366, 366, 1, 19, 6, 6.4, 1
367, 367, 1, 19, 7, 5.6, 1
368, 368, 1, 19, 8, 4.8, 1
369, 369, 1, 19, 9, 4.0, 1
370, 370, 1, 19, 10, 3.2, 1
371, 371, 1, 19, 11, 2.6, 1
372, 372, 1, 19, 12, 2.1, 1
373, 373, 1, 19, 13, 1.7, 1
374, 374, 1, 19, 14, 1.6, 1
375, 375, 1, 19, 15, 1.7, 1
376, 376, 1, 19, 16, 1.9, 1
377, 377, 1, 19, 17, 2.2, 1
378, 378, 1, 19, 18, 2.4, 1
379, 379, 1, 19, 19, 2.5, 1
380, 380, 1, 19, 20, 2.6, 1
381, 381, 1, 20, 1, 8.6, 1
382, 382, 1, 20, 2, 8.3, 1
383, 383, 1, 20, 3, 7.9, 1
384, 384, 1, 20, 4, 7.4, 1
385, 385, 1, 20, 5, 6.8, 1
386, 386, 1, 20, 6, 6.1, 1
387, 387, 1, 20, 7, 5.4, 1
388, 388, 1, 20, 8, 4.6, 1
389, 389, 1, 20, 9, 3.8, 1
390, 390, 1, 20, 10, 3.1, 1
391, 391, 1, 20, 11, 2.5, 1
392, 392, 1, 20, 12, 2.0, 1
393, 393, 1, 20, 13, 1.7, 1
394, 394, 1, 20, 14, 1.5, 1
395, 395, 1, 20, 15, 1.6, 1
396, 396, 1, 20, 16, 1.8, 1
397, 397, 1, 20, 17, 2.0, 1
398, 398, 1, 20, 18, 2.2, 1
399, 399, 1, 20, 19, 2.3, 1
400, 400, 1, 20, 20, 2.4, 1
401, 401, 1, 21, 1, 8.2, 1
402, 402, 1, 21, 2, 7.9, 1
403, 403, 1, 21, 3, 7.5, 1
404, 404, 1, 21, 4, 7.1, 1
405, 405, 1, 21, 5, 6.5, 1
406, 406, 1, 21, 6, 5.9, 1
407, 407, 1, 21, 7, 5.2, 1
408, 408, 1, 21, 8, 4.5, 1
409, 409, 1, 21, 9, 3.7, 1
410, 410, 1, 21, 10, 3.0, 1
411, 411, 1, 21, 11, 2.4, 1
412, 412, 1, 21, 12, 1.9, 1
413, 413, 1, 21, 13, 1.6, 1
414, 414, 1, 21, 14, 1.5, 1
415, 415, 1, 21, 15, 1.5, 1
416, 416, 1, 21, 16, 1.6, 1
417, 417, 1, 21, 17, 1.8, 1
418, 418, 1, 21, 18, 2.0, 1
419, 419, 1, 21, 19, 2.1, 1
420, 420, 1, 21, 20, 2.2, 1
421, 421, 1, 22, 1, 8.0, 1
422, 422, 1, 22, 2, 7.7, 1
423, 423, 1, 22, 3, 7.3, 1
424, 424, 1, 22, 4, 6.9, 1
425, 425, 1, 22, 5, 6.4, 1
426, 426, 1, 22, 6, 5.8, 1
427, 427, 1, 22, 7, 5.1, 1
428, 428, 1, 22, 8, 4.4, 1
429, 429, 1, 22, 9, 3.6, 1
430, 430, 1, 22, 10, 2.9, 1
431, 431, 1, 22, 11, 2.2, 1
432, 432, 1, 22, 12, 1.7, 1
433, 433, 1, 22, 13, 1.5, 1
434, 434, 1, 22, 14, 1.4, 1
435, 435, 1, 22, 15, 1.4, 1
436, 436, 1, 22, 16, 1.5, 1
437, 437, 1, 22, 17, 1.7, 1
438, 438, 1, 22, 18, 1.8, 1
439, 439, 1, 22, 19, 1.9, 1
440, 440, 1, 22, 20, 2.0, 1
441, 441, 1, 23, 1, 7.8, 1
442, 442, 1, 23, 2, 7.5, 1
443, 443, 1, 23, 3, 7.2, 1
444, 444, 1, 23, 4, 6.7, 1
445, 445, 1, 23, 5, 6.3, 1
446, 446, 1, 23, 6, 5.7, 1
447, 447, 1, 23, 7, 5.1, 1
448, 448, 1, 23, 8, 4.4, 1
449, 449, 1, 23, 9, 3.6, 1
450, 450, 1, 23, 10, 2.9, 1
451, 451, 1, 23, 11, 2.1, 1
452, 452, 1, 23, 12, 1.5, 1
453, 453, 1, 23, 13, 1.4, 1
454, 454, 1, 23, 14, 1.4, 1
455, 455, 1, 23, 15, 1.4, 1
456, 456, 1, 23, 16, 1.5, 1
457, 457, 1, 23, 17, 1.6, 1
458, 458, 1, 23, 18, 1.7, 1
459, 459, 1, 23, 19, 1.8, 1
460, 460, 1, 23, 20, 1.8, 1
461, 461, 1, 24, 1, 7.6, 1
462, 462, 1, 24, 2, 7.3, 1
463, 463, 1, 24, 3, 7.0, 1
464, 464, 1, 24, 4, 6.7, 1
465, 465, 1, 24, 5, 6.2, 1
466, 466, 1, 24, 6, 5.7, 1
467, 467, 1, 24, 7, 5.1, 1
468, 468, 1, 24, 8, 4.4, 1
469, 469, 1, 24, 9, 3.7, 1
470, 470, 1, 24, 10, 2.9, 1
471, 471, 1, 24, 11, 2.2, 1
472, 472, 1, 24, 12, 1.7, 1
473, 473, 1, 24, 13, 1.5, 1
474, 474, 1, 24, 14, 1.4, 1
475, 475, 1, 24, 15, 1.4, 1
476, 476, 1, 24, 16, 1.4, 1
477, 477, 1, 24, 17, 1.5, 1
478, 478, 1, 24, 18, 1.6, 1
479, 479, 1, 24, 19, 1.6, 1
480, 480, 1, 24, 20, 1.7, 1
481, 481, 1, 25, 1, 7.4, 1
482, 482, 1, 25, 2, 7.2, 1
483, 483, 1, 25, 3, 6.9, 1
484, 484, 1, 25, 4, 6.6, 1
485, 485, 1, 25, 5, 6.3, 1
486, 486, 1, 25, 6, 5.8, 1
487, 487, 1, 25, 7, 5.3, 1
488, 488, 1, 25, 8, 4.6, 1
489, 489, 1, 25, 9, 3.8, 1
490, 490, 1, 25, 10, 3.0, 1
491, 491, 1, 25, 11, 2.3, 1
492, 492, 1, 25, 12, 1.9, 1
493, 493, 1, 25, 13, 1.6, 1
494, 494, 1, 25, 14, 1.4, 1
495, 495, 1, 25, 15, 1.4, 1
496, 496, 1, 25, 16, 1.3, 1
497, 497, 1, 25, 17, 1.4, 1
498, 498, 1, 25, 18, 1.4, 1
499, 499, 1, 25, 19, 1.5, 1
500, 500, 1, 25, 20, 1.6, 1
501, 501, 1, 26, 1, 7.2, 1
502, 502, 1, 26, 2, 7.1, 1
503, 503, 1, 26, 3, 6.8, 1
504, 504, 1, 26, 4, 6.6, 1
505, 505, 1, 26, 5, 6.3, 1
506, 506, 1, 26, 6, 6.0, 1
507, 507, 1, 26, 7, 5.6, 1
508, 508, 1, 26, 8, 4.9, 1
509, 509, 1, 26, 9, 4.0, 1
510, 510, 1, 26, 10, 3.0, 1
511, 511, 1, 26, 11, 2.5, 1
512, 512, 1, 26, 12, 2.0, 1
513, 513, 1, 26, 13, 1.7, 1
514, 514, 1, 26, 14, 1.5, 1
515, 515, 1, 26, 15, 1.3, 1
516, 516, 1, 26, 16, 1.3, 1
517, 517, 1, 26, 17, 1.3, 1
518, 518, 1, 26, 18, 1.3, 1
519, 519, 1, 26, 19, 1.4, 1
520, 520, 1, 26, 20, 1.5, 1
521, 521, 1, 27, 1, 7.1, 1
522, 522, 1, 27, 2, 6.9, 1
523, 523, 1, 27, 3, 6.8, 1
524, 524, 1, 27, 4, 6.6, 1
525, 525, 1, 27, 5, 6.4, 1
526, 526, 1, 27, 6, 6.1, 1
527, 527, 1, 27, 7, 5.9, 1
528, 528, 1, 27, 8, 5.4, 1
529, 529, 1, 27, 9, 4.5, 1
530, 530, 1, 27, 10, 3.5, 1
531, 531, 1, 27, 11, 2.7, 1
532, 532, 1, 27, 12, 2.2, 1
533, 533, 1, 27, 13, 1.8, 1
534, 534, 1, 27, 14, 1.5, 1
535, 535, 1, 27, 15, 1.3, 1
536, 536, 1, 27, 16, 1.2, 1
537, 537, 1, 27, 17, 1.2, 1
538, 538, 1, 27, 18, 1.2, 1
539, 539, 1, 27, 19, 1.2, 1
540, 540, 1, 27, 20, 1.3, 1
541, 541, 1, 28, 1, 6.9, 1
542, 542, 1, 28, 2, 6.8, 1
543, 543, 1, 28, 3, 6.6, 1
544, 544, 1, 28, 4, 6.5, 1
545, 545, 1, 28, 5, 6.3, 1
546, 546, 1, 28, 6, 6.2, 1
547, 547, 1, 28, 7, 6.1, 1
548, 548, 1, 28, 8, 6.0, 1
549, 549, 1, 28, 9, 4.8, 1
550, 550, 1, 28, 10, 3.7, 1
551, 551, 1, 28, 11, 2.9, 1
552, 552, 1, 28, 12, 2.3, 1
553, 553, 1, 28, 13, 1.8, 1
554, 554, 1, 28, 14, 1.4, 1
555, 555, 1, 28, 15, 1.2, 1
556, 556, 1, 28, 16, 1.1, 1
557, 557, 1, 28, 17, 1.0, 1
558, 558, 1, 28, 18, 1.0, 1
559, 559, 1, 28, 19, 1.1, 1
560, 560, 1, 28, 20, 1.2, 1
561, 561, 1, 29, 1, 6.8, 1
562, 562, 1, 29, 2, 6.6, 1
563, 563, 1, 29, 3, 6.5, 1
564, 564, 1, 29, 4, 6.3, 1
565, 565, 1, 29, 5, 6.2, 1
566, 566, 1, 29, 6, 6.0, 1
567, 567, 1, 29, 7, 5.8, 1
568, 568, 1, 29, 8, 5.4, 1
569, 569, 1, 29, 9, 4.6, 1
570, 570, 1, 29, 10, 3.7, 1
571, 571, 1, 29, 11, 2.9, 1
572, 572, 1, 29, 12, 2.2, 1
573, 573, 1, 29, 13, 1.7, 1
574, 574, 1, 29, 14, 1.4, 1
575, 575, 1, 29, 15, 1.1, 1
576, 576, 1, 29, 16, 0.9, 1
577, 577, 1, 29, 17, 0.9, 1
578, 578, 1, 29, 18, 0.9, 1
579, 579, 1, 29, 19, 1.0, 1
580, 580, 1, 29, 20, 1.1, 1
581, 581, 1, 30, 1, 6.6, 1
582, 582, 1, 30, 2, 6.4, 1
583, 583, 1, 30, 3, 6.3, 1
584, 584, 1, 30, 4, 6.1, 1
585, 585, 1, 30, 5, 5.9, 1
586, 586, 1, 30, 6, 5.7, 1
587, 587, 1, 30, 7, 5.4, 1
588, 588, 1, 30, 8, 5.0, 1
589, 589, 1, 30, 9, 4.3, 1
590, 590, 1, 30, 10, 3.5, 1
591, 591, 1, 30, 11, 2.7, 1
592, 592, 1, 30, 12, 2.1, 1
593, 593, 1, 30, 13, 1.6, 1
594, 594, 1, 30, 14, 1.2, 1
595, 595, 1, 30, 15, 0.9, 1
596, 596, 1, 30, 16, 0.8, 1
597, 597, 1, 30, 17, 0.7, 1
598, 598, 1, 30, 18, 0.7, 1
599, 599, 1, 30, 19, 0.8, 1
600, 600, 1, 30, 20, 1.0, 1
601, 601, 1, 31, 1, 6.4, 1
602, 602, 1, 31, 2, 6.2, 1
603, 603, 1, 31, 3, 6.1, 1
604, 604, 1, 31, 4, 5.9, 1
605, 605, 1, 31, 5, 5.7, 1
606, 606, 1, 31, 6, 5.4, 1
607, 607, 1, 31, 7, 5.0, 1
608, 608, 1, 31, 8, 4.5, 1
609, 609, 1, 31, 9, 3.9, 1
610, 610, 1, 31, 10, 3.2, 1
611, 611, 1, 31, 11, 2.4, 1
612, 612, 1, 31, 12, 1.8, 1
613, 613, 1, 31, 13, 1.3, 1
614, 614, 1, 31, 14, 1.0, 1
615, 615, 1, 31, 15, 0.7, 1
616, 616, 1, 31, 16, 0.6, 1
617, 617, 1, 31, 17, 0.5, 1
618, 618, 1, 31, 18, 0.6, 1
619, 619, 1, 31, 19, 0.7, 1
620, 620, 1, 31, 20, 0.9, 1
621, 621, 1, 32, 1, 6.2, 1
622, 622, 1, 32, 2, 6.0, 1
623, 623, 1, 32, 3, 5.9, 1
624, 624, 1, 32, 4, 5.7, 1
625, 625, 1, 32, 5, 5.4, 1
626, 626, 1, 32, 6, 5.1, 1
627, 627, 1, 32, 7, 4.7, 1
628, 628, 1, 32, 8, 4.2, 1
629, 629, 1, 32, 9, 3.5, 1
630, 630, 1, 32, 10, 2.8, 1
631, 631, 1, 32, 11, 2.1, 1
632, 632, 1, 32, 12, 1.4, 1
633, 633, 1, 32, 13, 1.0, 1
634, 634, 1, 32, 14, 0.7, 1
635, 635, 1, 32, 15, 0.5, 1
636, 636, 1, 32, 16, 0.5, 1
637, 637, 1, 32, 17, 0.4, 1
638, 638, 1, 32, 18, 0.5, 1
639, 639, 1, 32, 19, 0.6, 1
640, 640, 1, 32, 20, 0.8, 1
641, 641, 1, 33, 1, 6.0, 1
642, 642, 1, 33, 2, 5.8, 1
643, 643, 1, 33, 3, 5.7, 1
644, 644, 1, 33, 4, 5.4, 1
645, 645, 1, 33, 5, 5.1, 1
646, 646, 1, 33, 6, 4.8, 1
647, 647, 1, 33, 7, 4.4, 1
648, 648, 1, 33, 8, 3.9, 1
649, 649, 1, 33, 9, 3.2, 1
650, 650, 1, 33, 10, 2.5, 1
651, 651, 1, 33, 11, 1.7, 1
652, 652, 1, 33, 12, 1.0, 1
653, 653, 1, 33, 13, 0.6, 1
654, 654, 1, 33, 14, 0.5, 1
655, 655, 1, 33, 15, 0.4, 1
656, 656, 1, 33, 16, 0.3, 1
657, 657, 1, 33, 17, 0.4, 1
658, 658, 1, 33, 18, 0.5, 1
659, 659, 1, 33, 19, 0.6, 1
660, 660, 1, 33, 20, 0.7, 1
661, 661, 1, 34, 1, 5.8, 1
662, 662, 1, 34, 2, 5.6, 1
663, 663, 1, 34, 3, 5.4, 1
664, 664, 1, 34, 4, 5.2, 1
665, 665, 1, 34, 5, 4.9, 1
666, 666, 1, 34, 6, 4.6, 1
667, 667, 1, 34, 7, 4.2, 1
668, 668, 1, 34, 8, 3.7, 1
669, 669, 1, 34, 9, 3.0, 1
670, 670, 1, 34, 10, 2.2, 1
671, 671, 1, 34, 11, 1.4, 1
672, 672, 1, 34, 12, 0.5, 1
673, 673, 1, 34, 13, 0.3, 1
674, 674, 1, 34, 14, 0.3, 1
675, 675, 1, 34, 15, 0.2, 1
676, 676, 1, 34, 16, 0.2, 1
677, 677, 1, 34, 17, 0.3, 1
678, 678, 1, 34, 18, 0.4, 1
679, 679, 1, 34, 19, 0.6, 1
680, 680, 1, 34, 20, 0.7, 1
681, 681, 1, 35, 1, 5.6, 1
682, 682, 1, 35, 2, 5.5, 1
683, 683, 1, 35, 3, 5.3, 1
684, 684, 1, 35, 4, 5.0, 1
685, 685, 1, 35, 5, 4.7, 1
686, 686, 1, 35, 6, 4.4, 1
687, 687, 1, 35, 7, 4.0, 1
688, 688, 1, 35, 8, 3.5, 1
689, 689, 1, 35, 9, 3.0, 1
690, 690, 1, 35, 10, 2.1, 1
691, 691, 1, 35, 11, 1.2, 1
692, 692, 1, 35, 12, 0.5, 1
693, 693, 1, 35, 13, 0.2, 1
694, 694, 1, 35, 14, 0.2, 1
695, 695, 1, 35, 15, 0.2, 1
696, 696, 1, 35, 16, 0.2, 1
697, 697, 1, 35, 17, 0.3, 1
698, 698, 1, 35, 18, 0.4, 1
699, 699, 1, 35, 19, 0.6, 1
700, 700, 1, 35, 20, 0.7, 1
701, 701, 1, 36, 1, 5.5, 1
702, 702, 1, 36, 2, 5.3, 1
703, 703, 1, 36, 3, 5.1, 1
704, 704, 1, 36, 4, 4.9, 1
705, 705, 1, 36, 5, 4.6, 1
706, 706, 1, 36, 6, 4.2, 1
707, 707, 1, 36, 7, 3.8, 1
708, 708, 1, 36, 8, 3.4, 1
709, 709, 1, 36, 9, 2.8, 1
710, 710, 1, 36, 10, 2.0, 1
711, 711, 1, 36, 11, 1.2, 1
712, 712, 1, 36, 12, 0.5, 1
713, 713, 1, 36, 13, 0.2, 1
714, 714, 1, 36, 14, 0.1, 1
715, 715, 1, 36, 15, 0.1, 1
716, 716, 1, 36, 16, 0.2, 1
717, 717, 1, 36, 17, 0.3, 1
718, 718, 1, 36, 18, 0.4, 1
719, 719, 1, 36, 19, 0.6, 1
720, 720, 1, 36, 20, 0.7, 1
721, 721, 1, 37, 1, 5.3, 1
722, 722, 1, 37, 2, 5.2, 1
723, 723, 1, 37, 3, 4.9, 1
724, 724, 1, 37, 4, 4.7, 1
725, 725, 1, 37, 5, 4.4, 1
726, 726, 1, 37, 6, 4.1, 1
727, 727, 1, 37, 7, 3.7, 1
728, 728, 1, 37, 8, 3.2, 1
729, 729, 1, 37, 9, 2.7, 1
730, 730, 1, 37, 10, 1.9, 1
731, 731, 1, 37, 11, 1.2, 1
732, 732, 1, 37, 12, 0.6, 1
733, 733, 1, 37, 13, 0.3, 1
734, 734, 1, 37, 14, 0.2, 1
735, 735, 1, 37, 15, 0.2, 1
736, 736, 1, 37, 16, 0.2, 1
737, 737, 1, 37, 17, 0.3, 1
738, 738, 1, 37, 18, 0.4, 1
739, 739, 1, 37, 19, 0.6, 1
740, 740, 1, 37, 20, 0.8, 1
741, 741, 1, 38, 1, 5.2, 1
742, 742, 1, 38, 2, 5.0, 1
743, 743, 1, 38, 3, 4.8, 1
744, 744, 1, 38, 4, 4.6, 1
745, 745, 1, 38, 5, 4.3, 1
746, 746, 1, 38, 6, 4.0, 1
747, 747, 1, 38, 7, 3.7, 1
748, 748, 1, 38, 8, 3.2, 1
749, 749, 1, 38, 9, 2.7, 1
750, 750, 1, 38, 10, 2.0, 1
751, 751, 1, 38, 11, 1.3, 1
752, 752, 1, 38, 12, 0.7, 1
753, 753, 1, 38, 13, 0.4, 1
754, 754, 1, 38, 14, 0.3, 1
755, 755, 1, 38, 15, 0.3, 1
756, 756, 1, 38, 16, 0.3, 1
757, 757, 1, 38, 17, 0.4, 1
758, 758, 1, 38, 18, 0.5, 1
759, 759, 1, 38, 19, 0.7, 1
760, 760, 1, 38, 20, 0.9, 1
761, 761, 1, 39, 1, 5.1, 1
762, 762, 1, 39, 2, 4.9, 1
763, 763, 1, 39, 3, 4.7, 1
764, 764, 1, 39, 4, 4.5, 1
765, 765, 1, 39, 5, 4.2, 1
766, 766, 1, 39, 6, 4.0, 1
767, 767, 1, 39, 7, 3.6, 1
768, 768, 1, 39, 8, 3.3, 1
769, 769, 1, 39, 9, 2.8, 1
770, 770, 1, 39, 10, 2.0, 1
771, 771, 1, 39, 11, 1.3, 1
772, 772, 1, 39, 12, 0.7, 1
773, 773, 1, 39, 13, 0.4, 1
774, 774, 1, 39, 14, 0.3, 1
775, 775, 1, 39, 15, 0.4, 1
776, 776, 1, 39, 16, 0.4, 1
777, 777, 1, 39, 17, 0.5, 1
778, 778, 1, 39, 18, 0.6, 1
779, 779, 1, 39, 19, 0.8, 1
780, 780, 1, 39, 20, 1.0, 1
781, 781, 1, 40, 1, 5.0, 1
782, 782, 1, 40, 2, 4.8, 1
783, 783, 1, 40, 3, 4.6, 1
784, 784, 1, 40, 4, 4.4, 1
785, 785, 1, 40, 5, 4.1, 1
786, 786, 1, 40, 6, 3.9, 1
787, 787, 1, 40, 7, 3.6, 1
788, 788, 1, 40, 8, 3.3, 1
789, 789, 1, 40, 9, 3.0, 1
790, 790, 1, 40, 10, 2.1, 1
791, 791, 1, 40, 11, 1.3, 1
792, 792, 1, 40, 12, 0.5, 1
793, 793, 1, 40, 13, 0.5, 1
794, 794, 1, 40, 14, 0.5, 1
795, 795, 1, 40, 15, 0.5, 1
796, 796, 1, 40, 16, 0.6, 1
797, 797, 1, 40, 17, 0.7, 1
798, 798, 1, 40, 18, 0.8, 1
799, 799, 1, 40, 19, 1.0, 1
800, 800, 1, 40, 20, 1.1, 1
