45.50 45.56 45.65 45.76 45.88 45.99 46.10 46.21 46.31 46.41 46.51 46.61 46.71 46.82 46.93 47.05 47.16 47.26 47.34 47.40 47.44 47.46 47.46 47.44 47.41 47.35 47.28 47.18 47.07 46.94 46.80 46.65 46.49 46.33 46.16 45.99 45.83 45.66 45.49 45.33 45.17 45.02 44.88 44.76 44.66 44.57 44.49 44.42 44.36 44.33 44.31 44.32 44.35 44.40 44.47 44.55 44.65 44.77 44.89 45.03 45.16 45.30 45.44 45.60 45.76 45.94 46.13 46.32 46.53 46.74 46.97 47.21 47.47 47.75 48.04 48.32 48.59 48.84 49.06 49.26 49.44 49.59 49.73
45.58 45.64 45.73 45.84 45.96 46.07 46.17 46.27 46.37 46.47 46.56 46.66 46.76 46.87 46.99 47.10 47.21 47.31 47.39 47.45 47.49 47.51 47.51 47.49 47.45 47.39 47.31 47.21 47.09 46.95 46.81 46.65 46.49 46.32 46.16 45.99 45.83 45.66 45.50 45.34 45.18 45.04 44.91 44.80 44.70 44.61 44.53 44.47 44.43 44.41 44.41 44.43 44.47 44.53 44.61 44.70 44.81 44.93 45.06 45.19 45.33 45.47 45.61 45.77 45.94 46.12 46.31 46.51 46.72 46.94 47.18 47.42 47.68 47.96 48.25 48.54 48.80 49.05 49.26 49.45 49.61 49.76 49.90
45.65 45.72 45.81 45.92 46.03 46.13 46.23 46.33 46.42 46.52 46.61 46.71 46.81 46.92 47.04 47.16 47.27 47.36 47.44 47.50 47.54 47.55 47.55 47.53 47.48 47.42 47.33 47.23 47.10 46.96 46.81 46.65 46.49 46.32 46.16 45.99 45.83 45.67 45.51 45.35 45.20 45.07 44.95 44.84 44.75 44.66 44.60 44.55 44.52 44.51 44.52 44.55 44.61 44.68 44.76 44.86 44.97 45.10 45.23 45.37 45.51 45.65 45.80 45.96 46.13 46.31 46.51 46.71 46.93 47.15 47.39 47.64 47.91 48.18 48.47 48.75 49.01 49.24 49.45 49.63 49.79 49.93 50.07
45.73 45.79 45.88 45.98 46.08 46.18 46.28 46.37 46.46 46.56 46.65 46.75 46.85 46.97 47.09 47.20 47.31 47.40 47.48 47.54 47.57 47.58 47.58 47.55 47.50 47.44 47.35 47.24 47.11 46.97 46.82 46.66 46.49 46.33 46.16 46.00 45.84 45.68 45.52 45.38 45.24 45.11 45.00 44.90 44.81 44.74 44.68 44.64 44.62 44.63 44.65 44.70 44.76 44.84 44.93 45.04 45.16 45.29 45.42 45.56 45.69 45.84 45.99 46.15 46.33 46.51 46.71 46.92 47.14 47.37 47.61 47.87 48.13 48.41 48.69 48.96 49.21 49.43 49.63 49.80 49.96 50.10 50.24
45.80 45.86 45.94 46.04 46.13 46.23 46.32 46.41 46.50 46.59 46.68 46.78 46.89 47.01 47.13 47.24 47.35 47.44 47.51 47.56 47.59 47.60 47.59 47.56 47.51 47.44 47.35 47.24 47.12 46.98 46.83 46.67 46.50 46.34 46.17 46.01 45.85 45.70 45.55 45.41 45.28 45.17 45.06 44.97 44.89 44.83 44.78 44.75 44.75 44.77 44.80 44.86 44.93 45.02 45.11 45.23 45.35 45.49 45.62 45.76 45.89 46.04 46.19 46.36 46.54 46.73 46.93 47.14 47.36 47.60 47.84 48.10 48.36 48.63 48.90 49.16 49.40 49.62 49.80 49.97 50.12 50.27 50.40
45.87 45.93 46.01 46.10 46.18 46.27 46.35 46.44 46.53 46.62 46.71 46.81 46.93 47.05 47.17 47.28 47.38 47.46 47.53 47.57 47.60 47.61 47.59 47.56 47.51 47.44 47.35 47.24 47.12 46.98 46.84 46.68 46.52 46.36 46.19 46.03 45.88 45.73 45.59 45.45 45.33 45.23 45.14 45.06 44.99 44.94 44.90 44.89 44.90 44.93 44.97 45.04 45.12 45.21 45.31 45.43 45.56 45.69 45.83 45.96 46.10 46.25 46.41 46.57 46.75 46.95 47.15 47.37 47.59 47.83 48.08 48.33 48.59 48.86 49.12 49.37 49.59 49.79 49.97 50.14 50.29 50.43 50.56
45.96 46.01 46.08 46.16 46.23 46.31 46.39 46.47 46.56 46.65 46.74 46.85 46.97 47.09 47.21 47.31 47.40 47.48 47.54 47.58 47.60 47.61 47.59 47.56 47.50 47.43 47.35 47.24 47.12 46.99 46.85 46.70 46.54 46.38 46.22 46.07 45.91 45.77 45.63 45.50 45.40 45.30 45.22 45.15 45.10 45.07 45.05 45.05 45.07 45.10 45.16 45.23 45.31 45.41 45.52 45.64 45.77 45.91 46.04 46.18 46.32 46.47 46.63 46.80 46.98 47.18 47.39 47.60 47.83 48.07 48.32 48.57 48.83 49.08 49.33 49.56 49.78 49.97 50.14 50.30 50.45 50.58 50.72
46.06 46.10 46.16 46.23 46.29 46.36 46.43 46.51 46.59 46.68 46.78 46.89 47.01 47.13 47.24 47.34 47.43 47.50 47.55 47.59 47.60 47.60 47.58 47.55 47.50 47.43 47.34 47.24 47.13 47.00 46.87 46.72 46.57 46.42 46.27 46.11 45.96 45.82 45.68 45.57 45.47 45.39 45.32 45.27 45.23 45.21 45.21 45.23 45.26 45.30 45.36 45.44 45.53 45.63 45.74 45.86 46.00 46.13 46.26 46.40 46.54 46.69 46.86 47.03 47.22 47.42 47.63 47.85 48.08 48.31 48.56 48.81 49.05 49.30 49.53 49.75 49.96 50.14 50.31 50.46 50.60 50.74 50.87
46.17 46.21 46.25 46.30 46.36 46.42 46.48 46.56 46.64 46.73 46.83 46.95 47.07 47.18 47.29 47.38 47.45 47.52 47.56 47.59 47.61 47.60 47.58 47.54 47.49 47.43 47.35 47.25 47.14 47.02 46.89 46.76 46.61 46.46 46.31 46.16 46.01 45.88 45.76 45.65 45.57 45.50 45.44 45.41 45.39 45.38 45.39 45.42 45.46 45.52 45.58 45.66 45.75 45.86 45.97 46.10 46.23 46.36 46.49 46.63 46.77 46.93 47.09 47.27 47.46 47.66 47.87 48.09 48.32 48.55 48.79 49.04 49.27 49.51 49.73 49.94 50.13 50.30 50.46 50.61 50.75 50.88 51.00
46.29 46.32 46.35 46.39 46.43 46.48 46.55 46.63 46.71 46.80 46.90 47.02 47.13 47.24 47.34 47.42 47.49 47.54 47.58 47.60 47.61 47.61 47.58 47.55 47.50 47.43 47.36 47.27 47.17 47.05 46.93 46.80 46.66 46.51 46.37 46.22 46.08 45.96 45.85 45.75 45.68 45.62 45.58 45.56 45.56 45.57 45.59 45.63 45.68 45.74 45.81 45.90 45.99 46.10 46.22 46.35 46.48 46.60 46.73 46.87 47.01 47.17 47.34 47.51 47.70 47.90 48.11 48.33 48.56 48.79 49.02 49.26 49.48 49.71 49.92 50.11 50.29 50.46 50.61 50.75 50.88 51.01 51.13
46.43 46.45 46.47 46.49 46.52 46.57 46.63 46.71 46.79 46.88 46.98 47.09 47.20 47.31 47.40 47.47 47.53 47.57 47.61 47.62 47.63 47.62 47.60 47.56 47.51 47.45 47.38 47.29 47.20 47.09 46.97 46.84 46.71 46.57 46.43 46.30 46.17 46.06 45.96 45.88 45.82 45.77 45.74 45.73 45.74 45.77 45.80 45.85 45.91 45.98 46.05 46.14 46.24 46.35 46.47 46.60 46.73 46.85 46.98 47.12 47.26 47.42 47.59 47.77 47.96 48.15 48.36 48.58 48.80 49.02 49.25 49.47 49.68 49.89 50.09 50.27 50.44 50.60 50.75 50.88 51.01 51.13 51.25
46.58 46.59 46.60 46.61 46.64 46.68 46.74 46.81 46.89 46.98 47.08 47.18 47.28 47.38 47.46 47.52 47.57 47.61 47.64 47.65 47.65 47.64 47.62 47.58 47.54 47.48 47.41 47.32 47.23 47.13 47.02 46.90 46.77 46.64 46.51 46.39 46.28 46.18 46.09 46.02 45.97 45.94 45.92 45.93 45.95 45.98 46.03 46.08 46.14 46.22 46.30 46.39 46.50 46.61 46.74 46.86 46.98 47.11 47.24 47.38 47.52 47.68 47.85 48.02 48.21 48.41 48.61 48.82 49.03 49.25 49.46 49.67 49.88 50.07 50.26 50.43 50.59 50.74 50.88 51.01 51.13 51.25 51.37
46.75 46.75 46.75 46.76 46.78 46.81 46.87 46.93 47.01 47.09 47.18 47.27 47.37 47.46 47.53 47.59 47.63 47.66 47.68 47.69 47.69 47.68 47.65 47.61 47.57 47.51 47.44 47.36 47.28 47.18 47.07 46.96 46.84 46.72 46.60 46.50 46.40 46.32 46.24 46.19 46.14 46.12 46.12 46.13 46.16 46.20 46.25 46.32 46.39 46.46 46.55 46.65 46.76 46.88 47.00 47.12 47.24 47.37 47.50 47.64 47.79 47.95 48.11 48.29 48.47 48.66 48.86 49.06 49.27 49.48 49.68 49.88 50.07 50.25 50.42 50.58 50.74 50.88 51.01 51.14 51.26 51.37 51.49
46.94 46.93 46.93 46.93 46.94 46.98 47.02 47.08 47.14 47.22 47.29 47.38 47.46 47.54 47.61 47.66 47.70 47.72 47.74 47.74 47.74 47.72 47.69 47.65 47.61 47.55 47.48 47.41 47.33 47.24 47.14 47.03 46.93 46.82 46.72 46.62 46.54 46.47 46.41 46.36 46.33 46.32 46.32 46.34 46.38 46.43 46.49 46.55 46.63 46.71 46.81 46.91 47.03 47.15 47.27 47.39 47.51 47.63 47.77 47.91 48.06 48.22 48.39 48.56 48.74 48.93 49.12 49.31 49.51 49.70 49.89 50.08 50.25 50.42 50.58 50.74 50.88 51.01 51.14 51.26 51.38 51.49 51.60
47.15 47.14 47.12 47.12 47.13 47.16 47.20 47.24 47.30 47.36 47.42 47.49 47.56 47.63 47.69 47.74 47.77 47.79 47.80 47.80 47.79 47.77 47.75 47.71 47.66 47.61 47.55 47.48 47.40 47.31 47.22 47.12 47.03 46.93 46.85 46.77 46.70 46.63 46.58 46.55 46.53 46.53 46.54 46.57 46.61 46.66 46.72 46.79 46.87 46.97 47.07 47.18 47.29 47.41 47.53 47.65 47.77 47.90 48.03 48.18 48.33 48.49 48.66 48.83 49.01 49.19 49.37 49.56 49.74 49.92 50.10 50.28 50.44 50.60 50.75 50.89 51.02 51.15 51.27 51.38 51.50 51.61 51.72
47.36 47.34 47.33 47.33 47.34 47.36 47.39 47.43 47.47 47.52 47.57 47.62 47.68 47.74 47.80 47.84 47.87 47.88 47.88 47.88 47.86 47.84 47.81 47.78 47.73 47.68 47.62 47.56 47.48 47.40 47.31 47.23 47.14 47.06 46.99 46.92 46.86 46.81 46.77 46.74 46.73 46.74 46.76 46.79 46.84 46.89 46.96 47.03 47.12 47.22 47.33 47.44 47.56 47.67 47.79 47.91 48.03 48.16 48.30 48.45 48.60 48.76 48.93 49.10 49.28 49.45 49.62 49.80 49.97 50.15 50.31 50.47 50.63 50.78 50.91 51.04 51.17 51.28 51.40 51.50 51.61 51.72 51.83
47.57 47.56 47.55 47.54 47.55 47.56 47.58 47.61 47.65 47.68 47.72 47.76 47.81 47.86 47.91 47.95 47.97 47.98 47.98 47.97 47.95 47.93 47.90 47.86 47.82 47.77 47.71 47.65 47.57 47.50 47.42 47.34 47.27 47.20 47.13 47.07 47.02 46.98 46.96 46.94 46.94 46.95 46.98 47.02 47.07 47.13 47.20 47.28 47.37 47.47 47.58 47.70 47.81 47.93 48.04 48.16 48.29 48.42 48.57 48.71 48.87 49.03 49.20 49.36 49.53 49.70 49.87 50.04 50.20 50.36 50.52 50.67 50.81 50.95 51.07 51.19 51.31 51.41 51.52 51.62 51.72 51.83 51.93
47.78 47.77 47.76 47.76 47.76 47.77 47.79 47.81 47.83 47.86 47.89 47.92 47.95 48.00 48.04 48.07 48.09 48.09 48.09 48.07 48.05 48.03 48.00 47.96 47.92 47.87 47.81 47.74 47.67 47.61 47.54 47.47 47.40 47.34 47.28 47.23 47.19 47.16 47.14 47.14 47.15 47.17 47.20 47.24 47.30 47.36 47.43 47.52 47.61 47.72 47.83 47.94 48.06 48.17 48.29 48.41 48.54 48.68 48.82 48.97 49.13 49.29 49.46 49.62 49.78 49.94 50.10 50.26 50.41 50.56 50.71 50.85 50.98 51.11 51.22 51.33 51.44 51.53 51.63 51.72 51.82 51.92 52.03
47.99 47.98 47.98 47.98 47.98 47.98 47.99 48.00 48.02 48.04 48.06 48.08 48.11 48.14 48.18 48.21 48.23 48.22 48.21 48.19 48.17 48.15 48.11 48.07 48.02 47.97 47.91 47.85 47.79 47.72 47.66 47.59 47.53 47.47 47.42 47.38 47.35 47.33 47.33 47.33 47.35 47.38 47.42 47.47 47.52 47.59 47.67 47.75 47.85 47.96 48.07 48.18 48.29 48.41 48.53 48.66 48.79 48.93 49.08 49.23 49.39 49.55 49.71 49.87 50.02 50.17 50.32 50.47 50.62 50.75 50.89 51.02 51.14 51.26 51.36 51.46 51.55 51.64 51.73 51.82 51.91 52.01 52.11
48.18 48.18 48.18 48.19 48.19 48.19 48.19 48.20 48.21 48.22 48.23 48.25 48.27 48.29 48.33 48.35 48.37 48.37 48.36 48.33 48.31 48.27 48.23 48.18 48.13 48.07 48.02 47.96 47.90 47.84 47.78 47.72 47.66 47.60 47.56 47.53 47.51 47.50 47.51 47.52 47.55 47.59 47.63 47.69 47.75 47.82 47.90 47.99 48.09 48.19 48.30 48.41 48.52 48.64 48.76 48.89 49.03 49.17 49.32 49.47 49.63 49.79 49.95 50.10 50.25 50.39 50.54 50.67 50.80 50.93 51.06 51.18 51.29 51.39 51.49 51.58 51.66 51.74 51.82 51.90 51.99 52.09 52.19
48.37 48.37 48.39 48.39 48.39 48.38 48.38 48.39 48.39 48.40 48.41 48.42 48.43 48.46 48.48 48.51 48.53 48.53 48.51 48.48 48.44 48.39 48.34 48.29 48.24 48.18 48.13 48.07 48.02 47.96 47.90 47.84 47.78 47.73 47.70 47.67 47.66 47.67 47.68 47.71 47.75 47.79 47.85 47.91 47.97 48.04 48.13 48.22 48.31 48.41 48.51 48.62 48.73 48.85 48.98 49.11 49.25 49.40 49.55 49.71 49.87 50.02 50.18 50.32 50.47 50.60 50.73 50.86 50.98 51.10 51.22 51.33 51.43 51.52 51.60 51.68 51.75 51.83 51.90 51.98 52.06 52.15 52.25
48.54 48.56 48.57 48.59 48.59 48.58 48.57 48.57 48.57 48.58 48.59 48.59 48.61 48.62 48.65 48.67 48.68 48.68 48.65 48.61 48.57 48.51 48.46 48.41 48.35 48.30 48.24 48.19 48.13 48.07 48.02 47.96 47.91 47.86 47.83 47.82 47.82 47.83 47.86 47.90 47.95 48.00 48.06 48.12 48.19 48.26 48.34 48.43 48.52 48.61 48.71 48.82 48.94 49.06 49.19 49.33 49.47 49.62 49.77 49.93 50.09 50.24 50.39 50.53 50.67 50.79 50.91 51.03 51.14 51.25 51.36 51.46 51.55 51.63 51.70 51.77 51.84 51.90 51.97 52.04 52.12 52.21 52.31
48.70 48.73 48.75 48.77 48.77 48.77 48.76 48.75 48.75 48.76 48.76 48.77 48.78 48.79 48.80 48.82 48.82 48.82 48.79 48.74 48.69 48.63 48.58 48.52 48.47 48.41 48.36 48.30 48.24 48.19 48.13 48.08 48.03 47.99 47.97 47.97 47.98 48.01 48.05 48.09 48.15 48.21 48.27 48.33 48.40 48.47 48.55 48.63 48.71 48.80 48.90 49.01 49.13 49.26 49.39 49.53 49.67 49.83 49.98 50.14 50.29 50.44 50.58 50.72 50.85 50.97 51.08 51.19 51.29 51.39 51.49 51.57 51.65 51.73 51.79 51.85 51.91 51.97 52.03 52.10 52.17 52.26 52.36
48.86 48.89 48.92 48.94 48.95 48.95 48.94 48.93 48.93 48.93 48.93 48.94 48.94 48.95 48.95 48.95 48.95 48.94 48.91 48.86 48.81 48.75 48.69 48.63 48.58 48.52 48.46 48.41 48.35 48.30 48.24 48.19 48.15 48.13 48.12 48.13 48.16 48.19 48.23 48.29 48.34 48.40 48.47 48.53 48.59 48.66 48.73 48.81 48.89 48.98 49.08 49.19 49.31 49.44 49.58 49.72 49.87 50.02 50.18 50.33 50.48 50.63 50.76 50.89 51.01 51.12 51.22 51.32 51.42 51.51 51.59 51.67 51.74 51.80 51.86 51.91 51.96 52.02 52.07 52.14 52.21 52.30 52.40
49.01 49.05 49.08 49.10 49.12 49.13 49.12 49.11 49.10 49.10 49.10 49.10 49.10 49.09 49.09 49.08 49.07 49.05 49.02 48.98 48.92 48.86 48.80 48.74 48.68 48.62 48.57 48.51 48.46 48.40 48.36 48.32 48.29 48.28 48.28 48.30 48.33 48.37 48.42 48.47 48.53 48.59 48.65 48.70 48.77 48.83 48.89 48.97 49.05 49.14 49.25 49.36 49.48 49.61 49.75 49.90 50.05 50.20 50.35 50.51 50.65 50.79 50.92 51.04 51.15 51.26 51.35 51.44 51.52 51.60 51.68 51.75 51.81 51.86 51.91 51.96 52.00 52.05 52.10 52.17 52.24 52.32 52.42
49.14 49.18 49.22 49.25 49.27 49.28 49.28 49.28 49.27 49.26 49.26 49.26 49.25 49.24 49.22 49.20 49.18 49.15 49.12 49.08 49.03 48.97 48.91 48.84 48.78 48.73 48.67 48.62 48.57 48.52 48.49 48.46 48.44 48.44 48.45 48.48 48.51 48.55 48.60 48.64 48.69 48.75 48.80 48.86 48.92 48.98 49.04 49.12 49.20 49.29 49.40 49.52 49.64 49.78 49.92 50.07 50.22 50.37 50.52 50.66 50.81 50.94 51.06 51.18 51.28 51.37 51.46 51.54 51.61 51.68 51.75 51.80 51.86 51.90 51.94 51.98 52.02 52.07 52.12 52.18 52.25 52.33 52.43
49.26 49.30 49.34 49.37 49.40 49.42 49.43 49.43 49.42 49.41 49.41 49.41 49.40 49.38 49.36 49.33 49.30 49.26 49.23 49.18 49.13 49.08 49.01 48.95 48.89 48.83 48.78 48.73 48.69 48.65 48.62 48.61 48.60 48.60 48.61 48.64 48.67 48.71 48.75 48.79 48.83 48.88 48.93 48.99 49.05 49.11 49.18 49.25 49.34 49.44 49.54 49.66 49.79 49.93 50.07 50.22 50.37 50.52 50.66 50.81 50.94 51.07 51.19 51.30 51.39 51.48 51.55 51.62 51.68 51.74 51.79 51.84 51.89 51.92 51.96 51.99 52.03 52.07 52.12 52.18 52.25 52.33 52.43
49.36 49.40 49.45 49.48 49.52 49.54 49.56 49.56 49.56 49.56 49.55 49.55 49.54 49.52 49.49 49.45 49.41 49.37 49.32 49.28 49.23 49.18 49.12 49.06 49.00 48.94 48.89 48.85 48.82 48.79 48.76 48.75 48.74 48.75 48.76 48.79 48.81 48.84 48.87 48.91 48.94 48.99 49.04 49.10 49.16 49.23 49.30 49.38 49.47 49.57 49.68 49.80 49.93 50.07 50.21 50.36 50.51 50.65 50.79 50.93 51.06 51.18 51.29 51.40 51.48 51.56 51.63 51.68 51.73 51.78 51.82 51.86 51.90 51.93 51.96 51.99 52.02 52.06 52.11 52.17 52.23 52.31 52.41
49.44 49.49 49.54 49.58 49.61 49.64 49.67 49.68 49.69 49.69 49.68 49.67 49.66 49.64 49.61 49.56 49.51 49.46 49.41 49.36 49.31 49.26 49.21 49.15 49.10 49.05 49.00 48.97 48.94 48.91 48.89 48.88 48.87 48.88 48.89 48.90 48.92 48.94 48.97 49.00 49.04 49.08 49.14 49.20 49.26 49.34 49.41 49.50 49.59 49.69 49.81 49.93 50.06 50.20 50.34 50.48 50.62 50.76 50.90 51.03 51.16 51.28 51.38 51.48 51.56 51.63 51.69 51.73 51.77 51.80 51.84 51.87 51.90 51.92 51.95 51.97 52.01 52.04 52.09 52.14 52.21 52.29 52.38
49.51 49.56 49.61 49.66 49.70 49.73 49.76 49.78 49.79 49.79 49.79 49.78 49.76 49.73 49.70 49.65 49.60 49.53 49.47 49.42 49.37 49.32 49.27 49.23 49.18 49.14 49.10 49.07 49.04 49.02 49.00 48.99 48.98 48.98 48.98 48.99 49.01 49.02 49.05 49.08 49.12 49.17 49.22 49.29 49.36 49.43 49.52 49.60 49.70 49.81 49.92 50.05 50.18 50.31 50.45 50.59 50.73 50.86 50.99 51.12 51.24 51.36 51.46 51.55 51.62 51.69 51.73 51.77 51.79 51.82 51.84 51.86 51.88 51.90 51.92 51.95 51.98 52.01 52.05 52.11 52.17 52.25 52.35
49.56 49.62 49.67 49.72 49.76 49.80 49.83 49.85 49.87 49.87 49.87 49.86 49.84 49.81 49.77 49.72 49.66 49.59 49.52 49.46 49.40 49.36 49.32 49.28 49.25 49.22 49.18 49.15 49.13 49.11 49.09 49.07 49.06 49.06 49.05 49.06 49.07 49.09 49.12 49.15 49.19 49.24 49.30 49.37 49.44 49.53 49.61 49.71 49.81 49.91 50.03 50.15 50.28 50.41 50.54 50.68 50.81 50.94 51.07 51.19 51.31 51.42 51.52 51.60 51.67 51.73 51.76 51.79 51.80 51.82 51.83 51.84 51.86 51.87 51.89 51.91 51.94 51.97 52.01 52.07 52.13 52.21 52.31
49.60 49.66 49.72 49.77 49.81 49.85 49.89 49.91 49.93 49.93 49.93 49.92 49.89 49.86 49.81 49.76 49.69 49.62 49.55 49.48 49.43 49.38 49.35 49.32 49.30 49.27 49.25 49.22 49.20 49.17 49.16 49.14 49.12 49.11 49.11 49.11 49.13 49.15 49.17 49.21 49.26 49.31 49.37 49.45 49.53 49.61 49.70 49.80 49.90 50.01 50.13 50.24 50.37 50.50 50.63 50.76 50.88 51.01 51.13 51.25 51.37 51.47 51.56 51.64 51.71 51.75 51.78 51.80 51.80 51.81 51.81 51.82 51.82 51.84 51.85 51.87 51.89 51.92 51.97 52.02 52.09 52.17 52.27
49.62 49.69 49.75 49.80 49.85 49.89 49.93 49.95 49.97 49.97 49.97 49.95 49.93 49.89 49.84 49.78 49.71 49.64 49.57 49.50 49.45 49.40 49.37 49.34 49.33 49.31 49.29 49.27 49.25 49.23 49.21 49.19 49.17 49.16 49.16 49.16 49.18 49.20 49.23 49.27 49.32 49.38 49.45 49.52 49.61 49.70 49.79 49.89 49.99 50.10 50.21 50.33 50.45 50.57 50.70 50.82 50.95 51.07 51.19 51.30 51.41 51.51 51.60 51.67 51.73 51.77 51.79 51.80 51.80 51.79 51.78 51.78 51.79 51.79 51.81 51.82 51.84 51.87 51.92 51.97 52.05 52.13 52.23
49.63 49.70 49.77 49.83 49.88 49.92 49.96 49.98 49.99 49.99 49.99 49.97 49.94 49.90 49.86 49.80 49.73 49.65 49.58 49.52 49.46 49.42 49.38 49.36 49.34 49.33 49.32 49.30 49.29 49.27 49.25 49.23 49.22 49.21 49.21 49.22 49.23 49.26 49.30 49.34 49.39 49.46 49.52 49.60 49.69 49.78 49.88 49.98 50.08 50.18 50.29 50.40 50.52 50.64 50.76 50.88 51.00 51.12 51.23 51.34 51.44 51.54 51.62 51.69 51.74 51.77 51.79 51.79 51.78 51.77 51.76 51.75 51.74 51.75 51.76 51.77 51.79 51.83 51.87 51.93 52.01 52.10 52.20
49.64 49.71 49.78 49.85 49.90 49.94 49.98 50.00 50.01 50.01 50.00 49.98 49.95 49.92 49.87 49.81 49.74 49.67 49.60 49.54 49.48 49.44 49.40 49.37 49.35 49.34 49.33 49.32 49.32 49.30 49.29 49.28 49.27 49.26 49.26 49.27 49.29 49.32 49.36 49.41 49.47 49.54 49.61 49.68 49.77 49.86 49.96 50.06 50.16 50.26 50.37 50.47 50.59 50.70 50.82 50.93 51.04 51.16 51.26 51.37 51.46 51.55 51.63 51.69 51.74 51.77 51.78 51.78 51.76 51.74 51.72 51.71 51.70 51.70 51.71 51.72 51.74 51.78 51.83 51.90 51.98 52.07 52.16
49.65 49.73 49.80 49.86 49.92 49.96 49.99 50.01 50.02 50.02 50.01 49.99 49.96 49.93 49.88 49.83 49.76 49.69 49.63 49.56 49.51 49.46 49.42 49.39 49.37 49.36 49.35 49.34 49.34 49.33 49.33 49.32 49.32 49.32 49.32 49.34 49.36 49.40 49.44 49.49 49.55 49.62 49.69 49.77 49.85 49.94 50.04 50.14 50.23 50.33 50.44 50.54 50.65 50.76 50.87 50.98 51.08 51.19 51.29 51.39 51.47 51.55 51.63 51.68 51.73 51.75 51.76 51.76 51.74 51.71 51.69 51.66 51.65 51.65 51.66 51.67 51.70 51.74 51.80 51.87 51.95 52.04 52.14
49.67 49.74 49.81 49.87 49.93 49.97 50.01 50.03 50.04 50.04 50.03 50.01 49.98 49.94 49.90 49.84 49.78 49.71 49.65 49.59 49.53 49.48 49.44 49.41 49.39 49.38 49.37 49.36 49.36 49.36 49.37 49.37 49.37 49.38 49.39 49.42 49.44 49.48 49.53 49.58 49.64 49.71 49.78 49.86 49.94 50.03 50.12 50.21 50.31 50.40 50.50 50.60 50.71 50.81 50.91 51.02 51.11 51.21 51.30 51.39 51.47 51.55 51.61 51.67 51.71 51.73 51.74 51.73 51.71 51.68 51.65 51.62 51.60 51.60 51.61 51.63 51.66 51.71 51.77 51.85 51.93 52.02 52.11
49.68 49.75 49.82 49.89 49.94 49.99 50.02 50.04 50.05 50.05 50.04 50.02 49.99 49.96 49.91 49.86 49.80 49.73 49.67 49.61 49.56 49.51 49.47 49.44 49.42 49.41 49.40 49.39 49.39 49.40 49.41 49.42 49.43 49.45 49.47 49.50 49.53 49.57 49.62 49.68 49.74 49.80 49.87 49.94 50.02 50.11 50.20 50.29 50.38 50.47 50.57 50.66 50.76 50.86 50.95 51.04 51.13 51.22 51.30 51.38 51.46 51.53 51.59 51.64 51.68 51.70 51.70 51.69 51.67 51.64 51.60 51.57 51.56 51.55 51.57 51.60 51.64 51.69 51.76 51.83 51.91 52.00 52.09
49.68 49.76 49.83 49.89 49.95 49.99 50.03 50.05 50.06 50.06 50.05 50.03 50.00 49.97 49.92 49.87 49.81 49.75 49.69 49.64 49.59 49.54 49.51 49.48 49.46 49.44 49.44 49.43 49.44 49.44 49.45 49.47 49.49 49.52 49.55 49.58 49.62 49.67 49.72 49.77 49.83 49.90 49.96 50.03 50.11 50.19 50.28 50.36 50.45 50.54 50.63 50.72 50.80 50.89 50.98 51.06 51.14 51.22 51.29 51.37 51.43 51.49 51.55 51.60 51.63 51.65 51.66 51.65 51.62 51.59 51.56 51.53 51.52 51.52 51.54 51.57 51.62 51.68 51.75 51.82 51.90 51.98 52.07
49.68 49.76 49.83 49.89 49.95 49.99 50.03 50.05 50.07 50.07 50.06 50.04 50.01 49.98 49.94 49.89 49.83 49.77 49.71 49.66 49.61 49.57 49.54 49.52 49.50 49.49 49.48 49.48 49.49 49.50 49.51 49.53 49.56 49.59 49.63 49.66 49.71 49.76 49.81 49.86 49.92 49.99 50.05 50.12 50.19 50.27 50.35 50.43 50.52 50.60 50.68 50.76 50.84 50.92 50.99 51.07 51.14 51.21 51.27 51.34 51.40 51.45 51.50 51.55 51.58 51.60 51.60 51.59 51.57 51.55 51.52 51.49 51.48 51.49 51.52 51.56 51.61 51.68 51.75 51.82 51.89 51.97 52.05
49.67 49.75 49.82 49.88 49.94 49.98 50.02 50.05 50.06 50.06 50.05 50.04 50.01 49.98 49.94 49.90 49.85 49.79 49.73 49.68 49.63 49.59 49.56 49.55 49.53 49.53 49.53 49.53 49.55 49.56 49.58 49.61 49.64 49.67 49.71 49.75 49.79 49.84 49.89 49.95 50.01 50.07 50.13 50.20 50.27 50.34 50.41 50.49 50.57 50.64 50.72 50.79 50.86 50.93 51.00 51.06 51.13 51.19 51.25 51.31 51.36 51.41 51.45 51.49 51.52 51.54 51.55 51.54 51.53 51.51 51.48 51.47 51.47 51.48 51.51 51.56 51.61 51.68 51.75 51.82 51.89 51.96 52.04
49.66 49.73 49.80 49.86 49.92 49.97 50.01 50.03 50.05 50.05 50.05 50.03 50.01 49.98 49.95 49.91 49.86 49.80 49.75 49.70 49.65 49.62 49.59 49.57 49.57 49.57 49.57 49.59 49.60 49.63 49.66 49.69 49.72 49.76 49.79 49.83 49.88 49.92 49.97 50.03 50.08 50.14 50.20 50.26 50.32 50.39 50.46 50.53 50.60 50.67 50.74 50.80 50.87 50.93 50.99 51.05 51.11 51.17 51.22 51.27 51.32 51.37 51.41 51.44 51.47 51.49 51.50 51.50 51.49 51.48 51.47 51.46 51.47 51.49 51.52 51.57 51.62 51.69 51.75 51.82 51.88 51.95 52.03
49.63 49.71 49.78 49.84 49.90 49.95 49.99 50.01 50.03 50.03 50.03 50.02 50.00 49.98 49.95 49.91 49.86 49.81 49.77 49.72 49.68 49.64 49.62 49.61 49.60 49.61 49.62 49.64 49.67 49.69 49.73 49.76 49.80 49.84 49.87 49.91 49.95 50.00 50.04 50.09 50.14 50.20 50.25 50.31 50.37 50.43 50.49 50.56 50.63 50.69 50.75 50.81 50.87 50.93 50.99 51.04 51.10 51.15 51.20 51.25 51.29 51.33 51.37 51.40 51.43 51.45 51.46 51.47 51.47 51.47 51.46 51.47 51.48 51.51 51.54 51.59 51.64 51.70 51.76 51.82 51.88 51.95 52.02
49.61 49.69 49.76 49.82 49.88 49.92 49.96 49.99 50.00 50.01 50.01 50.00 49.99 49.97 49.94 49.91 49.87 49.82 49.78 49.74 49.71 49.68 49.67 49.66 49.66 49.67 49.68 49.71 49.73 49.77 49.80 49.84 49.87 49.91 49.95 49.98 50.02 50.06 50.10 50.15 50.19 50.24 50.29 50.35 50.40 50.46 50.52 50.58 50.64 50.70 50.76 50.82 50.87 50.93 50.98 51.04 51.09 51.14 51.18 51.23 51.27 51.31 51.34 51.37 51.40 51.42 51.44 51.45 51.46 51.47 51.48 51.49 51.51 51.54 51.57 51.61 51.66 51.71 51.77 51.83 51.89 51.95 52.01
49.59 49.66 49.73 49.80 49.85 49.90 49.93 49.96 49.97 49.98 49.98 49.98 49.97 49.95 49.93 49.90 49.87 49.83 49.80 49.77 49.75 49.73 49.73 49.73 49.73 49.75 49.77 49.79 49.82 49.85 49.88 49.91 49.95 49.98 50.01 50.05 50.08 50.11 50.15 50.19 50.24 50.28 50.33 50.38 50.43 50.49 50.54 50.61 50.66 50.72 50.78 50.83 50.88 50.94 50.99 51.04 51.09 51.13 51.18 51.22 51.26 51.29 51.33 51.36 51.38 51.41 51.43 51.45 51.47 51.49 51.51 51.53 51.55 51.58 51.61 51.64 51.69 51.73 51.78 51.84 51.89 51.95 52.01
49.57 49.64 49.71 49.77 49.82 49.86 49.90 49.92 49.93 49.94 49.95 49.94 49.94 49.93 49.91 49.89 49.87 49.84 49.82 49.81 49.80 49.80 49.81 49.82 49.83 49.85 49.87 49.89 49.91 49.94 49.97 49.99 50.02 50.05 50.08 50.11 50.14 50.17 50.20 50.24 50.29 50.33 50.38 50.43 50.47 50.53 50.58 50.64 50.70 50.75 50.80 50.86 50.91 50.96 51.01 51.05 51.10 51.14 51.18 51.22 51.26 51.29 51.33 51.36 51.39 51.42 51.44 51.47 51.50 51.52 51.55 51.57 51.60 51.62 51.65 51.68 51.71 51.76 51.80 51.85 51.90 51.96 52.02
49.55 49.62 49.68 49.74 49.79 49.83 49.85 49.87 49.89 49.90 49.90 49.90 49.90 49.90 49.89 49.88 49.88 49.87 49.86 49.87 49.87 49.89 49.90 49.92 49.95 49.97 49.99 50.01 50.03 50.05 50.07 50.08 50.11 50.13 50.15 50.18 50.20 50.24 50.27 50.31 50.35 50.39 50.44 50.48 50.53 50.58 50.64 50.69 50.75 50.80 50.85 50.90 50.95 50.99 51.04 51.08 51.13 51.17 51.21 51.24 51.28 51.31 51.34 51.38 51.41 51.44 51.48 51.51 51.54 51.57 51.59 51.62 51.64 51.66 51.69 51.71 51.75 51.78 51.82 51.87 51.92 51.97 52.03
49.53 49.60 49.66 49.71 49.75 49.78 49.81 49.82 49.84 49.85 49.85 49.86 49.86 49.87 49.88 49.88 49.89 49.90 49.92 49.94 49.96 49.99 50.02 50.04 50.07 50.09 50.11 50.13 50.15 50.16 50.17 50.18 50.20 50.22 50.24 50.26 50.29 50.32 50.35 50.39 50.43 50.47 50.52 50.56 50.60 50.65 50.71 50.76 50.82 50.86 50.91 50.96 51.00 51.05 51.09 51.13 51.17 51.21 51.25 51.28 51.32 51.35 51.38 51.42 51.45 51.48 51.52 51.55 51.58 51.61 51.64 51.66 51.68 51.70 51.73 51.75 51.78 51.81 51.85 51.89 51.94 51.99 52.04
49.51 49.57 49.62 49.67 49.71 49.73 49.75 49.77 49.78 49.79 49.80 49.82 49.83 49.85 49.87 49.89 49.92 49.95 49.98 50.02 50.06 50.10 50.14 50.17 50.20 50.22 50.24 50.26 50.27 50.28 50.29 50.30 50.31 50.33 50.35 50.37 50.40 50.43 50.46 50.49 50.53 50.57 50.61 50.65 50.70 50.74 50.80 50.85 50.90 50.95 50.99 51.04 51.08 51.12 51.17 51.20 51.24 51.28 51.31 51.34 51.37 51.41 51.44 51.47 51.50 51.54 51.57 51.60 51.63 51.66 51.68 51.71 51.73 51.75 51.77 51.79 51.82 51.85 51.88 51.92 51.97 52.01 52.06
49.48 49.54 49.59 49.63 49.66 49.68 49.70 49.72 49.73 49.74 49.76 49.78 49.80 49.83 49.87 49.91 49.96 50.01 50.06 50.12 50.17 50.21 50.26 50.29 50.32 50.35 50.37 50.38 50.39 50.40 50.41 50.42 50.43 50.45 50.47 50.49 50.52 50.55 50.58 50.62 50.65 50.69 50.73 50.77 50.81 50.86 50.91 50.96 51.01 51.05 51.10 51.14 51.18 51.22 51.26 51.30 51.33 51.36 51.39 51.42 51.45 51.48 51.51 51.53 51.56 51.59 51.62 51.65 51.68 51.70 51.73 51.75 51.77 51.79 51.81 51.83 51.85 51.88 51.91 51.95 51.99 52.04 52.09
49.45 49.50 49.55 49.58 49.61 49.63 49.65 49.67 49.69 49.70 49.73 49.75 49.79 49.83 49.89 49.94 50.01 50.07 50.14 50.21 50.27 50.32 50.37 50.41 50.44 50.47 50.48 50.50 50.51 50.52 50.54 50.55 50.57 50.59 50.61 50.63 50.66 50.69 50.72 50.75 50.79 50.83 50.86 50.90 50.94 50.99 51.04 51.09 51.13 51.18 51.22 51.26 51.30 51.34 51.37 51.41 51.43 51.46 51.49 51.51 51.53 51.56 51.58 51.60 51.63 51.65 51.68 51.70 51.72 51.75 51.77 51.79 51.81 51.83 51.84 51.87 51.89 51.92 51.95 51.99 52.03 52.07 52.12
49.42 49.47 49.51 49.54 49.57 49.59 49.61 49.63 49.65 49.68 49.71 49.75 49.80 49.85 49.92 49.99 50.07 50.14 50.22 50.29 50.36 50.42 50.47 50.51 50.54 50.57 50.59 50.61 50.63 50.65 50.67 50.69 50.71 50.73 50.75 50.78 50.81 50.84 50.87 50.91 50.94 50.98 51.02 51.05 51.09 51.13 51.18 51.23 51.27 51.31 51.35 51.39 51.43 51.47 51.50 51.53 51.55 51.57 51.59 51.61 51.62 51.64 51.66 51.68 51.69 51.71 51.73 51.75 51.77 51.79 51.81 51.83 51.85 51.86 51.88 51.90 51.93 51.95 51.98 52.02 52.06 52.10 52.15
49.39 49.43 49.47 49.50 49.53 49.56 49.58 49.61 49.64 49.67 49.71 49.76 49.82 49.89 49.97 50.05 50.13 50.22 50.30 50.37 50.44 50.50 50.55 50.60 50.63 50.66 50.69 50.71 50.74 50.77 50.79 50.82 50.85 50.87 50.90 50.93 50.96 51.00 51.03 51.07 51.10 51.14 51.18 51.21 51.25 51.29 51.34 51.38 51.43 51.47 51.50 51.54 51.57 51.61 51.63 51.65 51.67 51.69 51.70 51.71 51.72 51.73 51.74 51.75 51.76 51.78 51.79 51.80 51.82 51.83 51.85 51.87 51.88 51.90 51.92 51.94 51.96 51.99 52.02 52.05 52.09 52.14 52.19
49.37 49.40 49.44 49.48 49.51 49.54 49.57 49.61 49.64 49.68 49.74 49.80 49.87 49.95 50.04 50.12 50.21 50.29 50.37 50.45 50.51 50.57 50.62 50.67 50.70 50.74 50.77 50.81 50.84 50.87 50.91 50.94 50.98 51.01 51.05 51.08 51.12 51.16 51.19 51.23 51.27 51.30 51.34 51.37 51.41 51.46 51.50 51.54 51.58 51.62 51.66 51.69 51.72 51.75 51.77 51.78 51.79 51.80 51.81 51.81 51.81 51.82 51.82 51.83 51.83 51.84 51.85 51.86 51.87 51.88 51.89 51.90 51.92 51.93 51.95 51.97 51.99 52.02 52.05 52.08 52.12 52.17 52.22
49.35 49.39 49.43 49.47 49.51 49.54 49.58 49.62 49.66 49.71 49.78 49.85 49.93 50.02 50.11 50.20 50.29 50.37 50.44 50.51 50.58 50.63 50.68 50.72 50.77 50.81 50.85 50.89 50.93 50.97 51.02 51.06 51.10 51.14 51.18 51.22 51.27 51.31 51.35 51.39 51.43 51.46 51.50 51.53 51.57 51.62 51.66 51.70 51.74 51.77 51.81 51.84 51.86 51.89 51.90 51.91 51.92 51.92 51.92 51.92 51.91 51.91 51.91 51.91 51.91 51.91 51.91 51.91 51.92 51.93 51.94 51.94 51.96 51.97 51.98 52.00 52.02 52.05 52.08 52.11 52.15 52.20 52.24
49.36 49.39 49.43 49.48 49.52 49.56 49.60 49.65 49.70 49.76 49.83 49.91 50.00 50.10 50.19 50.28 50.37 50.44 50.51 50.58 50.64 50.69 50.74 50.78 50.83 50.87 50.92 50.97 51.02 51.07 51.12 51.17 51.22 51.26 51.31 51.36 51.41 51.45 51.50 51.54 51.58 51.61 51.65 51.68 51.72 51.77 51.81 51.85 51.89 51.92 51.95 51.98 52.01 52.02 52.03 52.04 52.04 52.03 52.03 52.02 52.01 52.01 52.00 51.99 51.98 51.98 51.98 51.97 51.97 51.98 51.98 51.99 51.99 52.01 52.02 52.03 52.05 52.08 52.11 52.14 52.18 52.22 52.26
49.38 49.42 49.46 49.50 49.55 49.59 49.64 49.69 49.75 49.82 49.90 49.99 50.08 50.18 50.28 50.37 50.45 50.52 50.59 50.64 50.69 50.74 50.79 50.84 50.89 50.94 50.99 51.05 51.10 51.16 51.22 51.27 51.33 51.38 51.44 51.49 51.54 51.59 51.63 51.68 51.72 51.76 51.79 51.83 51.87 51.91 51.95 51.99 52.03 52.06 52.09 52.12 52.14 52.15 52.16 52.16 52.16 52.15 52.14 52.13 52.12 52.10 52.09 52.08 52.07 52.05 52.05 52.04 52.03 52.03 52.03 52.03 52.03 52.04 52.05 52.07 52.08 52.11 52.13 52.16 52.20 52.23 52.28
49.44 49.47 49.50 49.54 49.59 49.63 49.68 49.74 49.80 49.88 49.97 50.06 50.17 50.27 50.37 50.45 50.53 50.60 50.65 50.70 50.75 50.80 50.85 50.90 50.95 51.01 51.07 51.13 51.19 51.25 51.31 51.37 51.44 51.50 51.56 51.61 51.67 51.72 51.77 51.81 51.85 51.89 51.93 51.96 52.01 52.05 52.09 52.13 52.16 52.19 52.22 52.25 52.27 52.28 52.28 52.28 52.27 52.26 52.25 52.23 52.22 52.20 52.18 52.17 52.15 52.13 52.12 52.10 52.09 52.08 52.08 52.08 52.08 52.08 52.09 52.10 52.11 52.13 52.15 52.18 52.21 52.25 52.28
49.51 49.53 49.56 49.60 49.64 49.68 49.73 49.79 49.86 49.94 50.04 50.15 50.25 50.36 50.46 50.54 50.61 50.67 50.72 50.76 50.81 50.85 50.90 50.96 51.02 51.08 51.14 51.21 51.27 51.34 51.41 51.48 51.54 51.61 51.67 51.73 51.79 51.84 51.89 51.94 51.98 52.02 52.05 52.09 52.14 52.18 52.22 52.25 52.29 52.32 52.35 52.37 52.39 52.40 52.40 52.40 52.39 52.37 52.36 52.34 52.32 52.30 52.28 52.26 52.23 52.21 52.19 52.17 52.15 52.14 52.13 52.12 52.12 52.12 52.12 52.13 52.14 52.16 52.17 52.20 52.22 52.25 52.29
49.60 49.61 49.63 49.65 49.69 49.73 49.78 49.84 49.92 50.01 50.12 50.23 50.34 50.45 50.55 50.63 50.69 50.75 50.79 50.82 50.86 50.91 50.96 51.02 51.08 51.15 51.22 51.29 51.36 51.43 51.50 51.58 51.65 51.72 51.78 51.85 51.91 51.96 52.01 52.06 52.10 52.14 52.18 52.22 52.26 52.30 52.34 52.38 52.41 52.44 52.47 52.49 52.51 52.51 52.51 52.50 52.49 52.48 52.46 52.44 52.42 52.39 52.37 52.34 52.32 52.29 52.27 52.24 52.22 52.20 52.18 52.17 52.16 52.16 52.16 52.16 52.17 52.18 52.19 52.21 52.23 52.26 52.30
49.71 49.70 49.70 49.71 49.74 49.78 49.83 49.90 49.98 50.09 50.20 50.32 50.44 50.54 50.64 50.71 50.77 50.82 50.85 50.89 50.93 50.97 51.03 51.09 51.15 51.22 51.29 51.37 51.44 51.52 51.60 51.67 51.75 51.82 51.89 51.95 52.01 52.07 52.12 52.17 52.21 52.26 52.30 52.34 52.39 52.43 52.46 52.50 52.53 52.56 52.59 52.61 52.62 52.62 52.62 52.61 52.59 52.58 52.56 52.53 52.51 52.48 52.46 52.43 52.40 52.37 52.34 52.31 52.28 52.26 52.23 52.22 52.20 52.19 52.19 52.19 52.19 52.20 52.21 52.22 52.24 52.27 52.31
49.82 49.80 49.78 49.78 49.79 49.82 49.88 49.96 50.06 50.17 50.29 50.41 50.53 50.64 50.73 50.80 50.85 50.89 50.92 50.95 50.99 51.04 51.09 51.16 51.22 51.30 51.37 51.45 51.53 51.60 51.68 51.76 51.84 51.91 51.98 52.05 52.11 52.17 52.23 52.28 52.33 52.37 52.42 52.46 52.51 52.55 52.58 52.62 52.65 52.68 52.70 52.72 52.73 52.73 52.72 52.71 52.69 52.67 52.65 52.62 52.60 52.57 52.54 52.51 52.47 52.44 52.41 52.37 52.34 52.31 52.29 52.26 52.24 52.23 52.22 52.21 52.21 52.22 52.22 52.24 52.26 52.28 52.32
49.94 49.90 49.86 49.85 49.85 49.88 49.94 50.03 50.14 50.26 50.39 50.51 50.63 50.73 50.82 50.88 50.93 50.96 50.99 51.03 51.07 51.11 51.17 51.23 51.30 51.37 51.45 51.53 51.61 51.69 51.77 51.85 51.93 52.00 52.07 52.14 52.21 52.27 52.33 52.38 52.43 52.48 52.53 52.58 52.62 52.66 52.70 52.73 52.76 52.79 52.81 52.82 52.83 52.83 52.82 52.80 52.79 52.76 52.74 52.71 52.68 52.65 52.62 52.58 52.54 52.51 52.47 52.44 52.40 52.37 52.34 52.31 52.28 52.26 52.25 52.24 52.23 52.23 52.24 52.25 52.27 52.30 52.34
50.06 50.00 49.95 49.92 49.92 49.95 50.02 50.11 50.23 50.36 50.49 50.61 50.73 50.83 50.91 50.96 51.00 51.03 51.07 51.10 51.14 51.19 51.24 51.30 51.37 51.44 51.52 51.60 51.69 51.77 51.85 51.93 52.01 52.08 52.16 52.23 52.30 52.36 52.42 52.48 52.53 52.59 52.64 52.69 52.73 52.77 52.81 52.84 52.87 52.90 52.91 52.92 52.93 52.92 52.91 52.89 52.87 52.85 52.82 52.79 52.76 52.73 52.69 52.65 52.61 52.57 52.53 52.49 52.46 52.42 52.38 52.35 52.32 52.29 52.27 52.26 52.25 52.25 52.25 52.26 52.29 52.32 52.36
50.18 50.11 50.05 50.01 50.01 50.04 50.11 50.21 50.33 50.46 50.59 50.71 50.82 50.92 50.99 51.04 51.08 51.11 51.14 51.18 51.22 51.26 51.32 51.38 51.45 51.52 51.60 51.68 51.76 51.85 51.93 52.01 52.08 52.16 52.23 52.31 52.38 52.44 52.50 52.57 52.63 52.69 52.74 52.79 52.84 52.88 52.91 52.95 52.97 53.00 53.01 53.02 53.02 53.01 52.99 52.98 52.95 52.93 52.90 52.87 52.83 52.80 52.76 52.72 52.67 52.63 52.59 52.55 52.50 52.46 52.42 52.39 52.35 52.32 52.29 52.27 52.26 52.26 52.26 52.28 52.31 52.34 52.39
50.30 50.22 50.16 50.12 50.12 50.15 50.22 50.32 50.44 50.57 50.69 50.81 50.92 51.00 51.07 51.11 51.15 51.18 51.22 51.25 51.29 51.34 51.40 51.46 51.52 51.60 51.67 51.75 51.83 51.92 52.00 52.08 52.15 52.23 52.31 52.38 52.45 52.52 52.58 52.65 52.71 52.78 52.83 52.89 52.93 52.97 53.01 53.04 53.07 53.09 53.10 53.10 53.10 53.09 53.07 53.05 53.03 53.00 52.97 52.94 52.90 52.86 52.82 52.78 52.73 52.69 52.64 52.59 52.55 52.50 52.46 52.42 52.38 52.34 52.31 52.29 52.27 52.27 52.28 52.30 52.33 52.37 52.42
50.42 50.35 50.29 50.25 50.25 50.28 50.34 50.44 50.55 50.68 50.80 50.91 51.01 51.09 51.14 51.18 51.22 51.25 51.29 51.33 51.37 51.42 51.47 51.53 51.60 51.67 51.74 51.82 51.90 51.98 52.06 52.14 52.22 52.30 52.37 52.45 52.52 52.59 52.65 52.72 52.79 52.86 52.92 52.97 53.02 53.06 53.10 53.13 53.16 53.17 53.18 53.18 53.17 53.16 53.14 53.12 53.09 53.06 53.03 52.99 52.96 52.91 52.87 52.83 52.78 52.73 52.68 52.63 52.59 52.54 52.49 52.45 52.40 52.37 52.33 52.30 52.29 52.28 52.29 52.32 52.35 52.39 52.45
50.55 50.49 50.43 50.40 50.39 50.42 50.48 50.56 50.67 50.78 50.90 51.00 51.09 51.16 51.21 51.25 51.28 51.32 51.36 51.40 51.45 51.50 51.55 51.61 51.68 51.74 51.81 51.89 51.96 52.04 52.12 52.20 52.28 52.36 52.43 52.50 52.58 52.65 52.72 52.79 52.86 52.93 52.99 53.04 53.09 53.14 53.18 53.21 53.23 53.24 53.25 53.24 53.23 53.22 53.20 53.17 53.14 53.11 53.08 53.04 53.00 52.96 52.91 52.87 52.82 52.77 52.72 52.67 52.62 52.57 52.52 52.47 52.42 52.38 52.35 52.32 52.30 52.30 52.31 52.33 52.37 52.42 52.47
50.69 50.64 50.59 50.56 50.55 50.57 50.62 50.69 50.79 50.89 50.99 51.09 51.17 51.23 51.27 51.31 51.34 51.38 51.42 51.47 51.52 51.57 51.63 51.69 51.75 51.81 51.88 51.95 52.02 52.10 52.17 52.25 52.33 52.41 52.48 52.56 52.63 52.71 52.78 52.85 52.92 52.99 53.05 53.11 53.16 53.20 53.24 53.27 53.29 53.30 53.30 53.30 53.28 53.26 53.24 53.22 53.19 53.15 53.12 53.08 53.04 52.99 52.95 52.90 52.85 52.79 52.74 52.69 52.64 52.58 52.53 52.49 52.44 52.40 52.36 52.34 52.32 52.31 52.32 52.35 52.38 52.43 52.49
50.84 50.80 50.75 50.72 50.71 50.72 50.76 50.82 50.90 50.99 51.09 51.17 51.24 51.29 51.33 51.36 51.40 51.44 51.49 51.54 51.59 51.64 51.70 51.76 51.82 51.88 51.94 52.01 52.08 52.15 52.22 52.30 52.37 52.45 52.52 52.60 52.68 52.75 52.83 52.90 52.97 53.04 53.10 53.16 53.21 53.26 53.29 53.32 53.34 53.34 53.34 53.34 53.32 53.30 53.28 53.25 53.22 53.18 53.15 53.10 53.06 53.01 52.96 52.91 52.86 52.81 52.75 52.70 52.65 52.59 52.54 52.49 52.45 52.41 52.38 52.35 52.33 52.33 52.33 52.36 52.39 52.44 52.50
50.99 50.96 50.92 50.89 50.88 50.88 50.90 50.95 51.01 51.09 51.17 51.24 51.30 51.35 51.38 51.42 51.45 51.50 51.55 51.60 51.65 51.71 51.76 51.82 51.88 51.94 52.00 52.07 52.13 52.20 52.27 52.34 52.41 52.49 52.56 52.64 52.72 52.79 52.87 52.94 53.01 53.08 53.14 53.20 53.25 53.29 53.33 53.35 53.37 53.37 53.37 53.36 53.35 53.33 53.30 53.28 53.24 53.20 53.16 53.12 53.07 53.02 52.97 52.92 52.86 52.81 52.75 52.70 52.64 52.59 52.54 52.49 52.45 52.41 52.38 52.36 52.34 52.34 52.34 52.36 52.40 52.45 52.50
51.15 51.12 51.09 51.06 51.04 51.02 51.03 51.06 51.12 51.18 51.25 51.31 51.36 51.40 51.43 51.47 51.50 51.55 51.60 51.65 51.71 51.76 51.82 51.88 51.93 51.99 52.05 52.12 52.18 52.24 52.31 52.38 52.45 52.52 52.59 52.67 52.75 52.83 52.90 52.97 53.04 53.11 53.17 53.23 53.27 53.31 53.35 53.37 53.38 53.39 53.39 53.38 53.36 53.34 53.32 53.29 53.25 53.21 53.17 53.12 53.07 53.02 52.97 52.91 52.85 52.80 52.74 52.68 52.63 52.58 52.53 52.48 52.44 52.41 52.38 52.36 52.34 52.34 52.34 52.36 52.39 52.44 52.49
51.30 51.28 51.25 51.22 51.19 51.16 51.16 51.18 51.21 51.26 51.32 51.37 51.42 51.45 51.48 51.51 51.55 51.60 51.65 51.70 51.75 51.81 51.87 51.92 51.98 52.04 52.10 52.16 52.22 52.28 52.34 52.41 52.48 52.55 52.62 52.70 52.77 52.85 52.92 52.99 53.06 53.13 53.19 53.24 53.28 53.32 53.35 53.37 53.38 53.39 53.39 53.38 53.37 53.35 53.32 53.29 53.25 53.21 53.17 53.12 53.06 53.01 52.95 52.89 52.83 52.77 52.72 52.66 52.60 52.55 52.50 52.46 52.42 52.39 52.36 52.34 52.33 52.33 52.33 52.35 52.37 52.42 52.47
51.45 51.43 51.40 51.36 51.32 51.29 51.27 51.28 51.30 51.34 51.39 51.43 51.46 51.49 51.52 51.55 51.59 51.64 51.69 51.74 51.79 51.85 51.90 51.96 52.02 52.08 52.13 52.19 52.25 52.31 52.37 52.44 52.50 52.57 52.65 52.72 52.79 52.86 52.94 53.00 53.07 53.13 53.19 53.24 53.28 53.32 53.34 53.36 53.37 53.38 53.38 53.37 53.36 53.34 53.31 53.28 53.24 53.20 53.15 53.10 53.05 52.99 52.93 52.87 52.80 52.74 52.68 52.62 52.57 52.52 52.47 52.42 52.38 52.35 52.33 52.31 52.30 52.30 52.30 52.32 52.34 52.38 52.43
51.58 51.57 51.53 51.49 51.44 51.40 51.38 51.37 51.38 51.41 51.44 51.48 51.51 51.53 51.56 51.59 51.63 51.67 51.72 51.77 51.83 51.88 51.93 51.99 52.05 52.10 52.16 52.22 52.27 52.33 52.39 52.46 52.52 52.59 52.66 52.73 52.80 52.87 52.94 53.01 53.07 53.13 53.18 53.23 53.27 53.30 53.32 53.34 53.35 53.36 53.36 53.35 53.34 53.32 53.29 53.26 53.22 53.18 53.13 53.08 53.02 52.96 52.90 52.83 52.77 52.71 52.64 52.58 52.53 52.47 52.42 52.38 52.34 52.31 52.28 52.26 52.26 52.25 52.26 52.27 52.29 52.33 52.38
51.70 51.68 51.65 51.60 51.55 51.50 51.46 51.45 51.45 51.47 51.50 51.52 51.55 51.57 51.59 51.62 51.66 51.71 51.75 51.80 51.85 51.90 51.96 52.01 52.07 52.12 52.18 52.23 52.29 52.35 52.41 52.47 52.54 52.61 52.67 52.74 52.81 52.87 52.94 53.00 53.06 53.11 53.16 53.20 53.24 53.27 53.29 53.31 53.32 53.32 53.32 53.32 53.30 53.28 53.26 53.23 53.19 53.15 53.10 53.05 52.99 52.93 52.86 52.80 52.73 52.66 52.60 52.54 52.48 52.42 52.37 52.32 52.28 52.25 52.22 52.20 52.19 52.19 52.19 52.20 52.22 52.25 52.31
51.81 51.78 51.74 51.69 51.64 51.58 51.54 51.52 51.51 51.52 51.54 51.56 51.58 51.60 51.62 51.66 51.69 51.73 51.78 51.82 51.87 51.92 51.97 52.02 52.07 52.13 52.18 52.24 52.29 52.35 52.42 52.48 52.54 52.61 52.67 52.74 52.80 52.87 52.93 52.99 53.04 53.09 53.13 53.17 53.20 53.23 53.25 53.26 53.27 53.28 53.28 53.27 53.26 53.24 53.21 53.18 53.15 53.11 53.06 53.00 52.95 52.89 52.82 52.75 52.69 52.62 52.55 52.49 52.42 52.36 52.31 52.26 52.21 52.18 52.15 52.12 52.11 52.10 52.11 52.11 52.13 52.16 52.21
51.89 51.86 51.82 51.77 51.71 51.66 51.61 51.58 51.57 51.57 51.59 51.60 51.61 51.63 51.65 51.68 51.72 51.76 51.80 51.84 51.89 51.93 51.98 52.03 52.08 52.13 52.18 52.24 52.30 52.36 52.42 52.48 52.54 52.60 52.67 52.73 52.79 52.85 52.91 52.96 53.01 53.05 53.09 53.13 53.15 53.18 53.20 53.21 53.22 53.22 53.22 53.21 53.20 53.18 53.16 53.13 53.09 53.05 53.00 52.95 52.90 52.83 52.77 52.70 52.64 52.57 52.50 52.43 52.37 52.31 52.25 52.19 52.15 52.10 52.07 52.04 52.02 52.01 52.00 52.01 52.03 52.05 52.10
51.96 51.93 51.88 51.83 51.78 51.72 51.67 51.64 51.62 51.62 51.63 51.63 51.65 51.66 51.68 51.71 51.74 51.78 51.81 51.85 51.89 51.93 51.98 52.02 52.07 52.13 52.18 52.23 52.29 52.35 52.41 52.47 52.53 52.59 52.65 52.71 52.77 52.82 52.87 52.92 52.96 53.00 53.04 53.07 53.09 53.12 53.13 53.15 53.15 53.16 53.15 53.14 53.13 53.11 53.09 53.06 53.02 52.98 52.94 52.89 52.83 52.77 52.71 52.65 52.58 52.51 52.45 52.38 52.31 52.25 52.19 52.13 52.08 52.03 51.99 51.95 51.92 51.91 51.90 51.90 51.91 51.93 51.98
52.01 51.97 51.93 51.88 51.83 51.77 51.73 51.69 51.67 51.66 51.66 51.66 51.67 51.68 51.70 51.72 51.75 51.79 51.82 51.86 51.89 51.93 51.98 52.02 52.07 52.12 52.17 52.23 52.28 52.34 52.39 52.45 52.51 52.57 52.62 52.68 52.73 52.78 52.82 52.87 52.91 52.94 52.97 53.00 53.02 53.04 53.06 53.07 53.07 53.07 53.07 53.06 53.04 53.02 53.00 52.97 52.94 52.90 52.86 52.81 52.76 52.70 52.64 52.58 52.52 52.45 52.38 52.32 52.25 52.19 52.13 52.07 52.01 51.96 51.91 51.87 51.84 51.81 51.79 51.79 51.79 51.81 51.85
52.05 52.01 51.97 51.92 51.87 51.81 51.77 51.73 51.70 51.69 51.68 51.68 51.69 51.69 51.71 51.74 51.76 51.79 51.83 51.86 51.90 51.94 51.98 52.02 52.07 52.12 52.17 52.22 52.27 52.32 52.37 52.43 52.48 52.53 52.58 52.63 52.68 52.72 52.76 52.80 52.83 52.86 52.89 52.91 52.93 52.95 52.96 52.97 52.98 52.98 52.97 52.96 52.94 52.93 52.90 52.87 52.84 52.81 52.77 52.72 52.67 52.62 52.56 52.50 52.44 52.38 52.31 52.25 52.19 52.13 52.07 52.01 51.95 51.90 51.84 51.80 51.76 51.72 51.70 51.69 51.69 51.70 51.72
52.09 52.05 52.01 51.96 51.91 51.85 51.80 51.76 51.73 51.71 51.70 51.70 51.70 51.71 51.73 51.75 51.78 51.81 51.84 51.87 51.91 51.94 51.98 52.03 52.07 52.11 52.16 52.20 52.25 52.30 52.34 52.39 52.44 52.48 52.53 52.57 52.61 52.65 52.68 52.72 52.75 52.77 52.80 52.82 52.83 52.85 52.86 52.86 52.87 52.86 52.86 52.85 52.83 52.81 52.79 52.76 52.73 52.70 52.66 52.62 52.57 52.52 52.46 52.41 52.35 52.29 52.23 52.17 52.11 52.06 52.00 51.94 51.89 51.83 51.78 51.73 51.69 51.65 51.62 51.60 51.59 51.59 51.61
52.14 52.10 52.05 52.00 51.95 51.90 51.85 51.80 51.76 51.74 51.73 51.72 51.72 51.73 51.75 51.77 51.79 51.82 51.85 51.88 51.92 51.95 51.99 52.03 52.07 52.10 52.14 52.18 52.22 52.27 52.31 52.35 52.39 52.43 52.46 52.50 52.53 52.56 52.59 52.62 52.65 52.67 52.69 52.71 52.72 52.73 52.74 52.74 52.74 52.74 52.73 52.72 52.70 52.68 52.66 52.64 52.61 52.57 52.54 52.50 52.46 52.41 52.36 52.31 52.25 52.20 52.14 52.08 52.03 51.97 51.92 51.87 51.82 51.77 51.72 51.67 51.63 51.59 51.56 51.53 51.51 51.51 51.51
52.21 52.16 52.11 52.06 52.01 51.95 51.90 51.85 51.81 51.78 51.76 51.76 51.76 51.76 51.77 51.80 51.82 51.85 51.87 51.90 51.93 51.96 52.00 52.03 52.06 52.10 52.13 52.16 52.19 52.23 52.26 52.29 52.32 52.35 52.38 52.41 52.44 52.47 52.49 52.52 52.54 52.55 52.57 52.58 52.60 52.60 52.61 52.61 52.61 52.60 52.59 52.58 52.57 52.55 52.52 52.50 52.47 52.44 52.41 52.37 52.33 52.29 52.24 52.19 52.14 52.09 52.04 51.99 51.94 51.89 51.84 51.79 51.74 51.69 51.65 51.60 51.56 51.53 51.50 51.47 51.45 51.44 51.43
52.29 52.23 52.18 52.13 52.08 52.02 51.96 51.90 51.86 51.83 51.81 51.80 51.80 51.80 51.81 51.83 51.85 51.87 51.90 51.92 51.95 51.98 52.00 52.03 52.06 52.08 52.11 52.13 52.16 52.18 52.20 52.23 52.25 52.27 52.30 52.32 52.34 52.36 52.38 52.40 52.42 52.43 52.44 52.45 52.46 52.47 52.47 52.47 52.46 52.46 52.45 52.43 52.42 52.40 52.38 52.35 52.33 52.30 52.27 52.23 52.20 52.16 52.12 52.07 52.02 51.98 51.93 51.88 51.84 51.79 51.74 51.70 51.65 51.61 51.57 51.53 51.50 51.47 51.44 51.42 51.40 51.38 51.37
52.38 52.32 52.27 52.21 52.16 52.09 52.03 51.97 51.92 51.88 51.86 51.85 51.84 51.85 51.85 51.87 51.89 51.91 51.93 51.95 51.97 51.99 52.01 52.03 52.05 52.07 52.08 52.10 52.11 52.13 52.14 52.15 52.17 52.19 52.20 52.22 52.24 52.25 52.27 52.28 52.29 52.30 52.31 52.31 52.32 52.32 52.32 52.32 52.31 52.30 52.29 52.28 52.26 52.24 52.22 52.20 52.17 52.15 52.12 52.09 52.06 52.02 51.98 51.94 51.90 51.86 51.81 51.77 51.73 51.69 51.64 51.61 51.57 51.53 51.49 51.46 51.43 51.40 51.38 51.36 51.34 51.33 51.32
52.49 52.42 52.37 52.31 52.25 52.18 52.11 52.05 51.99 51.95 51.92 51.91 51.90 51.90 51.90 51.91 51.93 51.94 51.96 51.97 51.99 52.00 52.02 52.03 52.03 52.04 52.05 52.05 52.06 52.06 52.07 52.07 52.08 52.09 52.10 52.11 52.12 52.13 52.14 52.15 52.16 52.16 52.17 52.17 52.17 52.17 52.16 52.16 52.15 52.14 52.13 52.11 52.10 52.08 52.06 52.04 52.01 51.99 51.96 51.94 51.91 51.88 51.84 51.81 51.77 51.73 51.69 51.65 51.61 51.58 51.54 51.51 51.47 51.44 51.41 51.38 51.36 51.33 51.31 51.30 51.29 51.28 51.27
52.61 52.54 52.47 52.41 52.34 52.27 52.20 52.13 52.07 52.02 51.99 51.97 51.96 51.96 51.96 51.96 51.97 51.98 51.99 52.00 52.01 52.01 52.01 52.01 52.01 52.01 52.00 51.99 51.99 51.99 51.99 51.99 51.99 51.99 52.00 52.00 52.01 52.01 52.02 52.02 52.02 52.02 52.02 52.02 52.02 52.01 52.00 52.00 51.99 51.97 51.96 51.94 51.93 51.91 51.89 51.87 51.85 51.83 51.80 51.78 51.75 51.73 51.70 51.66 51.63 51.60 51.56 51.53 51.50 51.47 51.44 51.41 51.38 51.35 51.33 51.30 51.28 51.26 51.25 51.24 51.23 51.22 51.22
52.72 52.65 52.58 52.51 52.44 52.37 52.29 52.21 52.14 52.09 52.05 52.03 52.02 52.02 52.01 52.01 52.02 52.02 52.02 52.02 52.01 52.01 52.00 51.99 51.97 51.96 51.94 51.93 51.92 51.91 51.90 51.90 51.90 51.90 51.89 51.89 51.89 51.89 51.89 51.89 51.88 51.88 51.87 51.87 51.86 51.85 51.84 51.83 51.82 51.80 51.79 51.77 51.75 51.74 51.72 51.70 51.68 51.66 51.64 51.62 51.60 51.57 51.55 51.52 51.49 51.46 51.43 51.40 51.38 51.35 51.32 51.30 51.28 51.26 51.24 51.22 51.20 51.19 51.18 51.17 51.17 51.17 51.17
52.82 52.74 52.67 52.61 52.53 52.45 52.37 52.28 52.21 52.15 52.11 52.09 52.08 52.07 52.06 52.06 52.05 52.04 52.03 52.02 52.01 51.99 51.97 51.95 51.93 51.90 51.88 51.86 51.84 51.83 51.82 51.81 51.80 51.79 51.79 51.78 51.77 51.77 51.76 51.75 51.74 51.73 51.72 51.71 51.70 51.69 51.67 51.66 51.64 51.63 51.61 51.60 51.58 51.56 51.54 51.52 51.51 51.49 51.47 51.45 51.43 51.41 51.39 51.37 51.34 51.32 51.30 51.27 51.25 51.23 51.21 51.19 51.18 51.16 51.15 51.13 51.12 51.11 51.11 51.10 51.11 51.11 51.11
52.88 52.81 52.74 52.67 52.60 52.51 52.42 52.34 52.26 52.19 52.15 52.12 52.11 52.10 52.09 52.08 52.07 52.05 52.04 52.02 51.99 51.97 51.94 51.90 51.87 51.84 51.82 51.79 51.77 51.75 51.73 51.72 51.71 51.69 51.68 51.67 51.65 51.64 51.63 51.61 51.60 51.58 51.57 51.55 51.54 51.52 51.51 51.49 51.47 51.46 51.44 51.42 51.40 51.38 51.37 51.35 51.33 51.32 51.30 51.29 51.27 51.25 51.24 51.22 51.20 51.18 51.16 51.14 51.13 51.11 51.10 51.08 51.07 51.06 51.05 51.04 51.04 51.04 51.03 51.04 51.04 51.05 51.06
52.92 52.85 52.78 52.71 52.64 52.55 52.45 52.36 52.28 52.21 52.16 52.14 52.12 52.12 52.11 52.09 52.07 52.05 52.02 52.00 51.96 51.93 51.89 51.85 51.82 51.78 51.75 51.72 51.69 51.67 51.65 51.63 51.61 51.59 51.57 51.55 51.53 51.52 51.50 51.48 51.46 51.44 51.42 51.40 51.38 51.36 51.34 51.32 51.30 51.28 51.26 51.24 51.22 51.21 51.19 51.17 51.16 51.14 51.13 51.12 51.11 51.09 51.08 51.06 51.05 51.03 51.02 51.01 51.00 50.99 50.98 50.97 50.97 50.96 50.96 50.96 50.96 50.96 50.96 50.97 50.98 50.99 51.00
52.93 52.86 52.80 52.73 52.65 52.56 52.46 52.36 52.27 52.20 52.15 52.13 52.12 52.11 52.10 52.08 52.06 52.03 52.00 51.97 51.93 51.89 51.85 51.80 51.76 51.72 51.68 51.65 51.62 51.59 51.57 51.54 51.52 51.49 51.47 51.44 51.42 51.39 51.37 51.34 51.32 51.29 51.27 51.24 51.22 51.20 51.17 51.15 51.13 51.11 51.09 51.07 51.05 51.03 51.01 51.00 50.98 50.97 50.96 50.95 50.94 50.93 50.92 50.91 50.90 50.89 50.88 50.87 50.87 50.86 50.86 50.86 50.86 50.86 50.86 50.87 50.87 50.88 50.89 50.90 50.92 50.93 50.94
52.94 52.87 52.80 52.73 52.65 52.55 52.45 52.34 52.25 52.18 52.13 52.10 52.09 52.09 52.09 52.07 52.04 52.01 51.98 51.94 51.89 51.85 51.80 51.75 51.70 51.66 51.62 51.58 51.55 51.51 51.48 51.45 51.42 51.39 51.36 51.33 51.30 51.27 51.24 51.21 51.18 51.15 51.12 51.09 51.06 51.04 51.01 50.98 50.96 50.94 50.91 50.89 50.87 50.85 50.84 50.82 50.81 50.80 50.79 50.78 50.78 50.77 50.77 50.76 50.75 50.75 50.74 50.74 50.74 50.74 50.74 50.75 50.75 50.76 50.77 50.78 50.79 50.80 50.81 50.83 50.85 50.87 50.88
52.94 52.87 52.80 52.72 52.63 52.53 52.43 52.32 52.22 52.14 52.09 52.07 52.06 52.07 52.06 52.05 52.02 51.99 51.95 51.91 51.86 51.80 51.75 51.70 51.65 51.60 51.55 51.51 51.47 51.44 51.40 51.37 51.33 51.30 51.26 51.22 51.19 51.15 51.12 51.08 51.05 51.01 50.98 50.94 50.91 50.88 50.85 50.82 50.79 50.77 50.74 50.72 50.70 50.68 50.67 50.65 50.64 50.63 50.62 50.62 50.62 50.61 50.61 50.61 50.61 50.61 50.61 50.61 50.61 50.62 50.63 50.64 50.65 50.66 50.67 50.69 50.70 50.72 50.74 50.76 50.79 50.81 50.82
52.93 52.87 52.80 52.71 52.62 52.52 52.40 52.29 52.19 52.11 52.05 52.03 52.03 52.04 52.04 52.03 52.00 51.97 51.92 51.88 51.82 51.76 51.70 51.65 51.59 51.54 51.49 51.45 51.40 51.36 51.33 51.29 51.25 51.20 51.16 51.12 51.08 51.04 51.00 50.96 50.92 50.88 50.84 50.80 50.76 50.73 50.70 50.66 50.63 50.61 50.58 50.56 50.54 50.52 50.50 50.49 50.47 50.47 50.46 50.46 50.46 50.46 50.46 50.46 50.46 50.47 50.47 50.48 50.49 50.50 50.51 50.53 50.54 50.56 50.58 50.60 50.62 50.64 50.67 50.70 50.72 50.74 50.75
