62.93 62.62 62.33 62.06 61.82 61.59 61.38 61.20 61.04 60.90 60.80 60.75 60.74 60.78 60.87 61.02 61.21 61.45 61.74 62.07 62.44 62.84 63.28 63.75 64.25 64.77 65.30 65.85 66.41 66.97 67.53 68.09 68.63 69.16 69.67 70.16 70.61 71.04 71.44 71.82 72.18 72.51 72.82 73.11 73.38 73.63 73.85 74.04 74.19 74.31 74.38 74.42 74.42 74.40 74.34 74.25 74.14 74.01 73.88 73.75 73.62 73.49 73.36 73.23 73.08 72.93 72.76 72.58 72.39 72.19 71.97 71.75 71.53 71.31 71.11 70.91 70.71 70.51 70.31 70.10 69.90 69.71 69.53
63.41 63.10 62.81 62.53 62.28 62.05 61.83 61.63 61.46 61.31 61.19 61.12 61.09 61.12 61.20 61.33 61.50 61.73 62.00 62.31 62.67 63.05 63.47 63.93 64.40 64.90 65.42 65.95 66.49 67.03 67.58 68.12 68.64 69.16 69.65 70.12 70.55 70.97 71.36 71.73 72.08 72.41 72.71 73.00 73.26 73.51 73.73 73.91 74.06 74.17 74.23 74.26 74.26 74.23 74.16 74.07 73.95 73.83 73.69 73.56 73.43 73.30 73.17 73.03 72.88 72.72 72.55 72.37 72.17 71.97 71.76 71.54 71.33 71.12 70.91 70.72 70.53 70.33 70.14 69.94 69.75 69.56 69.39
63.86 63.56 63.27 62.99 62.73 62.49 62.27 62.07 61.88 61.72 61.59 61.51 61.47 61.48 61.54 61.66 61.82 62.03 62.29 62.58 62.91 63.28 63.68 64.11 64.57 65.05 65.55 66.06 66.58 67.11 67.63 68.15 68.66 69.16 69.63 70.08 70.50 70.90 71.28 71.65 71.99 72.31 72.61 72.89 73.15 73.39 73.60 73.78 73.93 74.03 74.09 74.11 74.10 74.05 73.98 73.88 73.76 73.63 73.50 73.37 73.24 73.11 72.98 72.83 72.68 72.52 72.34 72.16 71.96 71.77 71.56 71.35 71.14 70.93 70.73 70.54 70.35 70.17 69.98 69.79 69.60 69.43 69.26
64.30 63.99 63.70 63.43 63.17 62.93 62.71 62.50 62.31 62.14 62.00 61.91 61.86 61.86 61.91 62.01 62.16 62.35 62.59 62.86 63.17 63.52 63.90 64.31 64.74 65.20 65.68 66.17 66.67 67.18 67.69 68.19 68.68 69.15 69.61 70.04 70.45 70.84 71.21 71.57 71.91 72.23 72.52 72.79 73.04 73.27 73.48 73.65 73.78 73.88 73.93 73.95 73.93 73.88 73.80 73.69 73.57 73.44 73.30 73.17 73.04 72.91 72.78 72.63 72.48 72.31 72.13 71.95 71.76 71.57 71.37 71.16 70.96 70.76 70.56 70.37 70.19 70.00 69.82 69.64 69.46 69.29 69.14
64.71 64.41 64.13 63.85 63.60 63.35 63.13 62.92 62.72 62.55 62.42 62.32 62.27 62.26 62.30 62.38 62.51 62.69 62.90 63.16 63.45 63.77 64.12 64.51 64.92 65.35 65.81 66.28 66.76 67.25 67.74 68.22 68.70 69.15 69.59 70.00 70.40 70.78 71.15 71.50 71.83 72.14 72.43 72.69 72.94 73.16 73.35 73.51 73.64 73.72 73.77 73.79 73.76 73.70 73.61 73.50 73.38 73.24 73.11 72.98 72.85 72.72 72.58 72.43 72.28 72.11 71.93 71.75 71.57 71.38 71.18 70.98 70.78 70.58 70.39 70.21 70.02 69.85 69.67 69.50 69.33 69.16 69.01
65.10 64.81 64.53 64.26 64.01 63.77 63.54 63.33 63.14 62.98 62.84 62.75 62.69 62.68 62.70 62.77 62.88 63.04 63.23 63.46 63.73 64.02 64.35 64.71 65.09 65.50 65.93 66.38 66.85 67.32 67.79 68.26 68.71 69.15 69.57 69.96 70.35 70.72 71.08 71.43 71.76 72.06 72.34 72.60 72.84 73.05 73.23 73.38 73.49 73.57 73.61 73.62 73.59 73.52 73.43 73.31 73.18 73.05 72.92 72.79 72.66 72.53 72.39 72.24 72.07 71.91 71.73 71.55 71.37 71.19 71.00 70.80 70.60 70.41 70.22 70.04 69.86 69.69 69.52 69.35 69.19 69.03 68.88
65.47 65.18 64.91 64.65 64.40 64.16 63.94 63.74 63.55 63.40 63.27 63.18 63.12 63.10 63.12 63.17 63.26 63.40 63.56 63.77 64.00 64.27 64.57 64.90 65.26 65.64 66.05 66.48 66.92 67.38 67.83 68.28 68.72 69.14 69.54 69.92 70.30 70.66 71.02 71.36 71.68 71.98 72.26 72.51 72.74 72.94 73.10 73.24 73.34 73.41 73.44 73.44 73.41 73.34 73.24 73.12 72.99 72.86 72.73 72.60 72.47 72.34 72.19 72.04 71.88 71.71 71.54 71.36 71.18 71.00 70.81 70.62 70.42 70.23 70.04 69.86 69.69 69.53 69.37 69.21 69.06 68.90 68.75
65.78 65.51 65.25 65.00 64.76 64.54 64.33 64.14 63.96 63.82 63.70 63.61 63.55 63.52 63.52 63.56 63.63 63.74 63.88 64.06 64.26 64.50 64.77 65.08 65.41 65.77 66.16 66.57 66.99 67.43 67.86 68.29 68.71 69.11 69.50 69.88 70.25 70.61 70.96 71.30 71.61 71.91 72.18 72.42 72.64 72.83 72.98 73.10 73.19 73.25 73.28 73.27 73.23 73.15 73.05 72.93 72.80 72.67 72.54 72.41 72.28 72.15 72.00 71.85 71.68 71.52 71.34 71.17 70.99 70.81 70.62 70.43 70.24 70.04 69.86 69.69 69.53 69.37 69.22 69.07 68.92 68.77 68.62
66.04 65.79 65.55 65.32 65.10 64.89 64.69 64.52 64.35 64.21 64.10 64.01 63.94 63.90 63.90 63.92 63.97 64.06 64.18 64.32 64.50 64.72 64.96 65.25 65.56 65.90 66.27 66.65 67.06 67.47 67.88 68.28 68.69 69.08 69.46 69.83 70.19 70.55 70.90 71.23 71.54 71.83 72.10 72.34 72.54 72.72 72.86 72.97 73.05 73.09 73.11 73.09 73.04 72.96 72.86 72.74 72.61 72.48 72.36 72.23 72.10 71.96 71.81 71.66 71.49 71.32 71.15 70.98 70.80 70.62 70.43 70.24 70.05 69.86 69.68 69.51 69.36 69.21 69.07 68.92 68.77 68.63 68.48
66.25 66.02 65.80 65.59 65.39 65.20 65.03 64.86 64.71 64.57 64.46 64.37 64.30 64.25 64.24 64.25 64.28 64.35 64.45 64.57 64.73 64.92 65.14 65.41 65.70 66.02 66.36 66.73 67.10 67.49 67.87 68.26 68.64 69.03 69.40 69.77 70.13 70.48 70.83 71.16 71.47 71.76 72.02 72.24 72.44 72.61 72.74 72.83 72.90 72.93 72.94 72.91 72.85 72.77 72.66 72.55 72.42 72.30 72.17 72.04 71.91 71.77 71.62 71.47 71.30 71.13 70.96 70.79 70.61 70.43 70.24 70.05 69.85 69.67 69.49 69.33 69.19 69.05 68.91 68.77 68.63 68.48 68.33
66.41 66.20 66.00 65.82 65.64 65.48 65.32 65.17 65.02 64.89 64.78 64.68 64.61 64.56 64.53 64.53 64.56 64.61 64.69 64.80 64.93 65.11 65.31 65.55 65.82 66.12 66.44 66.78 67.13 67.49 67.85 68.22 68.59 68.96 69.33 69.69 70.05 70.41 70.75 71.08 71.39 71.67 71.93 72.15 72.34 72.49 72.61 72.70 72.75 72.78 72.77 72.73 72.66 72.58 72.47 72.36 72.23 72.11 71.99 71.86 71.72 71.58 71.43 71.27 71.11 70.94 70.77 70.59 70.42 70.24 70.05 69.86 69.66 69.48 69.31 69.15 69.01 68.88 68.75 68.61 68.47 68.32 68.16
66.53 66.35 66.17 66.00 65.85 65.70 65.56 65.42 65.29 65.16 65.05 64.95 64.87 64.82 64.79 64.78 64.79 64.83 64.90 65.00 65.12 65.27 65.46 65.68 65.94 66.21 66.51 66.82 67.15 67.48 67.83 68.18 68.54 68.89 69.25 69.61 69.97 70.33 70.67 71.00 71.30 71.58 71.83 72.04 72.22 72.37 72.48 72.56 72.60 72.62 72.60 72.55 72.48 72.39 72.28 72.17 72.05 71.93 71.81 71.67 71.53 71.38 71.23 71.06 70.90 70.73 70.56 70.39 70.22 70.04 69.85 69.65 69.46 69.28 69.11 68.96 68.83 68.70 68.57 68.43 68.29 68.14 67.98
66.62 66.45 66.29 66.14 66.01 65.88 65.76 65.63 65.50 65.37 65.26 65.16 65.08 65.03 64.99 64.98 64.98 65.02 65.07 65.16 65.27 65.41 65.59 65.80 66.03 66.29 66.56 66.85 67.15 67.47 67.80 68.13 68.48 68.82 69.18 69.53 69.89 70.24 70.58 70.91 71.21 71.48 71.72 71.93 72.10 72.24 72.35 72.42 72.45 72.46 72.43 72.38 72.30 72.21 72.11 71.99 71.88 71.76 71.63 71.49 71.35 71.19 71.03 70.86 70.69 70.52 70.35 70.18 70.00 69.82 69.63 69.44 69.25 69.07 68.91 68.76 68.63 68.50 68.37 68.23 68.09 67.94 67.78
66.67 66.52 66.37 66.24 66.12 66.01 65.89 65.78 65.65 65.53 65.42 65.32 65.24 65.18 65.14 65.12 65.12 65.15 65.20 65.28 65.39 65.53 65.70 65.89 66.11 66.35 66.60 66.87 67.16 67.46 67.77 68.10 68.43 68.76 69.11 69.46 69.81 70.16 70.49 70.81 71.11 71.38 71.61 71.81 71.98 72.11 72.21 72.27 72.31 72.31 72.27 72.22 72.14 72.04 71.94 71.82 71.71 71.58 71.45 71.31 71.16 71.00 70.83 70.66 70.49 70.32 70.14 69.96 69.79 69.60 69.41 69.22 69.03 68.85 68.69 68.55 68.42 68.29 68.16 68.03 67.88 67.73 67.58
66.72 66.57 66.43 66.31 66.19 66.09 65.98 65.87 65.75 65.63 65.52 65.42 65.34 65.28 65.24 65.22 65.22 65.24 65.30 65.37 65.48 65.62 65.78 65.96 66.17 66.40 66.64 66.90 67.17 67.46 67.76 68.07 68.39 68.72 69.05 69.39 69.74 70.08 70.41 70.72 71.01 71.27 71.50 71.69 71.85 71.98 72.07 72.13 72.16 72.16 72.12 72.06 71.98 71.88 71.78 71.66 71.54 71.42 71.28 71.13 70.98 70.81 70.64 70.47 70.29 70.12 69.94 69.76 69.57 69.38 69.19 68.99 68.80 68.63 68.47 68.33 68.21 68.08 67.95 67.82 67.68 67.53 67.37
66.75 66.60 66.47 66.35 66.24 66.14 66.04 65.93 65.82 65.70 65.59 65.49 65.41 65.35 65.31 65.29 65.29 65.31 65.36 65.44 65.55 65.68 65.84 66.01 66.21 66.43 66.67 66.92 67.19 67.47 67.76 68.06 68.37 68.68 69.01 69.35 69.68 70.01 70.33 70.64 70.92 71.17 71.39 71.58 71.73 71.85 71.94 72.00 72.02 72.01 71.97 71.91 71.83 71.73 71.62 71.51 71.39 71.26 71.11 70.96 70.80 70.64 70.46 70.29 70.11 69.93 69.75 69.56 69.37 69.18 68.98 68.78 68.59 68.42 68.27 68.13 68.00 67.88 67.75 67.62 67.48 67.33 67.18
66.77 66.63 66.50 66.38 66.27 66.17 66.08 65.97 65.86 65.75 65.64 65.54 65.46 65.40 65.36 65.34 65.34 65.36 65.41 65.49 65.59 65.72 65.87 66.04 66.24 66.45 66.68 66.93 67.20 67.47 67.76 68.05 68.35 68.66 68.98 69.31 69.63 69.96 70.27 70.56 70.83 71.07 71.28 71.46 71.61 71.72 71.80 71.86 71.87 71.86 71.83 71.76 71.68 71.59 71.48 71.36 71.24 71.10 70.95 70.80 70.63 70.46 70.29 70.11 69.93 69.75 69.56 69.38 69.18 68.98 68.78 68.59 68.40 68.23 68.08 67.95 67.82 67.70 67.57 67.44 67.30 67.15 67.00
66.78 66.64 66.51 66.40 66.29 66.19 66.09 66.00 65.89 65.78 65.68 65.58 65.50 65.44 65.40 65.38 65.38 65.40 65.44 65.51 65.61 65.74 65.88 66.05 66.25 66.46 66.69 66.94 67.20 67.47 67.74 68.03 68.32 68.63 68.95 69.27 69.59 69.90 70.20 70.48 70.74 70.97 71.17 71.34 71.48 71.59 71.66 71.71 71.73 71.72 71.68 71.62 71.54 71.45 71.34 71.22 71.09 70.95 70.80 70.64 70.48 70.30 70.13 69.95 69.76 69.58 69.39 69.20 69.00 68.80 68.60 68.41 68.23 68.06 67.91 67.78 67.65 67.53 67.40 67.27 67.13 66.99 66.83
66.77 66.63 66.51 66.39 66.29 66.19 66.10 66.01 65.91 65.81 65.70 65.61 65.53 65.47 65.43 65.40 65.40 65.42 65.46 65.52 65.61 65.74 65.88 66.05 66.24 66.45 66.68 66.93 67.18 67.44 67.71 67.99 68.29 68.59 68.90 69.22 69.53 69.83 70.12 70.39 70.64 70.87 71.06 71.22 71.35 71.45 71.52 71.56 71.58 71.57 71.53 71.48 71.40 71.31 71.21 71.09 70.96 70.81 70.66 70.50 70.33 70.16 69.98 69.79 69.61 69.42 69.23 69.04 68.84 68.64 68.44 68.24 68.06 67.90 67.75 67.62 67.49 67.37 67.24 67.11 66.97 66.83 66.67
66.74 66.60 66.48 66.37 66.26 66.17 66.08 65.99 65.90 65.80 65.71 65.62 65.54 65.48 65.44 65.41 65.40 65.41 65.45 65.51 65.61 65.72 65.87 66.04 66.23 66.44 66.66 66.90 67.14 67.40 67.67 67.95 68.24 68.54 68.85 69.15 69.45 69.75 70.03 70.29 70.53 70.75 70.93 71.09 71.21 71.31 71.37 71.41 71.42 71.41 71.38 71.33 71.26 71.18 71.08 70.96 70.83 70.68 70.53 70.37 70.20 70.02 69.84 69.65 69.47 69.28 69.08 68.89 68.69 68.48 68.28 68.09 67.92 67.76 67.61 67.48 67.35 67.23 67.10 66.96 66.82 66.68 66.52
66.68 66.54 66.42 66.31 66.21 66.11 66.03 65.94 65.86 65.78 65.69 65.60 65.53 65.47 65.42 65.39 65.39 65.40 65.44 65.50 65.59 65.71 65.85 66.02 66.20 66.41 66.62 66.85 67.09 67.34 67.61 67.89 68.18 68.48 68.77 69.07 69.37 69.65 69.92 70.17 70.40 70.61 70.79 70.94 71.06 71.16 71.22 71.26 71.27 71.26 71.24 71.19 71.13 71.05 70.95 70.84 70.71 70.56 70.41 70.25 70.07 69.90 69.71 69.53 69.34 69.15 68.95 68.75 68.55 68.35 68.15 67.96 67.79 67.63 67.48 67.35 67.22 67.09 66.96 66.83 66.69 66.54 66.38
66.60 66.46 66.33 66.22 66.12 66.03 65.95 65.87 65.80 65.72 65.64 65.57 65.50 65.44 65.39 65.37 65.36 65.38 65.42 65.48 65.57 65.68 65.83 65.99 66.17 66.37 66.57 66.79 67.03 67.28 67.54 67.82 68.11 68.40 68.69 68.98 69.26 69.54 69.80 70.04 70.26 70.47 70.64 70.79 70.91 71.00 71.06 71.10 71.12 71.12 71.10 71.06 71.00 70.93 70.83 70.72 70.59 70.45 70.30 70.13 69.96 69.78 69.60 69.41 69.22 69.03 68.83 68.63 68.43 68.22 68.03 67.85 67.68 67.52 67.37 67.23 67.10 66.97 66.84 66.70 66.56 66.40 66.25
66.51 66.36 66.23 66.12 66.02 65.93 65.85 65.78 65.71 65.65 65.58 65.51 65.45 65.39 65.35 65.33 65.33 65.35 65.39 65.45 65.54 65.65 65.79 65.95 66.13 66.31 66.51 66.73 66.96 67.21 67.47 67.74 68.02 68.31 68.59 68.88 69.15 69.42 69.67 69.90 70.12 70.31 70.48 70.63 70.75 70.84 70.91 70.96 70.98 70.98 70.97 70.93 70.88 70.81 70.72 70.61 70.49 70.35 70.20 70.03 69.86 69.68 69.50 69.31 69.12 68.92 68.72 68.52 68.32 68.12 67.93 67.75 67.58 67.42 67.27 67.13 67.00 66.86 66.72 66.58 66.44 66.28 66.13
66.41 66.26 66.13 66.01 65.91 65.83 65.75 65.68 65.62 65.56 65.51 65.45 65.39 65.34 65.31 65.29 65.29 65.31 65.35 65.42 65.51 65.62 65.75 65.91 66.07 66.25 66.45 66.66 66.89 67.13 67.39 67.66 67.93 68.21 68.49 68.77 69.03 69.29 69.53 69.76 69.97 70.16 70.32 70.47 70.59 70.69 70.76 70.82 70.85 70.86 70.85 70.82 70.77 70.70 70.62 70.51 70.39 70.26 70.10 69.94 69.77 69.59 69.41 69.22 69.02 68.83 68.62 68.42 68.22 68.03 67.84 67.66 67.49 67.33 67.18 67.04 66.90 66.76 66.62 66.47 66.32 66.17 66.01
66.30 66.15 66.02 65.90 65.80 65.71 65.64 65.57 65.52 65.47 65.42 65.37 65.32 65.28 65.25 65.24 65.25 65.27 65.31 65.38 65.47 65.58 65.70 65.85 66.01 66.19 66.38 66.59 66.82 67.05 67.31 67.57 67.84 68.11 68.38 68.65 68.91 69.16 69.39 69.61 69.82 70.00 70.17 70.32 70.44 70.54 70.62 70.68 70.72 70.74 70.73 70.71 70.66 70.60 70.52 70.42 70.30 70.17 70.02 69.86 69.69 69.51 69.32 69.13 68.94 68.74 68.54 68.33 68.14 67.95 67.76 67.58 67.41 67.25 67.10 66.95 66.81 66.66 66.52 66.37 66.22 66.06 65.91
66.19 66.04 65.91 65.79 65.68 65.60 65.52 65.46 65.41 65.36 65.32 65.28 65.24 65.21 65.19 65.18 65.20 65.22 65.27 65.34 65.42 65.53 65.65 65.79 65.95 66.12 66.31 66.51 66.74 66.97 67.22 67.48 67.74 68.01 68.27 68.54 68.79 69.03 69.26 69.47 69.67 69.86 70.02 70.17 70.30 70.41 70.49 70.56 70.60 70.62 70.63 70.61 70.57 70.51 70.43 70.34 70.22 70.10 69.95 69.79 69.62 69.44 69.25 69.06 68.86 68.66 68.46 68.26 68.07 67.88 67.69 67.52 67.35 67.18 67.03 66.88 66.73 66.58 66.43 66.27 66.12 65.96 65.81
66.08 65.93 65.79 65.67 65.57 65.48 65.41 65.35 65.30 65.26 65.22 65.19 65.16 65.14 65.13 65.13 65.14 65.18 65.22 65.29 65.37 65.47 65.59 65.73 65.88 66.05 66.23 66.44 66.66 66.89 67.13 67.39 67.64 67.91 68.17 68.42 68.67 68.90 69.13 69.34 69.53 69.71 69.88 70.03 70.16 70.27 70.37 70.44 70.49 70.52 70.52 70.51 70.48 70.42 70.35 70.26 70.15 70.03 69.89 69.73 69.56 69.38 69.19 69.00 68.80 68.59 68.39 68.20 68.01 67.82 67.64 67.46 67.29 67.13 66.97 66.81 66.66 66.50 66.35 66.19 66.03 65.88 65.73
65.97 65.83 65.69 65.56 65.45 65.36 65.29 65.24 65.19 65.15 65.12 65.10 65.08 65.07 65.06 65.07 65.09 65.13 65.18 65.25 65.33 65.42 65.54 65.67 65.81 65.98 66.16 66.36 66.58 66.81 67.05 67.30 67.55 67.81 68.06 68.31 68.55 68.78 69.00 69.21 69.40 69.58 69.75 69.90 70.03 70.15 70.25 70.33 70.38 70.42 70.43 70.42 70.39 70.34 70.28 70.19 70.09 69.97 69.84 69.68 69.52 69.33 69.14 68.94 68.74 68.54 68.34 68.15 67.96 67.78 67.60 67.42 67.25 67.08 66.91 66.75 66.59 66.43 66.27 66.11 65.95 65.80 65.66
65.88 65.73 65.59 65.46 65.35 65.26 65.18 65.13 65.08 65.05 65.02 65.00 64.99 64.99 65.00 65.02 65.05 65.09 65.14 65.21 65.29 65.38 65.49 65.61 65.75 65.92 66.10 66.30 66.51 66.73 66.97 67.22 67.46 67.71 67.96 68.20 68.44 68.66 68.88 69.08 69.27 69.45 69.62 69.77 69.91 70.03 70.13 70.22 70.28 70.32 70.34 70.34 70.32 70.27 70.21 70.13 70.04 69.92 69.79 69.64 69.48 69.29 69.10 68.90 68.70 68.50 68.31 68.11 67.93 67.74 67.56 67.39 67.21 67.04 66.87 66.71 66.54 66.38 66.21 66.05 65.89 65.74 65.60
65.79 65.64 65.50 65.37 65.26 65.16 65.09 65.03 64.98 64.95 64.92 64.91 64.91 64.92 64.94 64.97 65.00 65.05 65.10 65.16 65.24 65.33 65.44 65.56 65.70 65.86 66.04 66.23 66.44 66.67 66.90 67.14 67.38 67.62 67.86 68.10 68.33 68.55 68.76 68.96 69.15 69.33 69.50 69.65 69.79 69.91 70.02 70.11 70.18 70.23 70.26 70.26 70.25 70.21 70.15 70.08 69.99 69.88 69.75 69.60 69.44 69.26 69.07 68.88 68.68 68.48 68.28 68.09 67.91 67.72 67.54 67.37 67.19 67.02 66.84 66.67 66.50 66.33 66.16 65.99 65.83 65.68 65.55
65.72 65.57 65.43 65.30 65.19 65.09 65.01 64.94 64.90 64.86 64.84 64.83 64.84 64.85 64.88 64.91 64.95 65.00 65.05 65.12 65.20 65.29 65.40 65.52 65.66 65.82 65.99 66.18 66.39 66.60 66.83 67.06 67.29 67.53 67.76 67.99 68.21 68.43 68.64 68.84 69.03 69.21 69.37 69.53 69.67 69.80 69.92 70.01 70.09 70.14 70.18 70.19 70.18 70.15 70.10 70.03 69.94 69.84 69.71 69.57 69.41 69.24 69.05 68.86 68.66 68.47 68.27 68.08 67.90 67.72 67.53 67.36 67.18 67.00 66.82 66.64 66.47 66.29 66.11 65.95 65.79 65.64 65.51
65.67 65.52 65.39 65.26 65.14 65.03 64.95 64.88 64.82 64.79 64.76 64.75 64.76 64.78 64.81 64.84 64.89 64.94 65.00 65.07 65.15 65.25 65.35 65.48 65.62 65.77 65.95 66.13 66.33 66.54 66.76 66.98 67.20 67.43 67.65 67.88 68.10 68.31 68.52 68.72 68.91 69.09 69.26 69.42 69.56 69.70 69.82 69.92 70.00 70.06 70.10 70.12 70.12 70.10 70.05 69.99 69.90 69.80 69.68 69.54 69.39 69.22 69.04 68.85 68.66 68.47 68.27 68.08 67.90 67.71 67.53 67.35 67.17 66.99 66.80 66.62 66.44 66.26 66.08 65.91 65.75 65.61 65.48
65.62 65.48 65.34 65.22 65.09 64.99 64.89 64.81 64.75 64.71 64.68 64.67 64.68 64.70 64.73 64.77 64.82 64.88 64.94 65.02 65.10 65.20 65.31 65.43 65.57 65.73 65.90 66.08 66.27 66.47 66.68 66.89 67.10 67.32 67.54 67.76 67.98 68.19 68.40 68.60 68.79 68.97 69.14 69.31 69.46 69.60 69.72 69.83 69.92 69.99 70.03 70.06 70.06 70.04 70.00 69.94 69.86 69.76 69.65 69.52 69.37 69.21 69.04 68.85 68.66 68.47 68.28 68.09 67.90 67.72 67.53 67.35 67.17 66.98 66.79 66.60 66.42 66.23 66.05 65.88 65.73 65.59 65.47
65.57 65.43 65.30 65.17 65.05 64.94 64.84 64.75 64.68 64.63 64.60 64.59 64.60 64.62 64.65 64.70 64.75 64.81 64.88 64.96 65.05 65.15 65.26 65.38 65.52 65.67 65.84 66.01 66.19 66.38 66.58 66.78 66.99 67.20 67.42 67.64 67.85 68.07 68.27 68.48 68.67 68.86 69.03 69.20 69.35 69.50 69.63 69.74 69.83 69.91 69.96 69.99 70.00 69.98 69.95 69.89 69.82 69.73 69.62 69.49 69.35 69.20 69.03 68.85 68.67 68.48 68.28 68.09 67.91 67.72 67.53 67.35 67.16 66.97 66.78 66.58 66.39 66.21 66.03 65.87 65.71 65.58 65.46
65.52 65.39 65.25 65.13 65.00 64.89 64.78 64.69 64.61 64.56 64.52 64.50 64.51 64.53 64.57 64.62 64.68 64.74 64.81 64.89 64.98 65.08 65.19 65.31 65.45 65.59 65.75 65.92 66.09 66.28 66.47 66.66 66.87 67.08 67.29 67.51 67.72 67.94 68.15 68.35 68.55 68.74 68.92 69.09 69.25 69.40 69.53 69.65 69.75 69.82 69.88 69.92 69.93 69.92 69.89 69.84 69.78 69.69 69.58 69.47 69.33 69.18 69.02 68.85 68.67 68.48 68.29 68.09 67.90 67.72 67.53 67.34 67.15 66.95 66.76 66.56 66.37 66.18 66.01 65.85 65.70 65.57 65.45
65.48 65.34 65.20 65.08 64.95 64.83 64.73 64.63 64.55 64.48 64.44 64.42 64.42 64.44 64.48 64.53 64.59 64.66 64.74 64.82 64.90 65.00 65.10 65.22 65.35 65.49 65.65 65.81 65.98 66.16 66.34 66.54 66.74 66.95 67.16 67.38 67.59 67.81 68.02 68.23 68.43 68.63 68.81 68.98 69.15 69.30 69.43 69.55 69.65 69.74 69.80 69.84 69.86 69.86 69.83 69.79 69.73 69.65 69.55 69.43 69.30 69.16 69.00 68.84 68.66 68.47 68.28 68.09 67.89 67.70 67.51 67.32 67.12 66.92 66.72 66.53 66.34 66.16 65.99 65.83 65.69 65.57 65.45
65.43 65.29 65.15 65.02 64.90 64.78 64.67 64.56 64.48 64.41 64.36 64.33 64.33 64.35 64.38 64.44 64.50 64.57 64.64 64.73 64.81 64.90 65.00 65.11 65.24 65.37 65.52 65.68 65.85 66.03 66.21 66.41 66.61 66.82 67.03 67.25 67.47 67.68 67.90 68.11 68.31 68.51 68.70 68.87 69.04 69.19 69.32 69.45 69.55 69.64 69.71 69.75 69.78 69.78 69.77 69.73 69.67 69.60 69.50 69.39 69.27 69.13 68.98 68.81 68.63 68.45 68.26 68.06 67.87 67.68 67.48 67.28 67.08 66.88 66.68 66.48 66.30 66.12 65.96 65.82 65.68 65.56 65.45
65.38 65.23 65.10 64.97 64.84 64.72 64.61 64.50 64.41 64.33 64.27 64.24 64.23 64.25 64.28 64.33 64.39 64.46 64.54 64.62 64.71 64.80 64.89 65.00 65.12 65.25 65.39 65.55 65.72 65.89 66.08 66.28 66.48 66.69 66.90 67.12 67.34 67.55 67.77 67.98 68.19 68.39 68.57 68.75 68.92 69.07 69.21 69.33 69.44 69.53 69.60 69.66 69.69 69.70 69.69 69.66 69.60 69.53 69.45 69.34 69.22 69.08 68.93 68.77 68.60 68.41 68.22 68.03 67.83 67.63 67.43 67.23 67.03 66.82 66.62 66.43 66.25 66.08 65.93 65.79 65.66 65.55 65.45
65.32 65.18 65.04 64.91 64.78 64.66 64.55 64.44 64.34 64.26 64.19 64.15 64.14 64.14 64.17 64.22 64.28 64.34 64.42 64.50 64.59 64.68 64.77 64.88 65.00 65.13 65.27 65.42 65.59 65.76 65.95 66.15 66.35 66.55 66.77 66.98 67.20 67.42 67.64 67.85 68.06 68.25 68.44 68.62 68.79 68.94 69.08 69.21 69.32 69.41 69.49 69.55 69.58 69.60 69.59 69.57 69.52 69.46 69.37 69.27 69.16 69.02 68.88 68.72 68.55 68.37 68.18 67.98 67.78 67.58 67.37 67.17 66.96 66.76 66.56 66.37 66.20 66.04 65.89 65.76 65.64 65.53 65.44
65.27 65.13 64.99 64.85 64.73 64.60 64.49 64.38 64.27 64.19 64.12 64.07 64.04 64.04 64.06 64.10 64.16 64.22 64.29 64.37 64.46 64.55 64.65 64.76 64.88 65.01 65.15 65.31 65.47 65.65 65.83 66.02 66.22 66.43 66.64 66.85 67.07 67.29 67.50 67.71 67.92 68.11 68.30 68.48 68.65 68.80 68.94 69.07 69.18 69.28 69.36 69.42 69.47 69.49 69.49 69.47 69.43 69.37 69.29 69.19 69.08 68.95 68.81 68.66 68.49 68.31 68.12 67.92 67.72 67.51 67.30 67.10 66.89 66.69 66.50 66.32 66.15 65.99 65.84 65.72 65.60 65.50 65.41
65.21 65.07 64.93 64.80 64.67 64.54 64.42 64.31 64.21 64.12 64.04 63.99 63.95 63.95 63.96 63.99 64.04 64.10 64.17 64.24 64.33 64.42 64.53 64.64 64.76 64.90 65.04 65.19 65.36 65.53 65.71 65.90 66.10 66.30 66.51 66.72 66.93 67.15 67.36 67.57 67.77 67.96 68.15 68.33 68.50 68.65 68.79 68.92 69.04 69.14 69.22 69.28 69.33 69.36 69.36 69.35 69.31 69.26 69.19 69.10 68.99 68.87 68.73 68.58 68.42 68.24 68.05 67.85 67.65 67.44 67.23 67.03 66.82 66.63 66.44 66.26 66.09 65.94 65.80 65.67 65.56 65.47 65.38
65.16 65.01 64.87 64.74 64.61 64.48 64.36 64.25 64.15 64.06 63.98 63.92 63.88 63.86 63.86 63.89 63.93 63.98 64.05 64.12 64.21 64.30 64.41 64.52 64.64 64.78 64.93 65.08 65.24 65.41 65.59 65.78 65.97 66.17 66.37 66.58 66.79 66.99 67.20 67.41 67.61 67.80 67.99 68.16 68.33 68.48 68.63 68.76 68.87 68.97 69.06 69.13 69.18 69.21 69.22 69.21 69.18 69.14 69.07 68.99 68.88 68.77 68.63 68.49 68.32 68.15 67.96 67.77 67.57 67.37 67.16 66.96 66.76 66.57 66.39 66.21 66.05 65.89 65.75 65.63 65.52 65.43 65.35
65.11 64.96 64.82 64.69 64.55 64.43 64.31 64.20 64.09 64.00 63.92 63.86 63.81 63.79 63.78 63.80 63.83 63.88 63.94 64.01 64.09 64.18 64.29 64.40 64.53 64.66 64.80 64.96 65.12 65.29 65.46 65.64 65.83 66.02 66.22 66.42 66.62 66.83 67.03 67.23 67.43 67.62 67.81 67.98 68.15 68.30 68.44 68.57 68.69 68.79 68.88 68.95 69.01 69.04 69.06 69.06 69.04 68.99 68.93 68.85 68.76 68.64 68.51 68.37 68.21 68.04 67.86 67.67 67.48 67.29 67.09 66.90 66.71 66.52 66.34 66.17 66.01 65.86 65.72 65.59 65.48 65.39 65.31
65.06 64.91 64.77 64.64 64.50 64.38 64.26 64.15 64.04 63.95 63.87 63.81 63.76 63.73 63.72 63.72 63.75 63.79 63.84 63.91 63.98 64.07 64.17 64.28 64.40 64.54 64.67 64.82 64.98 65.14 65.31 65.49 65.67 65.86 66.05 66.24 66.44 66.64 66.84 67.04 67.23 67.42 67.61 67.78 67.95 68.10 68.25 68.38 68.50 68.60 68.69 68.76 68.82 68.86 68.88 68.88 68.86 68.83 68.77 68.69 68.60 68.48 68.36 68.22 68.06 67.90 67.73 67.56 67.38 67.20 67.02 66.84 66.66 66.48 66.31 66.14 65.98 65.83 65.69 65.57 65.45 65.36 65.28
65.01 64.87 64.73 64.59 64.46 64.33 64.22 64.10 64.00 63.91 63.83 63.77 63.72 63.68 63.67 63.67 63.68 63.71 63.76 63.82 63.89 63.97 64.06 64.17 64.28 64.40 64.54 64.68 64.82 64.98 65.14 65.31 65.49 65.67 65.86 66.05 66.24 66.44 66.64 66.83 67.03 67.21 67.40 67.57 67.74 67.90 68.04 68.17 68.29 68.39 68.48 68.56 68.62 68.66 68.68 68.68 68.67 68.63 68.57 68.50 68.41 68.30 68.18 68.04 67.90 67.75 67.59 67.43 67.27 67.11 66.94 66.77 66.61 66.44 66.27 66.11 65.96 65.81 65.67 65.55 65.44 65.34 65.25
64.97 64.83 64.68 64.55 64.42 64.30 64.18 64.07 63.97 63.88 63.80 63.73 63.68 63.65 63.63 63.62 63.63 63.66 63.69 63.74 63.81 63.88 63.96 64.05 64.16 64.27 64.39 64.52 64.65 64.80 64.95 65.12 65.29 65.47 65.65 65.84 66.03 66.22 66.42 66.61 66.81 66.99 67.18 67.35 67.52 67.68 67.82 67.95 68.07 68.18 68.27 68.34 68.40 68.44 68.46 68.46 68.45 68.41 68.36 68.28 68.19 68.09 67.98 67.85 67.72 67.58 67.44 67.30 67.15 67.00 66.85 66.69 66.54 66.38 66.23 66.08 65.93 65.80 65.66 65.54 65.43 65.33 65.24
64.93 64.79 64.65 64.51 64.38 64.26 64.15 64.04 63.94 63.85 63.78 63.71 63.65 63.62 63.59 63.59 63.59 63.61 63.64 63.69 63.74 63.80 63.87 63.94 64.03 64.13 64.23 64.35 64.48 64.61 64.76 64.92 65.08 65.25 65.44 65.62 65.81 66.00 66.20 66.39 66.58 66.77 66.95 67.13 67.29 67.45 67.59 67.73 67.84 67.95 68.03 68.10 68.16 68.20 68.22 68.23 68.21 68.18 68.12 68.06 67.97 67.88 67.77 67.65 67.53 67.40 67.28 67.14 67.01 66.88 66.74 66.60 66.46 66.32 66.18 66.04 65.90 65.77 65.65 65.53 65.42 65.32 65.24
64.89 64.75 64.61 64.48 64.36 64.24 64.12 64.02 63.92 63.84 63.76 63.69 63.63 63.59 63.57 63.56 63.57 63.58 63.61 63.64 63.68 63.73 63.78 63.84 63.90 63.98 64.08 64.18 64.30 64.42 64.56 64.71 64.87 65.04 65.22 65.41 65.59 65.78 65.97 66.16 66.35 66.53 66.71 66.89 67.05 67.21 67.35 67.48 67.60 67.70 67.78 67.85 67.91 67.95 67.97 67.98 67.97 67.93 67.89 67.82 67.75 67.66 67.56 67.45 67.34 67.22 67.10 66.98 66.86 66.74 66.61 66.49 66.36 66.23 66.11 65.98 65.86 65.74 65.63 65.52 65.42 65.32 65.24
64.86 64.72 64.58 64.46 64.33 64.22 64.11 64.01 63.91 63.82 63.74 63.67 63.61 63.57 63.55 63.54 63.55 63.56 63.58 63.60 63.63 63.66 63.70 63.74 63.79 63.85 63.93 64.02 64.12 64.24 64.38 64.52 64.68 64.84 65.02 65.20 65.38 65.56 65.75 65.93 66.11 66.29 66.47 66.64 66.80 66.96 67.10 67.23 67.34 67.44 67.52 67.59 67.64 67.69 67.71 67.72 67.72 67.69 67.65 67.59 67.52 67.44 67.35 67.25 67.14 67.03 66.92 66.81 66.70 66.59 66.47 66.36 66.24 66.13 66.02 65.91 65.80 65.70 65.60 65.50 65.41 65.32 65.24
64.82 64.69 64.56 64.43 64.32 64.20 64.10 64.00 63.91 63.82 63.73 63.66 63.60 63.55 63.53 63.52 63.53 63.54 63.55 63.57 63.59 63.61 63.62 63.65 63.68 63.73 63.79 63.87 63.97 64.08 64.21 64.35 64.50 64.66 64.83 65.00 65.17 65.34 65.52 65.69 65.87 66.04 66.22 66.39 66.55 66.70 66.84 66.96 67.07 67.17 67.25 67.32 67.38 67.42 67.45 67.47 67.46 67.45 67.41 67.36 67.30 67.22 67.14 67.04 66.94 66.84 66.74 66.64 66.53 66.43 66.32 66.21 66.11 66.01 65.91 65.81 65.72 65.64 65.55 65.47 65.39 65.31 65.24
64.80 64.67 64.54 64.42 64.30 64.20 64.09 64.00 63.90 63.81 63.72 63.64 63.58 63.53 63.50 63.50 63.50 63.51 63.52 63.53 63.54 63.54 63.55 63.56 63.58 63.62 63.67 63.74 63.83 63.94 64.06 64.19 64.34 64.49 64.64 64.80 64.97 65.13 65.30 65.46 65.63 65.80 65.97 66.13 66.29 66.44 66.57 66.70 66.81 66.91 66.99 67.06 67.11 67.16 67.19 67.21 67.21 67.20 67.17 67.13 67.08 67.01 66.93 66.84 66.75 66.65 66.56 66.46 66.36 66.26 66.16 66.06 65.96 65.87 65.78 65.70 65.62 65.55 65.48 65.41 65.35 65.29 65.23
64.77 64.65 64.53 64.41 64.30 64.19 64.09 63.99 63.90 63.80 63.71 63.62 63.55 63.50 63.47 63.45 63.46 63.46 63.47 63.47 63.47 63.47 63.47 63.47 63.49 63.51 63.56 63.63 63.71 63.81 63.93 64.06 64.19 64.33 64.47 64.62 64.77 64.92 65.08 65.24 65.40 65.57 65.73 65.89 66.04 66.18 66.32 66.44 66.55 66.65 66.73 66.80 66.86 66.90 66.94 66.96 66.97 66.96 66.94 66.90 66.85 66.78 66.71 66.63 66.55 66.46 66.37 66.28 66.19 66.09 66.00 65.90 65.81 65.72 65.63 65.56 65.49 65.43 65.38 65.34 65.29 65.25 65.21
64.75 64.63 64.52 64.40 64.29 64.19 64.09 63.99 63.89 63.79 63.68 63.58 63.50 63.44 63.40 63.38 63.38 63.39 63.39 63.39 63.38 63.38 63.37 63.38 63.39 63.41 63.46 63.52 63.61 63.70 63.81 63.92 64.04 64.17 64.30 64.44 64.58 64.73 64.88 65.03 65.18 65.34 65.49 65.65 65.80 65.94 66.07 66.19 66.30 66.39 66.48 66.55 66.60 66.65 66.68 66.71 66.72 66.71 66.69 66.66 66.62 66.56 66.49 66.42 66.35 66.27 66.19 66.10 66.02 65.92 65.83 65.74 65.65 65.56 65.48 65.41 65.35 65.30 65.26 65.23 65.21 65.19 65.17
64.74 64.62 64.50 64.39 64.28 64.18 64.07 63.97 63.86 63.74 63.63 63.51 63.41 63.34 63.29 63.27 63.26 63.27 63.27 63.26 63.26 63.26 63.26 63.26 63.28 63.31 63.35 63.42 63.49 63.58 63.68 63.78 63.89 64.01 64.13 64.26 64.40 64.54 64.68 64.82 64.97 65.12 65.27 65.42 65.56 65.70 65.83 65.95 66.05 66.15 66.23 66.30 66.35 66.40 66.43 66.45 66.47 66.47 66.45 66.42 66.38 66.33 66.27 66.21 66.14 66.07 66.00 65.92 65.84 65.76 65.67 65.57 65.48 65.40 65.32 65.25 65.19 65.15 65.12 65.11 65.10 65.10 65.11
64.72 64.60 64.48 64.37 64.26 64.15 64.04 63.92 63.79 63.66 63.53 63.40 63.28 63.19 63.14 63.11 63.10 63.10 63.10 63.10 63.10 63.10 63.11 63.13 63.15 63.19 63.24 63.30 63.37 63.45 63.53 63.63 63.73 63.84 63.96 64.09 64.21 64.35 64.48 64.62 64.77 64.91 65.05 65.19 65.33 65.47 65.59 65.71 65.81 65.91 65.98 66.05 66.11 66.15 66.18 66.20 66.22 66.22 66.21 66.18 66.15 66.10 66.05 65.99 65.94 65.87 65.81 65.74 65.67 65.58 65.50 65.41 65.32 65.24 65.16 65.09 65.03 64.99 64.97 64.96 64.96 64.98 65.00
64.69 64.57 64.44 64.32 64.20 64.08 63.96 63.83 63.68 63.53 63.38 63.24 63.10 63.00 62.93 62.90 62.89 62.89 62.90 62.91 62.92 62.93 62.95 62.97 63.00 63.05 63.10 63.15 63.22 63.29 63.37 63.46 63.56 63.67 63.79 63.91 64.03 64.16 64.29 64.43 64.57 64.71 64.84 64.98 65.11 65.24 65.36 65.47 65.58 65.66 65.74 65.81 65.86 65.90 65.93 65.95 65.96 65.96 65.96 65.94 65.90 65.86 65.82 65.77 65.72 65.67 65.61 65.55 65.49 65.41 65.33 65.24 65.16 65.07 65.00 64.93 64.87 64.83 64.80 64.79 64.80 64.82 64.85
64.63 64.50 64.37 64.24 64.11 63.98 63.83 63.68 63.52 63.35 63.18 63.02 62.88 62.77 62.69 62.65 62.64 62.65 62.67 62.69 62.71 62.73 62.76 62.80 62.84 62.89 62.93 62.99 63.05 63.12 63.20 63.29 63.38 63.49 63.60 63.72 63.85 63.97 64.10 64.24 64.37 64.51 64.64 64.77 64.90 65.02 65.14 65.24 65.34 65.43 65.50 65.56 65.61 65.65 65.68 65.70 65.71 65.71 65.70 65.69 65.66 65.63 65.59 65.55 65.51 65.46 65.42 65.36 65.30 65.23 65.16 65.08 65.00 64.91 64.83 64.76 64.70 64.65 64.62 64.60 64.60 64.62 64.64
64.55 64.40 64.26 64.11 63.97 63.82 63.66 63.49 63.31 63.13 62.95 62.78 62.63 62.51 62.44 62.40 62.39 62.40 62.43 62.46 62.49 62.53 62.57 62.61 62.66 62.71 62.76 62.81 62.87 62.94 63.01 63.10 63.20 63.30 63.41 63.53 63.66 63.78 63.91 64.05 64.18 64.31 64.44 64.57 64.69 64.80 64.91 65.01 65.10 65.19 65.26 65.32 65.37 65.41 65.43 65.45 65.46 65.46 65.45 65.43 65.41 65.38 65.35 65.32 65.29 65.25 65.21 65.17 65.11 65.05 64.98 64.91 64.82 64.74 64.66 64.58 64.52 64.46 64.41 64.38 64.36 64.36 64.35
64.41 64.26 64.10 63.94 63.78 63.61 63.43 63.25 63.06 62.87 62.69 62.52 62.37 62.26 62.18 62.15 62.14 62.16 62.19 62.23 62.27 62.32 62.37 62.43 62.48 62.53 62.58 62.63 62.68 62.75 62.82 62.91 63.01 63.11 63.22 63.34 63.46 63.59 63.72 63.85 63.99 64.11 64.24 64.36 64.48 64.59 64.69 64.78 64.87 64.94 65.01 65.07 65.12 65.16 65.19 65.20 65.21 65.21 65.20 65.18 65.16 65.14 65.11 65.09 65.06 65.03 65.00 64.96 64.91 64.85 64.79 64.72 64.64 64.55 64.47 64.38 64.30 64.23 64.17 64.12 64.07 64.03 63.99
64.23 64.07 63.90 63.73 63.56 63.37 63.18 62.98 62.79 62.60 62.42 62.26 62.13 62.02 61.95 61.92 61.91 61.93 61.97 62.02 62.07 62.13 62.18 62.24 62.30 62.35 62.40 62.45 62.51 62.57 62.64 62.72 62.81 62.92 63.03 63.15 63.27 63.39 63.52 63.66 63.79 63.91 64.04 64.15 64.26 64.36 64.46 64.55 64.63 64.70 64.76 64.82 64.87 64.91 64.93 64.95 64.96 64.96 64.95 64.94 64.92 64.89 64.87 64.85 64.83 64.80 64.77 64.73 64.69 64.63 64.57 64.50 64.42 64.33 64.24 64.15 64.06 63.97 63.89 63.81 63.73 63.65 63.56
64.01 63.85 63.67 63.49 63.30 63.11 62.91 62.71 62.52 62.34 62.17 62.02 61.91 61.82 61.75 61.72 61.72 61.73 61.77 61.82 61.88 61.94 62.01 62.07 62.12 62.18 62.23 62.28 62.33 62.39 62.46 62.54 62.63 62.73 62.83 62.95 63.07 63.19 63.32 63.45 63.58 63.70 63.82 63.94 64.04 64.14 64.23 64.31 64.38 64.45 64.51 64.57 64.61 64.65 64.68 64.70 64.71 64.71 64.70 64.69 64.67 64.65 64.63 64.61 64.59 64.57 64.53 64.49 64.45 64.39 64.32 64.24 64.15 64.06 63.97 63.87 63.76 63.66 63.56 63.46 63.34 63.22 63.07
63.76 63.60 63.42 63.23 63.03 62.84 62.64 62.45 62.26 62.10 61.95 61.82 61.72 61.64 61.59 61.56 61.55 61.56 61.60 61.65 61.71 61.77 61.84 61.90 61.96 62.02 62.07 62.12 62.17 62.23 62.30 62.37 62.45 62.54 62.64 62.75 62.87 62.99 63.12 63.24 63.37 63.49 63.60 63.71 63.81 63.90 63.99 64.07 64.14 64.20 64.26 64.31 64.35 64.39 64.42 64.44 64.45 64.45 64.45 64.44 64.42 64.41 64.39 64.37 64.35 64.32 64.28 64.24 64.18 64.11 64.03 63.94 63.85 63.75 63.65 63.54 63.43 63.32 63.20 63.07 62.92 62.75 62.56
63.49 63.33 63.15 62.96 62.77 62.58 62.38 62.20 62.04 61.88 61.76 61.65 61.56 61.50 61.45 61.42 61.41 61.42 61.44 61.49 61.54 61.61 61.68 61.74 61.80 61.86 61.92 61.97 62.03 62.08 62.15 62.21 62.29 62.37 62.46 62.56 62.67 62.79 62.91 63.03 63.15 63.27 63.38 63.48 63.58 63.67 63.75 63.82 63.89 63.95 64.00 64.05 64.09 64.13 64.16 64.18 64.19 64.19 64.19 64.19 64.18 64.17 64.15 64.13 64.10 64.06 64.02 63.96 63.89 63.80 63.71 63.62 63.51 63.41 63.30 63.19 63.08 62.95 62.81 62.66 62.47 62.27 62.03
63.20 63.05 62.88 62.70 62.52 62.33 62.15 61.99 61.84 61.70 61.59 61.50 61.43 61.38 61.33 61.30 61.28 61.28 61.29 61.33 61.38 61.44 61.51 61.57 61.64 61.70 61.77 61.83 61.89 61.95 62.01 62.07 62.14 62.21 62.30 62.39 62.49 62.59 62.71 62.82 62.93 63.04 63.14 63.24 63.34 63.42 63.50 63.57 63.64 63.70 63.75 63.79 63.83 63.86 63.89 63.91 63.92 63.93 63.93 63.93 63.93 63.92 63.90 63.88 63.84 63.79 63.73 63.66 63.57 63.48 63.38 63.27 63.16 63.05 62.94 62.82 62.70 62.57 62.41 62.23 62.03 61.79 61.53
62.91 62.77 62.62 62.45 62.28 62.11 61.95 61.79 61.66 61.54 61.45 61.37 61.31 61.26 61.21 61.18 61.16 61.15 61.15 61.17 61.21 61.26 61.32 61.39 61.46 61.53 61.60 61.67 61.74 61.81 61.87 61.94 62.00 62.07 62.15 62.23 62.31 62.41 62.51 62.60 62.71 62.81 62.90 63.00 63.09 63.17 63.25 63.32 63.39 63.45 63.50 63.54 63.57 63.60 63.63 63.64 63.66 63.67 63.67 63.67 63.67 63.66 63.64 63.61 63.56 63.51 63.43 63.35 63.25 63.15 63.04 62.92 62.81 62.70 62.58 62.46 62.33 62.18 62.01 61.81 61.59 61.34 61.07
62.61 62.50 62.36 62.22 62.06 61.90 61.75 61.61 61.49 61.39 61.31 61.24 61.19 61.14 61.10 61.07 61.04 61.02 61.01 61.02 61.04 61.08 61.13 61.19 61.27 61.34 61.42 61.50 61.58 61.65 61.73 61.80 61.87 61.94 62.01 62.08 62.15 62.23 62.31 62.40 62.49 62.58 62.66 62.75 62.84 62.92 63.00 63.07 63.13 63.19 63.24 63.28 63.31 63.34 63.36 63.38 63.39 63.40 63.41 63.41 63.40 63.39 63.36 63.32 63.27 63.20 63.12 63.03 62.92 62.81 62.70 62.59 62.47 62.36 62.24 62.11 61.96 61.80 61.62 61.41 61.18 60.92 60.65
62.31 62.22 62.11 61.99 61.84 61.70 61.56 61.44 61.33 61.24 61.17 61.12 61.07 61.03 60.99 60.95 60.92 60.89 60.87 60.86 60.87 60.89 60.93 60.99 61.06 61.14 61.23 61.32 61.40 61.49 61.57 61.65 61.73 61.80 61.87 61.94 62.00 62.06 62.13 62.20 62.27 62.35 62.43 62.51 62.59 62.67 62.74 62.81 62.88 62.93 62.98 63.02 63.05 63.08 63.10 63.12 63.13 63.14 63.14 63.14 63.13 63.11 63.07 63.03 62.96 62.89 62.80 62.70 62.60 62.49 62.37 62.26 62.15 62.03 61.90 61.76 61.61 61.44 61.25 61.04 60.80 60.55 60.29
62.01 61.95 61.86 61.75 61.63 61.50 61.38 61.27 61.18 61.11 61.05 61.00 60.95 60.91 60.87 60.83 60.80 60.77 60.74 60.71 60.70 60.71 60.74 60.78 60.85 60.93 61.02 61.12 61.21 61.30 61.40 61.48 61.57 61.65 61.72 61.79 61.85 61.90 61.96 62.01 62.07 62.13 62.20 62.27 62.34 62.42 62.49 62.56 62.62 62.67 62.72 62.76 62.79 62.82 62.84 62.85 62.86 62.87 62.87 62.86 62.84 62.81 62.77 62.71 62.64 62.56 62.47 62.38 62.27 62.17 62.06 61.95 61.83 61.70 61.57 61.42 61.26 61.08 60.88 60.66 60.43 60.19 59.95
61.71 61.66 61.59 61.51 61.41 61.31 61.21 61.12 61.05 60.98 60.93 60.88 60.84 60.80 60.75 60.71 60.68 60.64 60.60 60.56 60.54 60.53 60.55 60.58 60.64 60.72 60.81 60.91 61.01 61.11 61.21 61.30 61.39 61.48 61.55 61.62 61.68 61.73 61.78 61.83 61.87 61.92 61.98 62.04 62.10 62.17 62.24 62.30 62.36 62.41 62.46 62.50 62.53 62.55 62.57 62.58 62.59 62.59 62.59 62.58 62.55 62.51 62.46 62.39 62.32 62.24 62.15 62.05 61.96 61.85 61.75 61.63 61.51 61.37 61.23 61.07 60.89 60.70 60.49 60.27 60.05 59.83 59.62
61.40 61.37 61.33 61.27 61.20 61.13 61.05 60.98 60.92 60.86 60.81 60.77 60.72 60.68 60.63 60.59 60.54 60.50 60.46 60.42 60.39 60.37 60.37 60.40 60.44 60.51 60.59 60.69 60.79 60.90 61.00 61.10 61.20 61.28 61.36 61.43 61.49 61.55 61.60 61.64 61.68 61.72 61.76 61.81 61.87 61.93 61.99 62.05 62.10 62.15 62.19 62.23 62.26 62.28 62.30 62.31 62.32 62.32 62.31 62.28 62.25 62.20 62.14 62.07 62.00 61.91 61.82 61.73 61.64 61.53 61.42 61.30 61.17 61.02 60.86 60.68 60.48 60.28 60.07 59.85 59.65 59.46 59.28
61.09 61.08 61.06 61.04 61.00 60.96 60.90 60.85 60.80 60.74 60.69 60.64 60.60 60.55 60.50 60.45 60.41 60.36 60.31 60.27 60.23 60.21 60.21 60.22 60.26 60.31 60.39 60.47 60.57 60.68 60.79 60.89 60.98 61.07 61.15 61.22 61.28 61.34 61.39 61.43 61.48 61.51 61.55 61.60 61.64 61.69 61.74 61.80 61.84 61.89 61.93 61.96 61.99 62.01 62.03 62.04 62.04 62.03 62.02 61.99 61.95 61.89 61.82 61.75 61.67 61.58 61.49 61.40 61.30 61.19 61.08 60.94 60.79 60.62 60.44 60.24 60.03 59.82 59.61 59.41 59.23 59.07 58.93
60.77 60.79 60.80 60.81 60.81 60.79 60.76 60.72 60.67 60.62 60.57 60.52 60.47 60.42 60.36 60.31 60.26 60.21 60.16 60.12 60.08 60.06 60.05 60.06 60.09 60.13 60.19 60.27 60.36 60.46 60.56 60.66 60.75 60.84 60.92 60.99 61.05 61.11 61.16 61.21 61.25 61.30 61.33 61.37 61.42 61.46 61.50 61.55 61.59 61.63 61.66 61.69 61.72 61.74 61.75 61.76 61.76 61.74 61.72 61.68 61.63 61.57 61.50 61.42 61.33 61.24 61.15 61.05 60.94 60.82 60.69 60.54 60.37 60.18 59.98 59.76 59.55 59.34 59.14 58.96 58.80 58.67 58.56
60.47 60.51 60.55 60.59 60.62 60.62 60.61 60.58 60.54 60.49 60.43 60.38 60.33 60.27 60.22 60.16 60.11 60.05 60.01 59.97 59.94 59.92 59.91 59.92 59.94 59.97 60.02 60.09 60.16 60.25 60.34 60.43 60.51 60.59 60.66 60.73 60.80 60.86 60.91 60.97 61.01 61.06 61.10 61.14 61.17 61.21 61.25 61.29 61.32 61.36 61.39 61.41 61.44 61.45 61.47 61.47 61.46 61.44 61.41 61.36 61.30 61.23 61.15 61.06 60.97 60.88 60.78 60.67 60.55 60.41 60.26 60.09 59.90 59.69 59.48 59.26 59.04 58.84 58.66 58.50 58.37 58.26 58.17
60.19 60.24 60.31 60.38 60.43 60.46 60.46 60.43 60.40 60.35 60.30 60.24 60.18 60.12 60.06 60.00 59.95 59.90 59.85 59.82 59.80 59.78 59.78 59.78 59.80 59.83 59.87 59.92 59.98 60.05 60.12 60.19 60.26 60.33 60.40 60.47 60.53 60.60 60.65 60.71 60.76 60.81 60.85 60.89 60.92 60.95 60.98 61.02 61.05 61.07 61.10 61.12 61.14 61.16 61.16 61.16 61.14 61.11 61.07 61.01 60.95 60.87 60.78 60.69 60.60 60.49 60.38 60.26 60.12 59.97 59.80 59.61 59.40 59.19 58.97 58.75 58.54 58.35 58.19 58.05 57.94 57.84 57.76
59.93 60.00 60.09 60.17 60.24 60.28 60.30 60.28 60.25 60.20 60.15 60.09 60.03 59.97 59.91 59.85 59.79 59.74 59.70 59.68 59.66 59.65 59.65 59.66 59.67 59.70 59.72 59.76 59.81 59.86 59.91 59.97 60.02 60.08 60.14 60.20 60.26 60.32 60.38 60.44 60.49 60.54 60.59 60.62 60.65 60.68 60.71 60.73 60.76 60.78 60.81 60.82 60.84 60.84 60.84 60.83 60.81 60.77 60.72 60.65 60.58 60.50 60.41 60.31 60.21 60.10 59.97 59.83 59.68 59.51 59.32 59.12 58.91 58.69 58.48 58.27 58.08 57.90 57.76 57.63 57.53 57.44 57.36
59.70 59.78 59.88 59.97 60.06 60.11 60.14 60.13 60.10 60.06 60.00 59.94 59.88 59.81 59.75 59.69 59.64 59.59 59.56 59.54 59.53 59.52 59.53 59.53 59.55 59.56 59.59 59.61 59.65 59.69 59.72 59.76 59.80 59.84 59.89 59.95 60.00 60.06 60.12 60.17 60.23 60.27 60.32 60.35 60.38 60.41 60.43 60.45 60.47 60.49 60.51 60.52 60.53 60.53 60.52 60.50 60.46 60.41 60.36 60.28 60.20 60.12 60.02 59.92 59.81 59.69 59.55 59.40 59.23 59.05 58.86 58.67 58.46 58.25 58.05 57.86 57.68 57.52 57.39 57.27 57.16 57.07 56.99
59.49 59.58 59.68 59.79 59.88 59.94 59.97 59.98 59.95 59.91 59.86 59.79 59.73 59.66 59.60 59.54 59.49 59.45 59.42 59.40 59.39 59.39 59.39 59.40 59.41 59.42 59.44 59.47 59.49 59.52 59.55 59.57 59.60 59.63 59.67 59.71 59.76 59.81 59.87 59.92 59.97 60.01 60.05 60.08 60.11 60.13 60.15 60.17 60.19 60.20 60.21 60.22 60.22 60.21 60.19 60.16 60.12 60.06 60.00 59.92 59.84 59.74 59.65 59.54 59.42 59.29 59.14 58.99 58.82 58.64 58.46 58.27 58.08 57.89 57.70 57.53 57.37 57.21 57.08 56.96 56.85 56.75 56.66
59.31 59.40 59.50 59.61 59.70 59.77 59.82 59.83 59.81 59.77 59.71 59.65 59.58 59.51 59.45 59.39 59.34 59.30 59.28 59.26 59.25 59.25 59.25 59.26 59.27 59.28 59.29 59.32 59.34 59.36 59.39 59.40 59.42 59.45 59.48 59.51 59.55 59.60 59.64 59.69 59.73 59.77 59.80 59.83 59.85 59.87 59.89 59.90 59.91 59.92 59.92 59.92 59.91 59.89 59.87 59.83 59.78 59.72 59.65 59.57 59.48 59.39 59.29 59.18 59.05 58.92 58.77 58.61 58.45 58.28 58.11 57.94 57.77 57.59 57.43 57.27 57.11 56.96 56.83 56.70 56.59 56.48 56.39
59.12 59.21 59.31 59.42 59.53 59.61 59.66 59.68 59.66 59.62 59.56 59.49 59.42 59.35 59.29 59.23 59.19 59.15 59.13 59.12 59.11 59.10 59.10 59.11 59.11 59.12 59.14 59.16 59.19 59.21 59.23 59.25 59.27 59.29 59.32 59.35 59.38 59.41 59.45 59.48 59.52 59.55 59.57 59.60 59.62 59.63 59.65 59.65 59.66 59.66 59.65 59.64 59.62 59.60 59.56 59.52 59.46 59.40 59.33 59.25 59.16 59.07 58.97 58.85 58.73 58.59 58.45 58.30 58.14 57.98 57.82 57.66 57.51 57.35 57.19 57.04 56.89 56.74 56.60 56.47 56.36 56.25 56.15
58.91 59.00 59.11 59.23 59.34 59.43 59.49 59.51 59.50 59.46 59.40 59.33 59.26 59.19 59.12 59.07 59.02 58.99 58.97 58.96 58.95 58.95 58.94 58.94 58.95 58.96 58.98 59.00 59.03 59.06 59.09 59.12 59.14 59.16 59.18 59.21 59.24 59.26 59.29 59.31 59.34 59.36 59.38 59.39 59.41 59.42 59.42 59.42 59.42 59.41 59.40 59.38 59.36 59.33 59.29 59.24 59.18 59.12 59.04 58.97 58.88 58.79 58.68 58.57 58.44 58.31 58.17 58.03 57.88 57.73 57.58 57.43 57.28 57.13 56.98 56.83 56.68 56.53 56.39 56.26 56.14 56.03 55.94
58.67 58.77 58.88 59.00 59.12 59.22 59.29 59.33 59.32 59.28 59.22 59.14 59.07 59.00 58.94 58.89 58.84 58.82 58.80 58.79 58.78 58.78 58.77 58.77 58.78 58.79 58.82 58.85 58.89 58.93 58.96 58.99 59.02 59.04 59.06 59.09 59.11 59.13 59.14 59.16 59.18 59.19 59.20 59.21 59.22 59.22 59.22 59.22 59.21 59.19 59.17 59.15 59.12 59.09 59.05 58.99 58.94 58.87 58.80 58.72 58.64 58.54 58.44 58.32 58.20 58.07 57.94 57.80 57.66 57.51 57.36 57.21 57.07 56.92 56.77 56.61 56.46 56.31 56.17 56.04 55.92 55.81 55.72
58.39 58.50 58.62 58.75 58.87 58.98 59.06 59.11 59.11 59.07 59.00 58.93 58.86 58.79 58.73 58.68 58.64 58.62 58.60 58.60 58.59 58.59 58.59 58.60 58.61 58.63 58.66 58.70 58.75 58.79 58.84 58.87 58.90 58.93 58.95 58.97 58.98 59.00 59.01 59.02 59.03 59.04 59.04 59.05 59.05 59.05 59.04 59.03 59.02 59.00 58.98 58.95 58.92 58.88 58.84 58.78 58.72 58.66 58.58 58.51 58.42 58.32 58.22 58.10 57.98 57.86 57.72 57.59 57.45 57.30 57.15 57.00 56.85 56.70 56.55 56.40 56.25 56.10 55.95 55.82 55.70 55.59 55.50
58.07 58.18 58.31 58.45 58.58 58.70 58.79 58.84 58.85 58.81 58.75 58.68 58.61 58.54 58.49 58.44 58.41 58.40 58.39 58.39 58.39 58.39 58.40 58.41 58.43 58.46 58.50 58.55 58.61 58.66 58.71 58.75 58.78 58.80 58.82 58.84 58.85 58.86 58.87 58.88 58.89 58.89 58.90 58.90 58.89 58.89 58.88 58.86 58.85 58.82 58.80 58.77 58.74 58.70 58.65 58.59 58.53 58.46 58.39 58.30 58.21 58.11 58.01 57.89 57.77 57.65 57.51 57.38 57.24 57.09 56.94 56.79 56.64 56.49 56.34 56.18 56.03 55.88 55.73 55.60 55.47 55.36 55.27
57.71 57.83 57.97 58.11 58.25 58.38 58.48 58.54 58.54 58.51 58.45 58.39 58.32 58.26 58.21 58.18 58.16 58.15 58.15 58.16 58.17 58.19 58.20 58.22 58.25 58.29 58.35 58.41 58.47 58.53 58.58 58.62 58.65 58.67 58.69 58.70 58.71 58.72 58.73 58.74 58.75 58.75 58.75 58.75 58.75 58.74 58.72 58.71 58.69 58.66 58.64 58.60 58.57 58.52 58.47 58.41 58.34 58.27 58.19 58.10 58.01 57.91 57.80 57.68 57.56 57.43 57.30 57.16 57.02 56.87 56.72 56.57 56.42 56.27 56.12 55.97 55.81 55.66 55.51 55.38 55.25 55.14 55.04
57.35 57.48 57.62 57.76 57.90 58.03 58.13 58.19 58.20 58.17 58.12 58.06 58.00 57.95 57.92 57.90 57.89 57.89 57.91 57.93 57.96 57.98 58.00 58.04 58.08 58.13 58.19 58.26 58.33 58.39 58.44 58.48 58.51 58.53 58.54 58.56 58.57 58.58 58.59 58.60 58.61 58.61 58.61 58.61 58.60 58.59 58.57 58.55 58.53 58.50 58.47 58.44 58.39 58.34 58.29 58.22 58.15 58.07 57.99 57.89 57.79 57.69 57.57 57.46 57.33 57.20 57.07 56.93 56.79 56.64 56.50 56.35 56.20 56.05 55.90 55.75 55.60 55.45 55.30 55.16 55.03 54.92 54.82
57.04 57.16 57.29 57.43 57.57 57.69 57.78 57.84 57.84 57.82 57.77 57.72 57.68 57.64 57.62 57.62 57.62 57.64 57.68 57.71 57.75 57.78 57.82 57.86 57.91 57.97 58.04 58.11 58.18 58.25 58.30 58.34 58.36 58.38 58.40 58.41 58.43 58.44 58.45 58.46 58.47 58.47 58.47 58.47 58.46 58.44 58.42 58.40 58.37 58.34 58.31 58.26 58.22 58.16 58.09 58.02 57.94 57.86 57.77 57.67 57.57 57.46 57.34 57.22 57.09 56.96 56.83 56.69 56.55 56.40 56.26 56.11 55.97 55.82 55.68 55.53 55.38 55.24 55.09 54.95 54.82 54.70 54.60
56.82 56.93 57.05 57.17 57.30 57.40 57.48 57.53 57.53 57.50 57.46 57.42 57.39 57.37 57.36 57.37 57.39 57.43 57.47 57.52 57.57 57.61 57.66 57.71 57.76 57.83 57.90 57.97 58.04 58.10 58.15 58.19 58.22 58.24 58.26 58.27 58.29 58.30 58.31 58.32 58.33 58.33 58.33 58.33 58.31 58.29 58.27 58.24 58.21 58.17 58.13 58.08 58.03 57.96 57.89 57.81 57.73 57.64 57.54 57.44 57.33 57.22 57.10 56.97 56.85 56.71 56.58 56.44 56.30 56.16 56.01 55.87 55.73 55.59 55.45 55.31 55.17 55.02 54.88 54.74 54.62 54.50 54.39
56.70 56.80 56.90 57.01 57.12 57.21 57.28 57.30 57.29 57.26 57.22 57.19 57.17 57.16 57.17 57.19 57.22 57.26 57.32 57.37 57.42 57.47 57.52 57.57 57.63 57.69 57.76 57.83 57.90 57.96 58.01 58.05 58.08 58.10 58.12 58.14 58.15 58.17 58.18 58.19 58.20 58.20 58.20 58.18 58.17 58.14 58.11 58.08 58.04 58.00 57.95 57.89 57.83 57.76 57.68 57.59 57.50 57.41 57.30 57.20 57.08 56.97 56.85 56.72 56.59 56.46 56.32 56.18 56.05 55.91 55.77 55.63 55.49 55.35 55.21 55.08 54.94 54.81 54.67 54.54 54.42 54.30 54.20
56.65 56.74 56.83 56.93 57.03 57.11 57.16 57.17 57.15 57.12 57.07 57.04 57.02 57.02 57.04 57.07 57.11 57.15 57.21 57.26 57.31 57.36 57.41 57.46 57.51 57.57 57.64 57.71 57.77 57.83 57.87 57.91 57.94 57.97 57.99 58.01 58.03 58.04 58.06 58.07 58.07 58.07 58.06 58.04 58.02 57.99 57.95 57.91 57.86 57.81 57.75 57.69 57.62 57.54 57.45 57.36 57.27 57.17 57.06 56.95 56.83 56.71 56.59 56.46 56.33 56.20 56.06 55.92 55.79 55.65 55.51 55.38 55.24 55.11 54.98 54.85 54.72 54.59 54.47 54.34 54.22 54.11 54.01
56.63 56.71 56.81 56.90 56.99 57.06 57.10 57.11 57.08 57.03 56.99 56.95 56.94 56.94 56.96 56.99 57.03 57.08 57.13 57.19 57.24 57.28 57.33 57.37 57.42 57.47 57.53 57.59 57.65 57.70 57.74 57.78 57.82 57.85 57.87 57.89 57.91 57.93 57.94 57.94 57.94 57.93 57.92 57.89 57.86 57.83 57.78 57.73 57.68 57.62 57.55 57.48 57.40 57.31 57.22 57.13 57.02 56.92 56.81 56.69 56.57 56.45 56.32 56.19 56.06 55.93 55.80 55.66 55.53 55.39 55.26 55.13 55.00 54.87 54.74 54.62 54.50 54.38 54.26 54.14 54.03 53.92 53.82
56.63 56.71 56.80 56.89 56.97 57.04 57.08 57.07 57.03 56.98 56.93 56.90 56.88 56.89 56.91 56.94 56.99 57.04 57.08 57.13 57.18 57.22 57.26 57.30 57.34 57.39 57.44 57.49 57.54 57.58 57.63 57.67 57.70 57.73 57.76 57.78 57.80 57.81 57.82 57.82 57.81 57.80 57.77 57.74 57.70 57.66 57.61 57.55 57.49 57.42 57.34 57.26 57.18 57.08 56.98 56.88 56.77 56.66 56.55 56.43 56.31 56.18 56.06 55.93 55.80 55.66 55.53 55.40 55.27 55.14 55.01 54.88 54.75 54.63 54.51 54.40 54.28 54.17 54.05 53.94 53.84 53.74 53.65
56.63 56.71 56.79 56.89 56.97 57.03 57.06 57.05 57.01 56.95 56.90 56.86 56.84 56.84 56.87 56.91 56.95 57.00 57.05 57.09 57.14 57.18 57.21 57.25 57.28 57.31 57.35 57.39 57.43 57.48 57.52 57.56 57.59 57.63 57.65 57.68 57.69 57.70 57.70 57.70 57.68 57.66 57.63 57.59 57.54 57.49 57.43 57.36 57.29 57.21 57.13 57.04 56.95 56.85 56.74 56.63 56.52 56.41 56.29 56.16 56.04 55.91 55.79 55.66 55.53 55.40 55.27 55.14 55.01 54.88 54.75 54.63 54.51 54.39 54.28 54.17 54.06 53.96 53.85 53.75 53.65 53.56 53.48
56.62 56.70 56.79 56.88 56.96 57.02 57.05 57.03 56.99 56.92 56.86 56.82 56.80 56.81 56.83 56.87 56.92 56.97 57.02 57.06 57.10 57.14 57.17 57.20 57.22 57.25 57.27 57.30 57.34 57.37 57.41 57.45 57.49 57.52 57.55 57.57 57.58 57.59 57.58 57.57 57.55 57.52 57.48 57.43 57.37 57.31 57.24 57.17 57.09 57.00 56.91 56.81 56.71 56.61 56.50 56.38 56.27 56.15 56.02 55.90 55.77 55.65 55.52 55.39 55.26 55.13 55.00 54.88 54.75 54.63 54.51 54.39 54.27 54.16 54.06 53.96 53.85 53.76 53.66 53.56 53.47 53.39 53.31
56.62 56.70 56.79 56.88 56.96 57.02 57.04 57.02 56.97 56.90 56.84 56.79 56.77 56.77 56.80 56.84 56.89 56.94 56.99 57.03 57.07 57.11 57.13 57.15 57.17 57.18 57.20 57.22 57.24 57.27 57.30 57.34 57.38 57.42 57.44 57.46 57.47 57.47 57.46 57.44 57.41 57.37 57.32 57.27 57.20 57.13 57.05 56.97 56.88 56.79 56.69 56.58 56.47 56.36 56.25 56.13 56.01 55.89 55.76 55.64 55.51 55.38 55.25 55.13 55.00 54.87 54.75 54.62 54.50 54.38 54.27 54.15 54.05 53.94 53.84 53.75 53.65 53.56 53.47 53.38 53.30 53.22 53.15
56.61 56.69 56.78 56.87 56.96 57.02 57.04 57.02 56.96 56.88 56.81 56.76 56.74 56.74 56.76 56.81 56.86 56.92 56.97 57.01 57.04 57.07 57.09 57.11 57.11 57.11 57.12 57.13 57.14 57.17 57.20 57.23 57.27 57.31 57.34 57.36 57.36 57.35 57.33 57.31 57.27 57.22 57.17 57.10 57.03 56.95 56.86 56.77 56.67 56.57 56.46 56.35 56.24 56.12 56.00 55.88 55.76 55.63 55.50 55.38 55.25 55.12 54.99 54.87 54.74 54.62 54.50 54.38 54.26 54.14 54.03 53.93 53.82 53.73 53.63 53.55 53.46 53.37 53.29 53.21 53.14 53.07 53.00
56.60 56.68 56.77 56.87 56.95 57.02 57.04 57.02 56.95 56.87 56.80 56.74 56.71 56.71 56.73 56.77 56.83 56.89 56.94 56.98 57.02 57.04 57.06 57.06 57.05 57.04 57.04 57.04 57.05 57.06 57.09 57.13 57.16 57.20 57.23 57.24 57.24 57.23 57.21 57.17 57.13 57.07 57.01 56.93 56.85 56.77 56.67 56.57 56.46 56.35 56.24 56.12 56.00 55.88 55.76 55.63 55.51 55.38 55.25 55.12 54.99 54.86 54.74 54.61 54.49 54.37 54.25 54.14 54.02 53.91 53.81 53.71 53.61 53.52 53.44 53.35 53.28 53.20 53.12 53.05 52.98 52.92 52.86
