TimeSeconds,WT_Elev_m
1.0,36.188904
6.0,36.188904
11.0,36.188904
16.0,36.188904
21.0,36.152328
26.0,36.060888000000006
31.0,35.88715200000001
36.0,35.655504
41.0,35.393376
46.0,35.12515200000001
51.0,34.856928
56.0,34.597848
61.0,34.344864
66.0,34.113216
71.0,33.890712
76.0,33.683448
81.0,33.491424
86.0,33.308544000000005
91.0,33.140904
96.0,32.985456
101.0,32.845248
106.0,32.717232
111.0,32.601408000000006
116.0,32.497776
121.0,32.394144000000004
126.0,32.28746400000001
131.0,32.183832
136.0,32.086296000000004
141.0,31.991808
146.0,31.903416000000004
151.0,31.818072
156.0,31.735776
161.0,31.659576
166.0,31.586424
171.0,31.513272
176.0,31.446216000000003
181.0,31.38220800000001
186.0,31.321248
191.0,31.260288000000003
196.0,31.202376000000005
201.0,31.15056
206.0,31.095696000000004
211.0,31.04388
216.0,30.995112
221.0,30.946344000000003
226.0,30.900624
231.0,30.854904
236.0,30.809184
241.0,30.766512
246.0,30.726888
251.0,30.687264000000003
256.0,30.644592
261.0,30.604968
266.0,30.568392
271.0,30.531816000000003
276.0,30.49524
281.0,30.461712
286.0,30.428184
291.0,30.391608000000005
296.0,30.35808
301.0,30.3276
306.0,30.297120000000003
311.0,30.263592
316.0,30.23616
321.0,30.202632
326.0,30.1752
331.0,30.150816000000003
336.0,30.120336
341.0,30.092904
346.0,30.065472000000003
351.0,30.041088
356.0,30.013656
361.0,29.989272000000003
366.0,29.96184
371.0,29.937456
376.0,29.913072000000003
381.0,29.891736
386.0,29.867352000000004
391.0,29.842968
396.0,29.818584
401.0,29.797248
406.0,29.775912
411.0,29.754576000000004
416.0,29.73324
421.0,29.711904
426.0,29.690568
431.0,29.669232
436.0,29.647896000000003
441.0,29.629608000000005
446.0,29.611320000000003
451.0,29.589984
456.0,29.568648
461.0,29.55036
466.0,29.532072000000003
471.0,29.513784
476.0,29.495496
481.0,29.477208
486.0,29.458920000000003
491.0,29.440632
496.0,29.422344
501.0,29.407104000000004
506.0,29.388816
511.0,29.373576000000003
516.0,29.355288
521.0,29.340048000000003
526.0,29.32176
531.0,29.303472000000003
536.0,29.29128
541.0,29.272992
546.0,29.257752
551.0,29.242512
556.0,29.227272000000003
561.0,29.21508
566.0,29.193744
571.0,29.178504000000004
576.0,29.163264000000005
581.0,29.151072000000003
586.0,29.135832000000004
591.0,29.120592
596.0,29.108400000000003
601.0,29.096208
631.0,29.010864000000005
661.0,28.934664000000005
691.0,28.855416
721.0,28.785312
751.0,28.715208
781.0,28.648152
811.0,28.584144
841.0,28.52928
871.0,28.46832
901.0,28.410408
931.0,28.355544
961.0,28.303728
991.0,28.251912
1021.0,28.203144
1051.0,28.154376000000003
1081.0,28.108656
1111.0,28.065984
1141.0,28.020264000000005
1171.0,27.977592000000005
1201.0,27.93492
1231.0,27.895296
1261.0,27.852624
1291.0,27.816048
1321.0,27.776424
1351.0,27.739848
1381.0,27.703272
1411.0,27.666696
1441.0,27.633168
1471.0,27.59964
1501.0,27.566112
1531.0,27.532584
1561.0,27.502104000000003
1591.0,27.471624
1621.0,27.441144
1651.0,27.410664000000004
1681.0,27.380184
1711.0,27.349704000000003
1741.0,27.322272
1771.0,27.29484
1801.0,27.267408
1861.0,27.215592000000004
1921.0,27.163776
1981.0,27.111960000000003
2041.0,27.06624
2101.0,27.017472
2161.0,26.971752
2221.0,26.926032000000003
2281.0,26.886408
2341.0,26.843736
2401.0,26.804112
2461.0,26.764488000000004
2521.0,26.727912
2581.0,26.691336
2641.0,26.654760000000003
2701.0,26.618184
2761.0,26.581608
2821.0,26.551128
2881.0,26.5176
2941.0,26.484072
3001.0,26.453592000000004
3061.0,26.420064000000004
3121.0,26.392632000000003
3181.0,26.362152
3241.0,26.334720000000004
3301.0,26.30424
3361.0,26.276808
3421.0,26.249376
3481.0,26.224992000000004
3541.0,26.197560000000003
3601.0,26.173176
3661.0,26.145744
3721.0,26.121360000000003
3781.0,26.096976
3841.0,26.072592000000004
3901.0,26.051256
3961.0,26.026872
4021.0,26.002488000000003
4081.0,25.981152
4141.0,25.959816000000004
4201.0,25.93848
4261.0,25.917144
4321.0,25.895808
4381.0,25.874472
4441.0,25.853136
4501.0,25.834848000000004
4561.0,25.813512
4621.0,25.795224
4681.0,25.776936
4741.0,25.7556
4801.0,25.737312
4861.0,25.722072
4921.0,25.700736
4981.0,25.685496
5041.0,25.667208
5101.0,25.648920000000004
5161.0,25.63368
5221.0,25.615392000000003
5281.0,25.600152
5341.0,25.581864000000003
5401.0,25.566624
5461.0,25.551384
5521.0,25.536144
5581.0,25.517856
5641.0,25.505664000000003
5701.0,25.487376
5761.0,25.475184
5821.0,25.459944
5881.0,25.444704
5941.0,25.432512
6001.0,25.414224
6061.0,25.398984
6121.0,25.386792000000003
6181.0,25.371552
6241.0,25.356312
6301.0,25.347168
6361.0,25.331928
6421.0,25.319736
6481.0,25.304496
6541.0,25.292304
6601.0,25.280112
6661.0,25.267920000000004
6721.0,25.255728
6781.0,25.240488000000003
6841.0,25.228296
6901.0,25.216104
6961.0,25.20696
7021.0,25.194768
7081.0,25.182576
7141.0,25.170384
7201.0,25.158192000000003
7261.0,25.146
7321.0,25.136856
7381.0,25.124664000000003
7441.0,25.112472
7501.0,25.10028
7561.0,25.088088000000003
7621.0,25.078944
7681.0,25.066752
7741.0,25.057608
7801.0,25.045416000000003
7861.0,25.036272
7921.0,25.02408
7981.0,25.014936
8041.0,25.002744
8101.0,24.996648000000004
8161.0,24.984456
8221.0,24.975312
8281.0,24.966168
8341.0,24.957024
8401.0,24.944832
8461.0,24.938736
8521.0,24.926544000000003
8581.0,24.9174
8641.0,24.905208
8701.0,24.896064000000003
8761.0,24.886920000000003
8821.0,24.877776000000004
8881.0,24.868632
8941.0,24.859488
9001.0,24.850344000000003
9061.0,24.8412
9121.0,24.832056
9181.0,24.819864000000003
9241.0,24.813768
9301.0,24.807672
9361.0,24.798528
9421.0,24.789384
9481.0,24.783288
9541.0,24.774144000000003
9601.0,24.765
9661.0,24.755856
9721.0,24.746712
9781.0,24.740616000000003
9841.0,24.731472
9901.0,24.722328
9961.0,24.713184
10021.0,24.70404
10081.0,24.697944000000003
10141.0,24.691848000000004
10201.0,24.679656
10261.0,24.670512
10321.0,24.667464
10381.0,24.658320000000003
10441.0,24.649176000000004
10501.0,24.646128
10561.0,24.636984
10621.0,24.62784
10681.0,24.621744000000003
10741.0,24.615648000000004
10801.0,24.606504
10861.0,24.59736
10921.0,24.591264
10981.0,24.582120000000003
11041.0,24.576024
11101.0,24.569928
11161.0,24.560784
11221.0,24.554688
11281.0,24.548592000000003
11341.0,24.542496
11401.0,24.533352
11461.0,24.527256
11521.0,24.52116
11581.0,24.512016000000003
11641.0,24.508968
11701.0,24.499824
11761.0,24.493728
11821.0,24.487632
11881.0,24.481536
11941.0,24.47544
12001.0,24.466296
12061.0,24.4602
12121.0,24.454104
12181.0,24.448008
12241.0,24.441912
12301.0,24.432768
12361.0,24.429720000000003
12421.0,24.423624
12481.0,24.41448
12541.0,24.411432
12601.0,24.402288
12661.0,24.39924
12721.0,24.390096
12781.0,24.384
12841.0,24.377904
12901.0,24.371808
12961.0,24.36876
13021.0,24.359616000000003
13081.0,24.356568
13141.0,24.347424
13201.0,24.344376000000004
13261.0,24.33828
13321.0,24.332184
13381.0,24.326088
13441.0,24.319992000000003
13501.0,24.313896
13561.0,24.310848000000004
13621.0,24.304752
13681.0,24.298656
13741.0,24.29256
13801.0,24.286464
13861.0,24.283416000000003
13921.0,24.277320000000003
13981.0,24.271224
14041.0,24.265128
14101.0,24.26208
14161.0,24.255984
14221.0,24.249888
14281.0,24.243792000000003
14341.0,24.240744000000003
14401.0,24.240744000000003
14461.0,24.228552
14521.0,24.222456
14581.0,24.21636
14641.0,24.213312
14701.0,24.207216000000003
14761.0,24.204168
14821.0,24.195024
14881.0,24.188928
14941.0,24.18588
15001.0,24.182832
15061.0,24.176736
15121.0,24.17064
15181.0,24.164544000000003
15241.0,24.161496
15301.0,24.158448000000003
15361.0,24.152352
15421.0,24.146256
15481.0,24.143208
15541.0,24.137112
15601.0,24.131016
15661.0,24.124920000000003
15721.0,24.121872
15781.0,24.115776000000004
15841.0,24.106632
15901.0,24.103584
15961.0,24.100536
16021.0,24.09444
16081.0,24.088344000000003
16141.0,24.085296
16201.0,24.0792
16261.0,24.0792
16321.0,24.073104
16381.0,24.067008
16441.0,24.06396
16501.0,24.057864
16561.0,24.054816
16621.0,24.048720000000003
16681.0,24.045672
16741.0,24.042624
16801.0,24.036528
16861.0,24.03348
16921.0,24.027384
16981.0,24.024336
17041.0,24.01824
17101.0,24.015192000000003
17161.0,24.012144000000003
17221.0,24.006048000000003
17281.0,24.003
17341.0,23.996904
17401.0,23.993856
17461.0,23.990808
17521.0,23.984712
17581.0,23.981664
17641.0,23.975568
17701.0,23.972520000000003
17761.0,23.966424
17821.0,23.963376000000004
17881.0,23.960328
17941.0,23.954232
18001.0,23.948136
18061.0,23.945088
18121.0,23.94204
18181.0,23.938992
18241.0,23.932896
18301.0,23.9268
18361.0,23.9268
18421.0,23.920704000000004
18481.0,23.917656
18541.0,23.914608
18601.0,23.908512
18661.0,23.905464
18721.0,23.902416
18781.0,23.896320000000003
18841.0,23.896320000000003
18901.0,23.890224
18961.0,23.884128
19021.0,23.884128
19081.0,23.878032
19141.0,23.874984
19201.0,23.871936
19261.0,23.86584
19321.0,23.862792
19381.0,23.859744000000003
19441.0,23.853648000000003
19501.0,23.853648000000003
19561.0,23.847552
19621.0,23.844504000000004
19681.0,23.841456
19741.0,23.838408
19801.0,23.832312
19861.0,23.829264
19921.0,23.823168
19981.0,23.820120000000003
20041.0,23.820120000000003
20101.0,23.810976000000004
20161.0,23.810976000000004
20221.0,23.80488
20281.0,23.801832
20341.0,23.798784
20401.0,23.795736
20461.0,23.792688
20521.0,23.78964
20581.0,23.783544000000003
20641.0,23.780496
20701.0,23.777448000000003
20761.0,23.7744
20821.0,23.771352
20881.0,23.765256
20941.0,23.765256
21001.0,23.762208
21061.0,23.756112
21121.0,23.753064
21181.0,23.750016
21241.0,23.743920000000003
21301.0,23.743920000000003
21361.0,23.737824
21421.0,23.734776000000004
21481.0,23.734776000000004
21541.0,23.72868
21601.0,23.722584
21661.0,23.722584
21721.0,23.716488
21781.0,23.71344
21841.0,23.71344
21901.0,23.707344000000003
21961.0,23.704296
22021.0,23.701248000000003
22081.0,23.6982
22141.0,23.692104000000004
22201.0,23.692104000000004
22261.0,23.689056
22321.0,23.68296
22381.0,23.679912
22441.0,23.676864
22501.0,23.670768
22561.0,23.670768
22621.0,23.667720000000003
22681.0,23.661624
22741.0,23.658576000000004
22801.0,23.658576000000004
22861.0,23.65248
22921.0,23.649432
22981.0,23.649432
23041.0,23.643336
23101.0,23.640288
23161.0,23.63724
23221.0,23.634192
23281.0,23.631144000000003
23341.0,23.628096
23401.0,23.625048000000003
23461.0,23.622
23521.0,23.618952
23581.0,23.615904000000004
23641.0,23.612856
23701.0,23.609808
23761.0,23.60676
23821.0,23.600664
23881.0,23.597616
23941.0,23.594568
24001.0,23.594568
24061.0,23.591520000000003
24121.0,23.585424
24181.0,23.585424
24241.0,23.579328
24301.0,23.57628
24361.0,23.573232
24421.0,23.573232
24481.0,23.567136
24541.0,23.564088
24601.0,23.564088
24661.0,23.557992
24721.0,23.554944000000003
24781.0,23.551896
24841.0,23.551896
24901.0,23.5458
24961.0,23.542752
25021.0,23.542752
25081.0,23.539704000000004
25141.0,23.533608
25201.0,23.53056
25261.0,23.53056
25321.0,23.527512
25381.0,23.521416
25441.0,23.518368
25501.0,23.518368
25561.0,23.518368
25621.0,23.512272000000003
25681.0,23.509224
25741.0,23.509224
25801.0,23.506176000000004
25861.0,23.503128
25921.0,23.50008
25981.0,23.497032
26041.0,23.493984
26101.0,23.490936
26161.0,23.487888
26221.0,23.487888
26281.0,23.48484
26341.0,23.481792
26401.0,23.475696
26461.0,23.475696
26521.0,23.472648000000003
26581.0,23.4696
26641.0,23.466552
26701.0,23.466552
26761.0,23.463504000000004
26821.0,23.460456
26881.0,23.45436
26941.0,23.45436
27001.0,23.451312
27061.0,23.448264
27121.0,23.445216
27181.0,23.445216
27241.0,23.439120000000003
27301.0,23.439120000000003
27361.0,23.433024
27421.0,23.433024
27481.0,23.429976000000003
27541.0,23.426928
27601.0,23.42388
27661.0,23.42388
27721.0,23.420832
27781.0,23.414736
27841.0,23.411688
27901.0,23.411688
27961.0,23.40864
28021.0,23.405592
28081.0,23.402544
28141.0,23.402544
28201.0,23.399496
28261.0,23.3934
28321.0,23.390352
28381.0,23.390352
28441.0,23.387304000000004
28501.0,23.384256
28561.0,23.381208
28621.0,23.381208
28681.0,23.375112
28741.0,23.375112
28801.0,23.369016
28861.0,23.369016
28921.0,23.369016
28981.0,23.365968
29041.0,23.359872000000003
29101.0,23.359872000000003
29161.0,23.356824
29221.0,23.353776000000003
29281.0,23.350728
29341.0,23.350728
29401.0,23.34768
29461.0,23.34768
29521.0,23.344632
29581.0,23.341584
29641.0,23.338536
29701.0,23.338536
29761.0,23.335488
29821.0,23.33244
29881.0,23.329392
29941.0,23.329392
30001.0,23.326344
30061.0,23.326344
30121.0,23.323296
30181.0,23.3172
30241.0,23.314152
30301.0,23.314152
30361.0,23.314152
30421.0,23.311104000000004
30481.0,23.308056
30541.0,23.305008
30601.0,23.305008
30661.0,23.30196
30721.0,23.298912
30781.0,23.295864
30841.0,23.292816
30901.0,23.292816
30961.0,23.289768
31021.0,23.286720000000003
31081.0,23.283672000000003
31141.0,23.283672000000003
31201.0,23.283672000000003
31261.0,23.280624
31321.0,23.277576000000003
31381.0,23.274528
31441.0,23.27148
31501.0,23.27148
31561.0,23.268432
31621.0,23.265384
31681.0,23.265384
31741.0,23.262336
31801.0,23.262336
31861.0,23.259288
31921.0,23.25624
31981.0,23.253192
32041.0,23.250144
32101.0,23.250144
32161.0,23.247096
32221.0,23.244048000000003
32281.0,23.241
32341.0,23.241
32401.0,23.234904000000004
32461.0,23.234904000000004
32521.0,23.231856
32581.0,23.228808
32641.0,23.228808
32701.0,23.22576
32761.0,23.222712
32821.0,23.219664
32881.0,23.219664
32941.0,23.216616
33001.0,23.213568
33061.0,23.21052
33121.0,23.207472000000003
33181.0,23.207472000000003
33241.0,23.204424
33301.0,23.201376000000003
33361.0,23.198328
33421.0,23.198328
33481.0,23.198328
33541.0,23.19528
33601.0,23.189184
33661.0,23.189184
33721.0,23.186136
33781.0,23.186136
33841.0,23.183088
33901.0,23.18004
33961.0,23.176992
34021.0,23.176992
34081.0,23.173944
34141.0,23.173944
34201.0,23.170896
34261.0,23.167848000000003
34321.0,23.1648
34381.0,23.1648
34441.0,23.1648
34501.0,23.158704000000004
34561.0,23.158704000000004
34621.0,23.155656
34681.0,23.155656
34741.0,23.152608
34801.0,23.14956
34861.0,23.146512
34921.0,23.146512
34981.0,23.143464
35041.0,23.143464
35101.0,23.140416
35161.0,23.137368
35221.0,23.13432
35281.0,23.13432
35341.0,23.131272000000003
35401.0,23.131272000000003
35461.0,23.128224
35521.0,23.125176000000003
35581.0,23.122128
35641.0,23.122128
35701.0,23.11908
35761.0,23.116032
35821.0,23.116032
35881.0,23.112984
35941.0,23.109936
36001.0,23.109936
36061.0,23.106888
36121.0,23.10384
36181.0,23.10384
36241.0,23.100792
36301.0,23.100792
36361.0,23.097744
36421.0,23.094696
36481.0,23.094696
36541.0,23.091648000000003
36601.0,23.0886
36661.0,23.0886
36721.0,23.085552
36781.0,23.085552
36841.0,23.082504000000004
36901.0,23.079456
36961.0,23.079456
37021.0,23.076408
37081.0,23.076408
37141.0,23.07336
37201.0,23.070312
37261.0,23.067264
37321.0,23.067264
37381.0,23.067264
37441.0,23.064216
37501.0,23.061168
37561.0,23.05812
37621.0,23.05812
37681.0,23.055072000000003
37741.0,23.055072000000003
37801.0,23.048976000000003
37861.0,23.048976000000003
37921.0,23.045928
37981.0,23.045928
38041.0,23.04288
38101.0,23.039832
38161.0,23.039832
38221.0,23.036784
38281.0,23.036784
38341.0,23.036784
38401.0,23.033736
38461.0,23.030688
38521.0,23.02764
38581.0,23.02764
38641.0,23.024592
38701.0,23.024592
38761.0,23.021544
38821.0,23.018496
38881.0,23.015448000000003
38941.0,23.015448000000003
39001.0,23.015448000000003
39061.0,23.0124
39121.0,23.0124
39181.0,23.009352
39241.0,23.006304000000004
39301.0,23.003256
39361.0,23.003256
39421.0,23.003256
39481.0,23.000208
39541.0,22.99716
39601.0,22.994112
39661.0,22.994112
39721.0,22.994112
39781.0,22.991064
39841.0,22.988016
39901.0,22.984968
39961.0,22.984968
40021.0,22.98192
40081.0,22.98192
40141.0,22.978872000000003
40201.0,22.975824
40261.0,22.975824
40321.0,22.972776000000003
40381.0,22.972776000000003
40441.0,22.972776000000003
40501.0,22.969728
40561.0,22.969728
40621.0,22.96668
40681.0,22.963632
40741.0,22.960584
40801.0,22.960584
40861.0,22.960584
40921.0,22.957536
40981.0,22.957536
41041.0,22.954488
41101.0,22.95144
41161.0,22.95144
41221.0,22.95144
41281.0,22.948392
41341.0,22.945344
41401.0,22.942296
41461.0,22.942296
41521.0,22.939248000000003
41581.0,22.939248000000003
41641.0,22.939248000000003
41701.0,22.9362
41761.0,22.933152
41821.0,22.930104000000004
41881.0,22.930104000000004
41941.0,22.930104000000004
42001.0,22.927056
42061.0,22.924008
42121.0,22.92096
42181.0,22.92096
42241.0,22.917912
42301.0,22.917912
42361.0,22.917912
42421.0,22.914864000000005
42481.0,22.911816
42541.0,22.911816
42601.0,22.908768
42661.0,22.90572
42721.0,22.90572
42781.0,22.90572
42841.0,22.902672000000003
42901.0,22.902672000000003
42961.0,22.899624
43021.0,22.896576000000003
43081.0,22.896576000000003
43141.0,22.896576000000003
43201.0,22.896576000000003
43261.0,22.89048
43321.0,22.887432
43381.0,22.884384
43441.0,22.884384
43501.0,22.884384
43561.0,22.884384
43621.0,22.881336
43681.0,22.878288
43741.0,22.87524
43801.0,22.87524
43861.0,22.87524
43921.0,22.872192
43981.0,22.872192
44041.0,22.869144
44101.0,22.866096
44161.0,22.866096
44221.0,22.863048000000003
44281.0,22.863048000000003
44341.0,22.863048000000003
44401.0,22.86
44461.0,22.856952
44521.0,22.856952
44581.0,22.853904000000004
44641.0,22.853904000000004
44701.0,22.853904000000004
44761.0,22.850856
44821.0,22.847808
44881.0,22.847808
44941.0,22.84476
45001.0,22.841712
45061.0,22.841712
45121.0,22.841712
45181.0,22.838664000000005
45241.0,22.835616
45301.0,22.835616
45361.0,22.832568
45421.0,22.832568
45481.0,22.82952
45541.0,22.82952
45601.0,22.826472000000003
45661.0,22.826472000000003
45721.0,22.823424
45781.0,22.823424
45841.0,22.820376000000003
45901.0,22.820376000000003
45961.0,22.817328
46021.0,22.817328
46081.0,22.81428
46141.0,22.811232000000004
46201.0,22.811232000000004
46261.0,22.811232000000004
46321.0,22.811232000000004
46381.0,22.811232000000004
46441.0,22.79904
46501.0,22.79904
46561.0,22.795992
46621.0,22.792944
46681.0,22.792944
46741.0,22.789896
46801.0,22.789896
46861.0,22.789896
46921.0,22.786848000000003
46981.0,22.786848000000003
47041.0,22.7838
47101.0,22.780752
47161.0,22.780752
47221.0,22.777704000000004
47281.0,22.777704000000004
47341.0,22.777704000000004
47401.0,22.774656
47461.0,22.774656
47521.0,22.771608
47581.0,22.771608
47641.0,22.76856
47701.0,22.76856
47761.0,22.76856
47821.0,22.765512
47881.0,22.765512
47941.0,22.762464000000005
48001.0,22.762464000000005
48061.0,22.759416
48121.0,22.756368
48181.0,22.756368
48241.0,22.756368
48301.0,22.75332
48361.0,22.75332
48421.0,22.750272
48481.0,22.750272
48541.0,22.747224
48601.0,22.747224
48661.0,22.744176000000003
48721.0,22.744176000000003
48781.0,22.741128
48841.0,22.741128
48901.0,22.73808
48961.0,22.735032000000004
49021.0,22.735032000000004
49081.0,22.735032000000004
49141.0,22.735032000000004
49201.0,22.731984
49261.0,22.728936
49321.0,22.728936
49381.0,22.725888
49441.0,22.725888
49501.0,22.725888
49561.0,22.725888
49621.0,22.72284
49681.0,22.719792
49741.0,22.719792
49801.0,22.716744
49861.0,22.713696
49921.0,22.713696
49981.0,22.713696
50041.0,22.713696
50101.0,22.710648000000003
50161.0,22.707600000000003
50221.0,22.707600000000003
50281.0,22.704552
50341.0,22.704552
50401.0,22.704552
50461.0,22.704552
50521.0,22.701504000000003
50581.0,22.701504000000003
50641.0,22.698456
50701.0,22.695408
50761.0,22.695408
50821.0,22.69236
50881.0,22.69236
50941.0,22.69236
51001.0,22.689312
51061.0,22.689312
51121.0,22.686264000000005
51181.0,22.683216
51241.0,22.683216
51301.0,22.680168
51361.0,22.683216
51421.0,22.680168
51481.0,22.67712
51541.0,22.67712
51601.0,22.674072
51661.0,22.671024
51721.0,22.671024
51781.0,22.671024
51841.0,22.671024
51901.0,22.667976000000003
51961.0,22.667976000000003
52021.0,22.664928
52081.0,22.66188
52141.0,22.66188
52201.0,22.66188
52261.0,22.66188
52321.0,22.658832000000004
52381.0,22.658832000000004
52441.0,22.655784
52501.0,22.652736
52561.0,22.652736
52621.0,22.649688
52681.0,22.649688
52741.0,22.649688
52801.0,22.64664
52861.0,22.64664
52921.0,22.643592
52981.0,22.640544
53041.0,22.640544
53101.0,22.640544
53161.0,22.637496
53221.0,22.637496
53281.0,22.637496
53341.0,22.637496
53401.0,22.634448000000003
53461.0,22.631400000000003
53521.0,22.628352
53581.0,22.628352
53641.0,22.628352
53701.0,22.628352
53761.0,22.625304000000003
53821.0,22.625304000000003
53881.0,22.622256
53941.0,22.622256
54001.0,22.619208
54061.0,22.61616
54121.0,22.61616
54181.0,22.61616
54241.0,22.61616
54301.0,22.61616
54361.0,22.613112
54421.0,22.613112
54481.0,22.610064000000005
54541.0,22.610064000000005
54601.0,22.607016
54661.0,22.607016
54721.0,22.607016
54781.0,22.603968
54841.0,22.603968
54901.0,22.60092
54961.0,22.597872
55021.0,22.594824
55081.0,22.594824
55141.0,22.594824
55201.0,22.591776000000003
55261.0,22.591776000000003
55321.0,22.591776000000003
55381.0,22.588728
55441.0,22.58568
55501.0,22.58568
55561.0,22.58568
55621.0,22.582632000000004
55681.0,22.582632000000004
55741.0,22.582632000000004
55801.0,22.579584
55861.0,22.576536
55921.0,22.576536
55981.0,22.573488
56041.0,22.573488
56101.0,22.573488
56161.0,22.573488
56221.0,22.57044
56281.0,22.57044
56341.0,22.567392
56401.0,22.567392
56461.0,22.564344
56521.0,22.564344
56581.0,22.564344
56641.0,22.564344
56701.0,22.564344
56761.0,22.561296
56821.0,22.558248000000003
56881.0,22.558248000000003
56941.0,22.558248000000003
57001.0,22.555200000000003
57061.0,22.555200000000003
57121.0,22.552152
57181.0,22.552152
57241.0,22.552152
57301.0,22.552152
57361.0,22.549104000000003
57421.0,22.549104000000003
57481.0,22.546056
57541.0,22.546056
57601.0,22.543008
57661.0,22.543008
57721.0,22.543008
57781.0,22.53996
57841.0,22.53996
57901.0,22.536912
57961.0,22.536912
58021.0,22.533864000000005
58081.0,22.533864000000005
58141.0,22.533864000000005
58201.0,22.530816
58261.0,22.530816
58321.0,22.530816
58381.0,22.527768
58441.0,22.527768
58501.0,22.52472
58561.0,22.52472
58621.0,22.521672
58681.0,22.521672
58741.0,22.521672
58801.0,22.521672
58861.0,22.518624
58921.0,22.518624
58981.0,22.515576000000003
59041.0,22.515576000000003
59101.0,22.512528
59161.0,22.512528
59221.0,22.50948
59281.0,22.50948
59341.0,22.50948
59401.0,22.50948
59461.0,22.506432000000004
59521.0,22.506432000000004
59581.0,22.503384
59641.0,22.500336
59701.0,22.500336
59761.0,22.500336
59821.0,22.500336
59881.0,22.497288
59941.0,22.497288
60001.0,22.49424
60061.0,22.49424
60121.0,22.49424
60181.0,22.491192
60241.0,22.488144
60301.0,22.488144
60361.0,22.488144
60421.0,22.488144
60481.0,22.485096
60541.0,22.485096
60601.0,22.482048
60661.0,22.482048
60721.0,22.479000000000003
60781.0,22.479000000000003
60841.0,22.479000000000003
60901.0,22.479000000000003
60961.0,22.475952
61021.0,22.475952
61081.0,22.472904000000003
61141.0,22.472904000000003
61201.0,22.469856
61261.0,22.469856
61321.0,22.469856
61381.0,22.466808
61441.0,22.466808
61501.0,22.466808
61561.0,22.46376
61621.0,22.46376
61681.0,22.46376
61741.0,22.460712
61801.0,22.460712
61861.0,22.460712
61921.0,22.457664000000005
61981.0,22.457664000000005
62041.0,22.457664000000005
62101.0,22.454616
62161.0,22.454616
62221.0,22.451568
62281.0,22.44852
62341.0,22.44852
62401.0,22.44852
62461.0,22.445472
62521.0,22.445472
62581.0,22.445472
62641.0,22.445472
62701.0,22.442424
62761.0,22.442424
62821.0,22.439376000000003
62881.0,22.439376000000003
62941.0,22.436328
63001.0,22.436328
63061.0,22.43328
63121.0,22.43328
63181.0,22.43328
63241.0,22.43328
63301.0,22.430232000000004
63361.0,22.430232000000004
63421.0,22.427184
63481.0,22.427184
63541.0,22.424136
63601.0,22.424136
63661.0,22.424136
63721.0,22.424136
63781.0,22.421088
63841.0,22.424136
63901.0,22.421088
63961.0,22.41804
64021.0,22.41804
64081.0,22.414992
64141.0,22.414992
64201.0,22.411944
64261.0,22.411944
64321.0,22.411944
64381.0,22.411944
64441.0,22.408896
64501.0,22.408896
64561.0,22.405848
64621.0,22.405848
64681.0,22.402800000000003
64741.0,22.402800000000003
64801.0,22.402800000000003
64861.0,22.402800000000003
64921.0,22.402800000000003
64981.0,22.399752
65041.0,22.399752
65101.0,22.396704000000003
65161.0,22.396704000000003
65221.0,22.396704000000003
65281.0,22.393656
65341.0,22.390608
65401.0,22.390608
65461.0,22.390608
65521.0,22.390608
65581.0,22.390608
65641.0,22.38756
65701.0,22.38756
65761.0,22.384512
65821.0,22.384512
65881.0,22.381464000000005
65941.0,22.381464000000005
66001.0,22.381464000000005
66061.0,22.381464000000005
66121.0,22.381464000000005
66181.0,22.378416
66241.0,22.378416
66301.0,22.375368
66361.0,22.375368
66421.0,22.37232
66481.0,22.37232
66541.0,22.369272
66601.0,22.369272
66661.0,22.369272
66721.0,22.369272
66781.0,22.369272
66841.0,22.366224
66901.0,22.366224
66961.0,22.363176000000003
67021.0,22.363176000000003
67081.0,22.360128
67141.0,22.360128
67201.0,22.360128
67261.0,22.360128
67321.0,22.360128
67381.0,22.360128
67441.0,22.35708
67501.0,22.35708
67561.0,22.354032000000004
67621.0,22.354032000000004
67681.0,22.350984
67741.0,22.350984
67801.0,22.350984
67861.0,22.347936
67921.0,22.347936
67981.0,22.347936
68041.0,22.347936
68101.0,22.347936
68161.0,22.344888
68221.0,22.344888
68281.0,22.34184
68341.0,22.34184
68401.0,22.34184
68461.0,22.338792
68521.0,22.338792
68581.0,22.338792
68641.0,22.338792
68701.0,22.335744
68761.0,22.335744
68821.0,22.332696
68881.0,22.332696
68941.0,22.329648
69001.0,22.329648
69061.0,22.326600000000003
69121.0,22.326600000000003
69181.0,22.326600000000003
69241.0,22.326600000000003
69301.0,22.323552
69361.0,22.323552
69421.0,22.323552
69481.0,22.320504000000003
69541.0,22.317456
69601.0,22.317456
69661.0,22.317456
69721.0,22.317456
69781.0,22.317456
69841.0,22.317456
69901.0,22.314408
69961.0,22.314408
70021.0,22.31136
70081.0,22.31136
70141.0,22.31136
70201.0,22.308312
70261.0,22.308312
70321.0,22.305264000000005
70381.0,22.305264000000005
70441.0,22.305264000000005
70501.0,22.305264000000005
70561.0,22.305264000000005
70621.0,22.302216
70681.0,22.299168
70741.0,22.299168
70801.0,22.299168
70861.0,22.299168
70921.0,22.29612
70981.0,22.29612
71041.0,22.29612
71101.0,22.29612
71161.0,22.29612
71221.0,22.293072
71281.0,22.293072
71341.0,22.293072
71401.0,22.290024
71461.0,22.290024
71521.0,22.286976000000003
71581.0,22.286976000000003
71641.0,22.286976000000003
71701.0,22.286976000000003
71761.0,22.283928
71821.0,22.283928
71881.0,22.283928
71941.0,22.283928
72001.0,22.28088
72061.0,22.28088
72121.0,22.28088
72181.0,22.277832000000004
72241.0,22.277832000000004
72301.0,22.274784
72361.0,22.277832000000004
72421.0,22.274784
72481.0,22.274784
72541.0,22.274784
72601.0,22.271736
72661.0,22.271736
72721.0,22.271736
72781.0,22.268688
72841.0,22.268688
72901.0,22.268688
72961.0,22.26564
73021.0,22.26564
73081.0,22.262592
73141.0,22.262592
73201.0,22.262592
73261.0,22.262592
73321.0,22.262592
73381.0,22.259544
73441.0,22.259544
73501.0,22.256496
73561.0,22.256496
73621.0,22.256496
73681.0,22.253448
73741.0,22.253448
73801.0,22.253448
73861.0,22.253448
73921.0,22.253448
73981.0,22.250400000000003
74041.0,22.250400000000003
74101.0,22.247352
74161.0,22.247352
74221.0,22.244304000000003
74281.0,22.244304000000003
74341.0,22.244304000000003
74401.0,22.241256
74461.0,22.241256
74521.0,22.241256
74581.0,22.241256
74641.0,22.241256
74701.0,22.238208
74761.0,22.238208
74821.0,22.238208
74881.0,22.23516
74941.0,22.23516
75001.0,22.232112
75061.0,22.232112
75121.0,22.232112
75181.0,22.232112
75241.0,22.232112
75301.0,22.229064000000005
75361.0,22.229064000000005
75421.0,22.229064000000005
75481.0,22.226016
75541.0,22.226016
75601.0,22.222968
75661.0,22.222968
75721.0,22.222968
75781.0,22.21992
75841.0,22.21992
75901.0,22.21992
75961.0,22.21992
76021.0,22.216872
76081.0,22.216872
76141.0,22.216872
76201.0,22.213824
76261.0,22.213824
76321.0,22.213824
76381.0,22.210776000000003
76441.0,22.210776000000003
76501.0,22.207728
76561.0,22.210776000000003
76621.0,22.207728
76681.0,22.207728
76741.0,22.207728
76801.0,22.207728
76861.0,22.20468
76921.0,22.20468
76981.0,22.20468
77041.0,22.201632000000004
77101.0,22.201632000000004
77161.0,22.198584
77221.0,22.198584
77281.0,22.198584
77341.0,22.198584
77401.0,22.198584
77461.0,22.195536
77521.0,22.195536
77581.0,22.195536
77641.0,22.192488
77701.0,22.192488
77761.0,22.18944
77821.0,22.18944
77881.0,22.18944
77941.0,22.186392
78001.0,22.186392
78061.0,22.186392
78121.0,22.186392
78181.0,22.186392
78241.0,22.186392
78301.0,22.183344
78361.0,22.183344
78421.0,22.183344
78481.0,22.180296
78541.0,22.180296
78601.0,22.180296
78661.0,22.177248
78721.0,22.177248
78781.0,22.177248
78841.0,22.177248
78901.0,22.177248
78961.0,22.174200000000003
79021.0,22.174200000000003
79081.0,22.174200000000003
79141.0,22.174200000000003
79201.0,22.171152
79261.0,22.171152
79321.0,22.171152
79381.0,22.168104000000003
79441.0,22.165056
79501.0,22.168104000000003
79561.0,22.165056
79621.0,22.165056
79681.0,22.165056
79741.0,22.165056
79801.0,22.162008
79861.0,22.162008
79921.0,22.15896
79981.0,22.155912
80041.0,22.15896
80101.0,22.155912
80161.0,22.155912
80221.0,22.155912
80281.0,22.155912
80341.0,22.155912
80401.0,22.152864000000005
80461.0,22.152864000000005
80521.0,22.149816
80581.0,22.149816
80641.0,22.146768
80701.0,22.146768
80761.0,22.146768
80821.0,22.146768
80881.0,22.14372
80941.0,22.14372
81001.0,22.14372
81061.0,22.14372
81121.0,22.140672
81181.0,22.140672
81241.0,22.140672
81301.0,22.137624
81361.0,22.137624
81421.0,22.137624
81481.0,22.134576000000003
81541.0,22.134576000000003
81601.0,22.134576000000003
81661.0,22.134576000000003
81721.0,22.134576000000003
81781.0,22.131528
81841.0,22.131528
81901.0,22.131528
81961.0,22.12848
82021.0,22.12848
82081.0,22.125432000000004
82141.0,22.125432000000004
82201.0,22.125432000000004
82261.0,22.122384
82321.0,22.122384
82381.0,22.122384
82441.0,22.122384
82501.0,22.122384
82561.0,22.122384
82621.0,22.119336
82681.0,22.119336
82741.0,22.119336
82801.0,22.116288
82861.0,22.116288
82921.0,22.116288
82981.0,22.11324
83041.0,22.11324
83101.0,22.11324
83161.0,22.11324
83221.0,22.110192
83281.0,22.110192
83341.0,22.107144
83401.0,22.104096
83461.0,22.104096
83521.0,22.104096
83581.0,22.104096
83641.0,22.101048
83701.0,22.101048
83761.0,22.101048
83821.0,22.101048
83881.0,22.101048
83941.0,22.101048
84001.0,22.101048
84061.0,22.098000000000003
84121.0,22.094952
84181.0,22.094952
84241.0,22.094952
84301.0,22.091904000000003
84361.0,22.094952
84421.0,22.091904000000003
84481.0,22.091904000000003
84541.0,22.091904000000003
84601.0,22.088856
84661.0,22.088856
84721.0,22.085808
84781.0,22.085808
84841.0,22.085808
84901.0,22.08276
84961.0,22.08276
85021.0,22.08276
85081.0,22.079712
85141.0,22.079712
85201.0,22.079712
85261.0,22.079712
85321.0,22.079712
85381.0,22.076664000000005
85441.0,22.076664000000005
85501.0,22.076664000000005
85561.0,22.073616
85621.0,22.073616
85681.0,22.073616
85741.0,22.070568
85801.0,22.070568
85861.0,22.070568
85921.0,22.070568
85981.0,22.070568
86041.0,22.070568
86101.0,22.070568
86161.0,22.06752
86221.0,22.064472
86281.0,22.064472
86341.0,22.064472
86401.0,22.064472
90001.0,21.973032000000003
93601.0,21.921216
97201.0,21.872448
100801.0,21.829776000000003
104401.0,21.790152
108001.0,21.74748
111601.0,21.707856
115201.0,21.67128
118801.0,21.634704000000003
122401.0,21.598128000000003
126001.0,21.561552
129601.0,21.531072
133201.0,21.497544
136801.0,21.464016
140401.0,21.436584
144001.0,21.406104000000003
147601.0,21.375624
151201.0,21.348192000000004
154801.0,21.323808
158401.0,21.296376
162001.0,21.271992000000004
165601.0,21.253704000000003
169201.0,21.226272
172801.0,21.201888
176401.0,21.177504000000003
180001.0,21.156168
183601.0,21.131784
187201.0,21.113496
190801.0,21.092160000000003
194401.0,21.070824
198001.0,21.043392000000004
201601.0,21.025104
205201.0,21.003768
208801.0,20.982432000000003
212401.0,20.961096
216001.0,20.942808
219601.0,20.92452
223201.0,20.903184
226801.0,20.884896
230401.0,20.866608
234001.0,20.845272
237601.0,20.823936
241201.0,20.808696
244801.0,20.790408
248401.0,20.769072
252001.0,20.747736
255601.0,20.729448
259201.0,20.714208
259206.0,20.714208
259211.0,20.714208
259216.0,20.717256
259221.0,20.717256
259226.0,20.720304
259231.0,20.74164
259236.0,20.820888
259241.0,20.964144
259246.0,21.147024
259251.0,21.35124
259256.0,21.585936
259261.0,21.82368
259266.0,22.055328
259271.0,22.299168
259276.0,22.521672
259281.0,22.744176000000003
259286.0,22.945344
259291.0,23.13432
259296.0,23.311104000000004
259301.0,23.478744000000003
259306.0,23.63724
259311.0,23.78964
259316.0,23.929848000000003
259321.0,24.06396
259326.0,24.188928
259331.0,24.310848000000004
259336.0,24.426672
259341.0,24.530304
259346.0,24.636984
259351.0,24.731472
259356.0,24.822912
259361.0,24.911304
259366.0,24.9936
259371.0,25.075896
259376.0,25.152096
259381.0,25.228296
259386.0,25.295352
259391.0,25.365456
259396.0,25.429464000000003
259401.0,25.490424
259406.0,25.554432
259411.0,25.609296
259416.0,25.667208
259421.0,25.719024
259426.0,25.773888000000003
259431.0,25.825704
259436.0,25.874472
259441.0,25.920192000000004
259446.0,25.968960000000003
259451.0,26.01468
259456.0,26.057352
259461.0,26.100024
259466.0,26.142696
259471.0,26.179272
259476.0,26.218896
259481.0,26.261568
259486.0,26.295096
259491.0,26.334720000000004
259496.0,26.368248
259501.0,26.404824
259506.0,26.4414
259511.0,26.47188
259516.0,26.505408
259521.0,26.538936
259526.0,26.569416
259531.0,26.599896
259536.0,26.627328
259541.0,26.660856000000003
259546.0,26.691336
259551.0,26.718768
259556.0,26.7462
259561.0,26.773632000000003
259566.0,26.801064000000004
259571.0,26.828496
259576.0,26.85288
259581.0,26.880312
259586.0,26.904696
259591.0,26.92908
259596.0,26.956512
259601.0,26.977848
259606.0,27.002232000000003
259611.0,27.026616
259616.0,27.047952
259621.0,27.072336
259626.0,27.093672
259631.0,27.118056
259636.0,27.139392000000004
259641.0,27.160728
259646.0,27.182064000000004
259651.0,27.2034
259656.0,27.21864
259661.0,27.243024
259666.0,27.261312
259671.0,27.282648
259676.0,27.300936
259681.0,27.322272
259686.0,27.340560000000004
259691.0,27.358848
259696.0,27.377136
259701.0,27.398472
259706.0,27.413712
259711.0,27.432
259716.0,27.450288
259721.0,27.468576
259726.0,27.483816
259731.0,27.502104000000003
259736.0,27.517344
259741.0,27.535632000000003
259746.0,27.550872
259751.0,27.569160000000004
259756.0,27.5844
259761.0,27.602688
259766.0,27.61488
259771.0,27.633168
259776.0,27.645360000000004
259781.0,27.663648
259786.0,27.678888
259791.0,27.694128000000003
259796.0,27.709368
259801.0,27.721560000000004
259806.0,27.7368
259811.0,27.75204
259816.0,27.76728
259821.0,27.78252
259826.0,27.797760000000004
259831.0,27.813
259836.0,27.825192000000005
259841.0,27.831288
259846.0,27.849576000000003
259851.0,27.861768
259856.0,27.873960000000004
259861.0,27.8892
259891.0,27.968448
259921.0,28.041600000000003
259951.0,28.108656
259981.0,28.178760000000004
260011.0,28.242768
260041.0,28.303728
260071.0,28.36164
260101.0,28.419552
260131.0,28.474416
260161.0,28.526232000000004
260191.0,28.575000000000003
260221.0,28.623768
260251.0,28.672536
260281.0,28.715208
260311.0,28.760928
260341.0,28.803600000000003
260371.0,28.846272000000003
260401.0,28.885896
260431.0,28.92552
260461.0,28.965144
260491.0,29.00172
260521.0,29.035248000000003
260551.0,29.074872000000003
260581.0,29.108400000000003
260611.0,29.141928
260641.0,29.172408
260671.0,29.205936
260701.0,29.236416
260731.0,29.263848000000003
260761.0,29.294328
260791.0,29.324808
260821.0,29.355288
260851.0,29.379672000000003
260881.0,29.407104000000004
260911.0,29.431488
260941.0,29.458920000000003
260971.0,29.483304000000004
261001.0,29.507688
261031.0,29.535120000000003
261061.0,29.559504000000004
261121.0,29.608272000000003
261181.0,29.653992
261241.0,29.699712
261301.0,29.745432
261361.0,29.788104
261421.0,29.830776000000004
261481.0,29.8704
261541.0,29.910024
261601.0,29.949648
261661.0,29.989272000000003
261721.0,30.0228
261781.0,30.059376000000004
261841.0,30.092904
261901.0,30.12948
261961.0,30.163008000000005
262021.0,30.193488
262081.0,30.227016000000003
262141.0,30.257496000000003
262201.0,30.287976000000004
262261.0,30.315408000000005
262321.0,30.345888
262381.0,30.373320000000003
262441.0,30.400752000000004
262501.0,30.428184
262561.0,30.455616000000003
262621.0,30.48
262681.0,30.504384
262741.0,30.531816000000003
262801.0,30.5562
262861.0,30.580584
262921.0,30.604968
262981.0,30.626304
263041.0,30.650688
263101.0,30.675072
263161.0,30.696408000000005
263221.0,30.720792
263281.0,30.73908
263341.0,30.763464000000003
263401.0,30.781752000000004
263461.0,30.803088
263521.0,30.821376000000004
263581.0,30.842712
263641.0,30.861
263701.0,30.882336
263761.0,30.900624
263821.0,30.918912
263881.0,30.9372
263941.0,30.955488000000003
264001.0,30.973776000000004
264061.0,30.989016000000003
264121.0,31.007304
264181.0,31.025592
264241.0,31.04388
264301.0,31.059120000000004
264361.0,31.07436
264421.0,31.092648
264481.0,31.107888000000003
264541.0,31.123128
264601.0,31.138368
264661.0,31.156656
264721.0,31.171896000000004
264781.0,31.184088000000003
264841.0,31.202376000000005
264901.0,31.214568
264961.0,31.22980800000001
265021.0,31.245048
265081.0,31.25724
265141.0,31.27248
265201.0,31.287720000000004
265261.0,31.299912000000003
265321.0,31.315152000000005
265381.0,31.327344000000004
265441.0,31.342584
265501.0,31.354776000000005
265561.0,31.366968
265621.0,31.37916
265681.0,31.3944
265741.0,31.406592
265801.0,31.418784
265861.0,31.430976000000005
265921.0,31.440120000000004
265981.0,31.45536
266041.0,31.467552000000005
266101.0,31.479744
266161.0,31.491936
266221.0,31.504128
266281.0,31.513272
266341.0,31.525464000000003
266401.0,31.537656
266461.0,31.549848
266521.0,31.558992
266581.0,31.571184
266641.0,31.580328
266701.0,31.592520000000004
266761.0,31.601664000000003
266821.0,31.613856
266881.0,31.623
266941.0,31.635192
267001.0,31.644336
267061.0,31.656528
267121.0,31.665672
267181.0,31.677864000000003
267241.0,31.687008
267301.0,31.696152000000005
267361.0,31.705296000000004
267421.0,31.71444
267481.0,31.726632
267541.0,31.735776
267601.0,31.744920000000004
267661.0,31.754064000000003
267721.0,31.763208
267781.0,31.7754
267841.0,31.781496000000004
267901.0,31.79064
267961.0,31.802832
268021.0,31.808928
268081.0,31.818072
268141.0,31.827216000000004
268201.0,31.839408
268261.0,31.845504
268321.0,31.854648
268381.0,31.860744
268441.0,31.869888000000003
268501.0,31.88208
268561.0,31.888176
268621.0,31.897320000000004
268681.0,31.903416000000004
268741.0,31.912560000000003
268801.0,31.924752000000005
268861.0,31.930848
268921.0,31.936944
268981.0,31.946088000000003
269041.0,31.955232
269101.0,31.964376
269161.0,31.970472
269221.0,31.979616000000004
269281.0,31.988760000000003
269341.0,31.994856
269401.0,32.000952000000005
269461.0,32.010096000000004
269521.0,32.01924
269581.0,32.025336
269641.0,32.031432
269701.0,32.040576
269761.0,32.046672
269821.0,32.052768
269881.0,32.061912
269941.0,32.071056
270001.0,32.074104
270061.0,32.086296000000004
270121.0,32.092392
270181.0,32.098488
270241.0,32.104584
270301.0,32.11068
270361.0,32.116776
270421.0,32.12592
270481.0,32.132016
270541.0,32.14116
270601.0,32.147256
270661.0,32.153352000000005
270721.0,32.162496000000004
270781.0,32.168592
270841.0,32.171640000000004
270901.0,32.180784
270961.0,32.18688
271021.0,32.192976
271081.0,32.20212
271141.0,32.208216
271201.0,32.214312
271261.0,32.220408000000006
271321.0,32.226504
271381.0,32.232600000000005
271441.0,32.238696000000004
271501.0,32.247840000000004
271561.0,32.250888
271621.0,32.256984
271681.0,32.266128
271741.0,32.269176
271801.0,32.27832
271861.0,32.281368
271921.0,32.290512
271981.0,32.29356
272041.0,32.299656
272101.0,32.308800000000005
272161.0,32.311848
272221.0,32.317944000000004
272281.0,32.324040000000004
272341.0,32.330136
272401.0,32.336232
272461.0,32.342328
272521.0,32.348424
272581.0,32.35452
272641.0,32.357568
272701.0,32.36366400000001
272761.0,32.36976
272821.0,32.375856
272881.0,32.381952000000005
272941.0,32.388048
273001.0,32.391096000000005
273061.0,32.397192
273121.0,32.403288
273181.0,32.409384
273241.0,32.412432
273301.0,32.418528
273361.0,32.424624
273421.0,32.43072
273481.0,32.433768
273541.0,32.43986400000001
273601.0,32.44596
273661.0,32.452056
273721.0,32.455104
273781.0,32.461200000000005
273841.0,32.464248
273901.0,32.470344000000004
273961.0,32.476440000000004
274021.0,32.482536
274081.0,32.485584
274141.0,32.49168
274201.0,32.494728
274261.0,32.503872
274321.0,32.50692
274381.0,32.513016
274441.0,32.51606400000001
274501.0,32.52216
274561.0,32.525208000000006
274621.0,32.531304
274681.0,32.5374
274741.0,32.540448
274801.0,32.546544000000004
274861.0,32.549592
274921.0,32.555688
274981.0,32.561784
275041.0,32.564832
275101.0,32.56788
275161.0,32.573976
275221.0,32.580072
275281.0,32.58312
275341.0,32.589216
275401.0,32.59226400000001
275461.0,32.59836
275521.0,32.601408000000006
275581.0,32.607504
275641.0,32.6136
275701.0,32.616648
275761.0,32.619696000000005
275821.0,32.622744000000004
275881.0,32.628840000000004
275941.0,32.634936
276001.0,32.637984
276061.0,32.64408
276121.0,32.647128
276181.0,32.653224
276241.0,32.656272
276301.0,32.65932
276361.0,32.665416
276421.0,32.66846400000001
276481.0,32.671512
276541.0,32.677608000000006
276601.0,32.680656
276661.0,32.686752000000006
276721.0,32.6898
276781.0,32.692848
276841.0,32.698944000000004
276901.0,32.701992
276961.0,32.708088000000004
277021.0,32.711136
277081.0,32.714184
277141.0,32.72028
277201.0,32.723328
277261.0,32.726376
277321.0,32.732472
277381.0,32.73552
277441.0,32.738568
277501.0,32.741616
277561.0,32.747712
277621.0,32.75076
277681.0,32.75380800000001
277741.0,32.759904
277801.0,32.762952000000006
277861.0,32.766
277921.0,32.772096000000005
277981.0,32.772096000000005
278041.0,32.778192
278101.0,32.784288000000004
278161.0,32.787336
278221.0,32.790384
278281.0,32.79648
278341.0,32.79648
278401.0,32.802576
278461.0,32.805624
278521.0,32.808672
278581.0,32.81172
278641.0,32.817816
278701.0,32.817816
278761.0,32.823912
278821.0,32.82696
278881.0,32.83000800000001
278941.0,32.833056
279001.0,32.839152000000006
279061.0,32.8422
279121.0,32.848296000000005
279181.0,32.848296000000005
279241.0,32.851344000000005
279301.0,32.857440000000004
279361.0,32.860488000000004
279421.0,32.863536
279481.0,32.866584
279541.0,32.869632
279601.0,32.87268
279661.0,32.878776
279721.0,32.881824
279781.0,32.884872
279841.0,32.88792
279901.0,32.890968
279961.0,32.894016
280021.0,32.900112
280081.0,32.90316
280141.0,32.90316
280201.0,32.909256
280261.0,32.912304
280321.0,32.915352000000006
280381.0,32.9184
280441.0,32.921448
280501.0,32.924496000000005
280561.0,32.927544000000005
280621.0,32.933640000000004
280681.0,32.936688000000004
280741.0,32.939736
280801.0,32.942784
280861.0,32.945832
280921.0,32.945832
280981.0,32.951928
281041.0,32.954976
281101.0,32.958024
281161.0,32.961072
281221.0,32.967168
281281.0,32.967168
281341.0,32.970216
281401.0,32.973264
281461.0,32.976312
281521.0,32.97936
281581.0,32.985456
281641.0,32.988504
281701.0,32.991552000000006
281761.0,32.991552000000006
281821.0,32.997648
281881.0,33.000696000000005
281941.0,33.000696000000005
282001.0,33.006792
282061.0,33.009840000000004
282121.0,33.009840000000004
282181.0,33.015936
282241.0,33.018984
282301.0,33.022032
282361.0,33.02508
282421.0,33.028128
282481.0,33.031176
282541.0,33.031176
282601.0,33.037272
282661.0,33.04032
282721.0,33.043368
282781.0,33.046416
282841.0,33.046416
282901.0,33.052512
282961.0,33.052512
283021.0,33.05860800000001
283081.0,33.061656
283141.0,33.064704
283201.0,33.064704
283261.0,33.067752000000006
283321.0,33.0708
283381.0,33.073848
283441.0,33.076896000000005
283501.0,33.079944000000005
283561.0,33.082992
283621.0,33.086040000000004
283681.0,33.086040000000004
283741.0,33.089088000000004
283801.0,33.095184
283861.0,33.095184
283921.0,33.098232
283981.0,33.10128
284041.0,33.107376
284101.0,33.107376
284161.0,33.110424
284221.0,33.11652
284281.0,33.11652
284341.0,33.119568
284401.0,33.122616
284461.0,33.125664
284521.0,33.128712
284581.0,33.128712
284641.0,33.13176
284701.0,33.137856
284761.0,33.137856
284821.0,33.140904
284881.0,33.143952000000006
284941.0,33.147
285001.0,33.150048
285061.0,33.150048
285121.0,33.156144000000005
285181.0,33.159192
285241.0,33.162240000000004
285301.0,33.162240000000004
285361.0,33.165288000000004
285421.0,33.168336
285481.0,33.171384
285541.0,33.171384
285601.0,33.174432
285661.0,33.17748
285721.0,33.180528
285781.0,33.183576
285841.0,33.183576
285901.0,33.189672
285961.0,33.19272
286021.0,33.19272
286081.0,33.195768
286141.0,33.198816
286201.0,33.201864
286261.0,33.204912
286321.0,33.204912
286381.0,33.20796
286441.0,33.21100800000001
286501.0,33.214056
286561.0,33.217104
286621.0,33.217104
286681.0,33.220152000000006
286741.0,33.2232
286801.0,33.226248
286861.0,33.226248
286921.0,33.232344000000005
286981.0,33.232344000000005
287041.0,33.235392
287101.0,33.238440000000004
287161.0,33.238440000000004
287221.0,33.244536
287281.0,33.247584
287341.0,33.247584
287401.0,33.247584
287461.0,33.250632
287521.0,33.25368
287581.0,33.256728
287641.0,33.256728
287701.0,33.259776
287761.0,33.262824
287821.0,33.265872
287881.0,33.26892
287941.0,33.26892
288001.0,33.275016
288061.0,33.275016
288121.0,33.278064
288181.0,33.278064
288241.0,33.281112
288301.0,33.28416
288361.0,33.28720800000001
288421.0,33.290256
288481.0,33.290256
288541.0,33.293304
288601.0,33.296352000000006
288661.0,33.2994
288721.0,33.2994
288781.0,33.302448
288841.0,33.305496000000005
288901.0,33.305496000000005
288961.0,33.311592
289021.0,33.311592
289081.0,33.311592
289141.0,33.314640000000004
289201.0,33.317688000000004
289261.0,33.320736
289321.0,33.320736
289381.0,33.323784
289441.0,33.326832
289501.0,33.32988
289561.0,33.332928
289621.0,33.332928
289681.0,33.332928
289741.0,33.339024
289801.0,33.339024
289861.0,33.34512
289921.0,33.34512
289981.0,33.34512
290041.0,33.348168
290101.0,33.351216
290161.0,33.354264
290221.0,33.354264
290281.0,33.357312
290341.0,33.36036
290401.0,33.36036
290461.0,33.36340800000001
290521.0,33.366456
290581.0,33.366456
290641.0,33.369504
290701.0,33.372552000000006
290761.0,33.3756
290821.0,33.3756
290881.0,33.378648
290941.0,33.378648
291001.0,33.381696000000005
291061.0,33.384744000000005
291121.0,33.387792
291181.0,33.387792
291241.0,33.390840000000004
291301.0,33.393888000000004
291361.0,33.396936
291421.0,33.396936
291481.0,33.396936
291541.0,33.399984
291601.0,33.403032
291661.0,33.40608
291721.0,33.409128
291781.0,33.409128
291841.0,33.409128
291901.0,33.412176
291961.0,33.415224
292021.0,33.418272
292081.0,33.418272
292141.0,33.42132
292201.0,33.42132
292261.0,33.424368
292321.0,33.427416
292381.0,33.430464
292441.0,33.430464
292501.0,33.433512
292561.0,33.43656
292621.0,33.43656
292681.0,33.43960800000001
292741.0,33.43960800000001
292801.0,33.442656
292861.0,33.445704
292921.0,33.445704
292981.0,33.448752000000006
293041.0,33.4518
293101.0,33.4518
293161.0,33.454848
293221.0,33.457896000000005
293281.0,33.457896000000005
293341.0,33.460944000000005
293401.0,33.460944000000005
293461.0,33.463992
293521.0,33.463992
293581.0,33.467040000000004
293641.0,33.470088000000004
293701.0,33.473136
293761.0,33.473136
293821.0,33.476184
293881.0,33.476184
293941.0,33.479232
294001.0,33.48228
294061.0,33.48228
294121.0,33.48228
294181.0,33.485328
294241.0,33.488376
294301.0,33.491424
294361.0,33.491424
294421.0,33.494472
294481.0,33.494472
294541.0,33.49752
294601.0,33.500568
294661.0,33.500568
294721.0,33.503616
294781.0,33.503616
294841.0,33.506664
294901.0,33.506664
294961.0,33.509712
295021.0,33.51276
295081.0,33.51580800000001
295141.0,33.51580800000001
295201.0,33.51580800000001
295261.0,33.518856
295321.0,33.521904
295381.0,33.524952000000006
295441.0,33.524952000000006
295501.0,33.524952000000006
295561.0,33.528
295621.0,33.531048
295681.0,33.531048
295741.0,33.534096000000005
295801.0,33.537144000000005
295861.0,33.537144000000005
295921.0,33.537144000000005
295981.0,33.540192
296041.0,33.540192
296101.0,33.54324
296161.0,33.546288000000004
296221.0,33.546288000000004
296281.0,33.549336
296341.0,33.549336
296401.0,33.552384
296461.0,33.555432
296521.0,33.555432
296581.0,33.55848
296641.0,33.55848
296701.0,33.561528
296761.0,33.561528
296821.0,33.564576
296881.0,33.567624
296941.0,33.567624
297001.0,33.567624
297061.0,33.570672
297121.0,33.57372
297181.0,33.576768
297241.0,33.576768
297301.0,33.579816
297361.0,33.579816
297421.0,33.579816
297481.0,33.582864
297541.0,33.585912
297601.0,33.585912
297661.0,33.58896
297721.0,33.58896
297781.0,33.58896
297841.0,33.59200800000001
297901.0,33.595056
297961.0,33.595056
298021.0,33.598104
298081.0,33.601152000000006
298141.0,33.601152000000006
298201.0,33.601152000000006
298261.0,33.6042
298321.0,33.6042
298381.0,33.610296000000005
298441.0,33.610296000000005
298501.0,33.613344000000005
298561.0,33.610296000000005
298621.0,33.613344000000005
298681.0,33.616392
298741.0,33.616392
298801.0,33.61944
298861.0,33.622488000000004
298921.0,33.622488000000004
298981.0,33.622488000000004
299041.0,33.625536
299101.0,33.625536
299161.0,33.628584000000004
299221.0,33.631632
299281.0,33.631632
299341.0,33.63468
299401.0,33.63468
299461.0,33.637728
299521.0,33.637728
299581.0,33.640776
299641.0,33.643824
299701.0,33.643824
299761.0,33.643824
299821.0,33.643824
299881.0,33.646872
299941.0,33.64992
300001.0,33.64992
300061.0,33.652968
300121.0,33.656016
300181.0,33.656016
300241.0,33.656016
300301.0,33.659064
300361.0,33.659064
300421.0,33.662112
300481.0,33.662112
300541.0,33.66516
300601.0,33.66516
300661.0,33.66820800000001
300721.0,33.66820800000001
300781.0,33.671256
300841.0,33.674304
300901.0,33.674304
300961.0,33.677352000000006
301021.0,33.677352000000006
301081.0,33.677352000000006
301141.0,33.6804
301201.0,33.683448
301261.0,33.683448
301321.0,33.686496000000005
301381.0,33.686496000000005
301441.0,33.686496000000005
301501.0,33.689544000000005
301561.0,33.689544000000005
301621.0,33.692592
301681.0,33.69564
301741.0,33.69564
301801.0,33.698688000000004
301861.0,33.698688000000004
301921.0,33.698688000000004
301981.0,33.701736
302041.0,33.704784000000004
302101.0,33.704784000000004
302161.0,33.707832
302221.0,33.707832
302281.0,33.707832
302341.0,33.71088
302401.0,33.71088
302461.0,33.713928
302521.0,33.716976
302581.0,33.716976
302641.0,33.720024
302701.0,33.720024
302761.0,33.720024
302821.0,33.723072
302881.0,33.723072
302941.0,33.72612
303001.0,33.72612
303061.0,33.729168
303121.0,33.729168
303181.0,33.729168
303241.0,33.735264
303301.0,33.735264
303361.0,33.738312
303421.0,33.738312
303481.0,33.738312
303541.0,33.74136
303601.0,33.74136
303661.0,33.74136
303721.0,33.74440800000001
303781.0,33.74440800000001
303841.0,33.747456
303901.0,33.750504
303961.0,33.750504
304021.0,33.750504
304081.0,33.750504
304141.0,33.753552000000006
304201.0,33.7566
304261.0,33.7566
304321.0,33.759648
304381.0,33.759648
304441.0,33.762696000000005
304501.0,33.762696000000005
304561.0,33.762696000000005
304621.0,33.765744000000005
304681.0,33.765744000000005
304741.0,33.768792
304801.0,33.77184
304861.0,33.77184
304921.0,33.77184
304981.0,33.774888000000004
305041.0,33.774888000000004
305101.0,33.777936
305161.0,33.777936
305221.0,33.780984000000004
305281.0,33.784032
305341.0,33.784032
305401.0,33.784032
305461.0,33.784032
305521.0,33.78708
305581.0,33.78708
305641.0,33.790128
305701.0,33.790128
305761.0,33.790128
305821.0,33.793176
305881.0,33.793176
305941.0,33.793176
306001.0,33.796224
306061.0,33.796224
306121.0,33.799272
306181.0,33.799272
306241.0,33.80232
306301.0,33.805368
306361.0,33.805368
306421.0,33.805368
306481.0,33.808416
306541.0,33.808416
306601.0,33.811464
306661.0,33.811464
306721.0,33.814512
306781.0,33.814512
306841.0,33.814512
306901.0,33.81756
306961.0,33.81756
307021.0,33.82060800000001
307081.0,33.82060800000001
307141.0,33.823656
307201.0,33.823656
307261.0,33.826704
307321.0,33.826704
307381.0,33.826704
307441.0,33.829752000000006
307501.0,33.829752000000006
307561.0,33.829752000000006
307621.0,33.8328
307681.0,33.835848
307741.0,33.835848
307801.0,33.838896000000005
307861.0,33.838896000000005
307921.0,33.838896000000005
307981.0,33.838896000000005
308041.0,33.841944000000005
308101.0,33.844992
308161.0,33.844992
308221.0,33.84804
308281.0,33.84804
308341.0,33.84804
308401.0,33.851088000000004
308461.0,33.851088000000004
308521.0,33.854136
308581.0,33.854136
308641.0,33.857184000000004
308701.0,33.857184000000004
308761.0,33.860232
308821.0,33.860232
308881.0,33.860232
308941.0,33.860232
309001.0,33.86328
309061.0,33.866328
309121.0,33.866328
309181.0,33.866328
309241.0,33.869376
309301.0,33.869376
309361.0,33.869376
309421.0,33.869376
309481.0,33.872424
309541.0,33.872424
309601.0,33.875472
309661.0,33.87852
309721.0,33.87852
309781.0,33.881568
309841.0,33.881568
309901.0,33.881568
309961.0,33.881568
310021.0,33.884616
310081.0,33.884616
310141.0,33.887664
310201.0,33.887664
310261.0,33.890712
310321.0,33.890712
310381.0,33.890712
310441.0,33.89376
310501.0,33.89376
310561.0,33.89680800000001
310621.0,33.89680800000001
310681.0,33.899856
310741.0,33.899856
310801.0,33.902904
310861.0,33.902904
310921.0,33.902904
310981.0,33.902904
311041.0,33.905952000000006
311101.0,33.905952000000006
311161.0,33.909
311221.0,33.909
311281.0,33.909
311341.0,33.912048
311401.0,33.912048
311461.0,33.912048
311521.0,33.912048
311581.0,33.915096000000005
311641.0,33.915096000000005
311701.0,33.918144000000005
311761.0,33.918144000000005
311821.0,33.921192
311881.0,33.92424
311941.0,33.92424
312001.0,33.92424
312061.0,33.92424
312121.0,33.927288000000004
312181.0,33.927288000000004
312241.0,33.927288000000004
312301.0,33.930336
312361.0,33.930336
312421.0,33.933384000000004
312481.0,33.933384000000004
312541.0,33.933384000000004
312601.0,33.936432
312661.0,33.936432
312721.0,33.93948
312781.0,33.93948
312841.0,33.93948
312901.0,33.942528
312961.0,33.945576
313021.0,33.945576
313081.0,33.945576
313141.0,33.945576
313201.0,33.948624
313261.0,33.948624
313321.0,33.948624
313381.0,33.951672
313441.0,33.951672
313501.0,33.95472
313561.0,33.95472
313621.0,33.95472
313681.0,33.95472
313741.0,33.957768
313801.0,33.957768
313861.0,33.960816
313921.0,33.960816
313981.0,33.963864
314041.0,33.966912
314101.0,33.966912
314161.0,33.966912
314221.0,33.966912
314281.0,33.966912
314341.0,33.96996
314401.0,33.96996
314461.0,33.96996
314521.0,33.97300800000001
314581.0,33.976056
314641.0,33.976056
314701.0,33.976056
314761.0,33.976056
314821.0,33.976056
314881.0,33.979104
314941.0,33.979104
315001.0,33.982152000000006
315061.0,33.982152000000006
315121.0,33.9852
315181.0,33.9852
315241.0,33.988248
315301.0,33.988248
315361.0,33.988248
315421.0,33.988248
315481.0,33.991296000000006
315541.0,33.991296000000006
315601.0,33.991296000000006
315661.0,33.994344000000005
315721.0,33.994344000000005
315781.0,33.994344000000005
315841.0,33.997392
315901.0,33.997392
315961.0,33.997392
316021.0,33.997392
316081.0,34.00044
316141.0,34.00044
316201.0,34.00044
316261.0,34.003488000000004
316321.0,34.003488000000004
316381.0,34.006536
316441.0,34.006536
316501.0,34.009584000000004
316561.0,34.009584000000004
316621.0,34.009584000000004
316681.0,34.009584000000004
316741.0,34.012632
316801.0,34.012632
316861.0,34.012632
316921.0,34.01568
316981.0,34.01568
317041.0,34.018728
317101.0,34.018728
317161.0,34.018728
317221.0,34.018728
317281.0,34.021776
317341.0,34.021776
317401.0,34.021776
317461.0,34.024824
317521.0,34.024824
317581.0,34.027872
317641.0,34.027872
317701.0,34.03092
317761.0,34.03092
317821.0,34.03092
317881.0,34.03092
317941.0,34.03092
318001.0,34.033968
318061.0,34.033968
318121.0,34.037016
318181.0,34.040064
318241.0,34.037016
318301.0,34.040064
318361.0,34.043112
318421.0,34.043112
318481.0,34.043112
318541.0,34.043112
318601.0,34.043112
318661.0,34.04616
318721.0,34.04616
318781.0,34.04616
318841.0,34.04920800000001
318901.0,34.04920800000001
318961.0,34.052256
319021.0,34.052256
319081.0,34.052256
319141.0,34.052256
319201.0,34.055304
319261.0,34.055304
319321.0,34.055304
319381.0,34.058352000000006
319441.0,34.058352000000006
319501.0,34.0614
319561.0,34.0614
319621.0,34.0614
319681.0,34.064448
319741.0,34.064448
319801.0,34.064448
319861.0,34.064448
319921.0,34.064448
319981.0,34.067496000000006
320041.0,34.067496000000006
320101.0,34.070544000000005
320161.0,34.070544000000005
320221.0,34.073592
320281.0,34.070544000000005
320341.0,34.073592
320401.0,34.073592
320461.0,34.073592
320521.0,34.07664
320581.0,34.07664
320641.0,34.07664
320701.0,34.079688000000004
320761.0,34.079688000000004
320821.0,34.082736
320881.0,34.082736
320941.0,34.082736
321001.0,34.085784000000004
321061.0,34.085784000000004
321121.0,34.085784000000004
321181.0,34.085784000000004
321241.0,34.088832000000004
321301.0,34.088832000000004
321361.0,34.088832000000004
321421.0,34.09188
321481.0,34.09188
321541.0,34.094928
321601.0,34.094928
321661.0,34.094928
321721.0,34.094928
321781.0,34.094928
321841.0,34.097976
321901.0,34.097976
321961.0,34.101024
322021.0,34.101024
322081.0,34.101024
322141.0,34.104072
322201.0,34.104072
322261.0,34.10712
322321.0,34.10712
322381.0,34.10712
322441.0,34.10712
322501.0,34.10712
322561.0,34.10712
322621.0,34.110168
322681.0,34.110168
322741.0,34.113216
322801.0,34.113216
322861.0,34.116264
322921.0,34.116264
322981.0,34.116264
323041.0,34.116264
323101.0,34.116264
323161.0,34.119312
323221.0,34.119312
323281.0,34.119312
323341.0,34.12236
323401.0,34.12236
323461.0,34.12236
323521.0,34.12540800000001
323581.0,34.12540800000001
323641.0,34.128456
323701.0,34.128456
323761.0,34.128456
323821.0,34.128456
323881.0,34.128456
323941.0,34.128456
324001.0,34.131504
324061.0,34.131504
324121.0,34.134552000000006
324181.0,34.134552000000006
324241.0,34.134552000000006
324301.0,34.1376
324361.0,34.1376
324421.0,34.1376
324481.0,34.1376
324541.0,34.1376
324601.0,34.140648
324661.0,34.140648
324721.0,34.140648
324781.0,34.140648
324841.0,34.143696000000006
324901.0,34.146744000000005
324961.0,34.146744000000005
325021.0,34.146744000000005
325081.0,34.146744000000005
325141.0,34.149792
325201.0,34.149792
325261.0,34.149792
325321.0,34.149792
325381.0,34.15284
325441.0,34.15284
325501.0,34.15284
325561.0,34.15284
325621.0,34.155888000000004
325681.0,34.155888000000004
325741.0,34.158936
325801.0,34.158936
325861.0,34.158936
325921.0,34.158936
325981.0,34.158936
326041.0,34.158936
326101.0,34.161984000000004
326161.0,34.161984000000004
326221.0,34.165032000000004
326281.0,34.165032000000004
326341.0,34.165032000000004
326401.0,34.16808
326461.0,34.16808
326521.0,34.171128
326581.0,34.171128
326641.0,34.171128
326701.0,34.171128
326761.0,34.171128
326821.0,34.171128
326881.0,34.174176
326941.0,34.174176
327001.0,34.177224
327061.0,34.177224
327121.0,34.177224
327181.0,34.180272
327241.0,34.180272
327301.0,34.180272
327361.0,34.180272
327421.0,34.180272
327481.0,34.18332
327541.0,34.18332
327601.0,34.18332
327661.0,34.186368
327721.0,34.186368
327781.0,34.186368
327841.0,34.189416
327901.0,34.189416
327961.0,34.189416
328021.0,34.192464
328081.0,34.192464
328141.0,34.192464
328201.0,34.192464
328261.0,34.192464
328321.0,34.192464
328381.0,34.195512
328441.0,34.195512
328501.0,34.19856
328561.0,34.19856
328621.0,34.19856
328681.0,34.20160800000001
328741.0,34.20160800000001
328801.0,34.20160800000001
328861.0,34.20160800000001
328921.0,34.20160800000001
328981.0,34.204656
329041.0,34.204656
329101.0,34.204656
329161.0,34.207704
329221.0,34.207704
329281.0,34.21075200000001
329341.0,34.21075200000001
329401.0,34.21075200000001
329461.0,34.21075200000001
329521.0,34.2138
329581.0,34.2138
329641.0,34.2138
329701.0,34.2138
329761.0,34.2138
329821.0,34.216848
329881.0,34.216848
329941.0,34.216848
330001.0,34.216848
330061.0,34.219896000000006
330121.0,34.219896000000006
330181.0,34.219896000000006
330241.0,34.222944000000005
330301.0,34.222944000000005
330361.0,34.222944000000005
330421.0,34.222944000000005
330481.0,34.222944000000005
330541.0,34.222944000000005
330601.0,34.225992
330661.0,34.225992
330721.0,34.225992
330781.0,34.22904
330841.0,34.22904
330901.0,34.22904
330961.0,34.232088000000005
331021.0,34.232088000000005
331081.0,34.232088000000005
331141.0,34.235136
331201.0,34.235136
331261.0,34.235136
331321.0,34.235136
331381.0,34.235136
331441.0,34.235136
331501.0,34.238184000000004
331561.0,34.238184000000004
331621.0,34.238184000000004
331681.0,34.238184000000004
331741.0,34.241232000000004
331801.0,34.241232000000004
331861.0,34.24428
331921.0,34.24428
331981.0,34.24428
332041.0,34.24428
332101.0,34.24428
332161.0,34.24428
332221.0,34.247328
332281.0,34.247328
332341.0,34.247328
332401.0,34.250376
332461.0,34.250376
332521.0,34.250376
332581.0,34.250376
332641.0,34.253424
332701.0,34.253424
332761.0,34.256472
332821.0,34.256472
332881.0,34.256472
332941.0,34.256472
333001.0,34.256472
333061.0,34.256472
333121.0,34.256472
333181.0,34.25952
333241.0,34.25952
333301.0,34.262568
333361.0,34.262568
333421.0,34.262568
333481.0,34.262568
333541.0,34.265616
333601.0,34.265616
333661.0,34.268664
333721.0,34.268664
333781.0,34.268664
333841.0,34.268664
333901.0,34.268664
333961.0,34.268664
334021.0,34.268664
334081.0,34.271712
334141.0,34.271712
334201.0,34.271712
334261.0,34.27476
334321.0,34.27476
334381.0,34.27476
334441.0,34.27780800000001
334501.0,34.27780800000001
334561.0,34.27780800000001
334621.0,34.27780800000001
334681.0,34.27780800000001
334741.0,34.27780800000001
334801.0,34.280856
334861.0,34.280856
334921.0,34.280856
334981.0,34.280856
335041.0,34.283904
335101.0,34.283904
335161.0,34.283904
335221.0,34.28695200000001
335281.0,34.28695200000001
335341.0,34.28695200000001
335401.0,34.29
335461.0,34.29
335521.0,34.29
335581.0,34.29
335641.0,34.29
335701.0,34.29
335761.0,34.29
335821.0,34.293048
335881.0,34.293048
335941.0,34.293048
336001.0,34.293048
336061.0,34.296096000000006
336121.0,34.296096000000006
336181.0,34.296096000000006
336241.0,34.299144000000005
336301.0,34.299144000000005
336361.0,34.299144000000005
336421.0,34.299144000000005
336481.0,34.299144000000005
336541.0,34.299144000000005
336601.0,34.299144000000005
336661.0,34.302192
336721.0,34.302192
336781.0,34.30524
336841.0,34.30524
336901.0,34.30524
336961.0,34.30524
337021.0,34.30524
337081.0,34.308288000000005
337141.0,34.308288000000005
337201.0,34.308288000000005
337261.0,34.311336
337321.0,34.311336
337381.0,34.311336
337441.0,34.311336
337501.0,34.311336
337561.0,34.311336
337621.0,34.314384000000004
337681.0,34.314384000000004
337741.0,34.314384000000004
337801.0,34.317432000000004
337861.0,34.317432000000004
337921.0,34.317432000000004
337981.0,34.317432000000004
338041.0,34.32048
338101.0,34.32048
338161.0,34.32048
338221.0,34.32048
338281.0,34.32048
338341.0,34.32048
338401.0,34.323528
338461.0,34.323528
338521.0,34.323528
338581.0,34.326576
338641.0,34.326576
338701.0,34.329624
338761.0,34.326576
338821.0,34.329624
338881.0,34.329624
338941.0,34.332672
339001.0,34.329624
339061.0,34.332672
339121.0,34.332672
339181.0,34.332672
339241.0,34.332672
339301.0,34.332672
339361.0,34.332672
339421.0,34.33572
339481.0,34.33572
339541.0,34.33572
339601.0,34.338768
339661.0,34.338768
339721.0,34.338768
339781.0,34.338768
339841.0,34.341816
339901.0,34.341816
339961.0,34.341816
340021.0,34.341816
340081.0,34.341816
340141.0,34.341816
340201.0,34.341816
340261.0,34.344864
340321.0,34.344864
340381.0,34.344864
340441.0,34.347912
340501.0,34.347912
340561.0,34.347912
340621.0,34.35096
340681.0,34.347912
340741.0,34.35096
340801.0,34.35400800000001
340861.0,34.35400800000001
340921.0,34.35400800000001
340981.0,34.35400800000001
341041.0,34.35400800000001
341101.0,34.35400800000001
341161.0,34.35400800000001
341221.0,34.35400800000001
341281.0,34.357056
341341.0,34.357056
341401.0,34.357056
341461.0,34.357056
341521.0,34.360104
341581.0,34.360104
341641.0,34.36315200000001
341701.0,34.36315200000001
341761.0,34.36315200000001
341821.0,34.36315200000001
341881.0,34.36315200000001
341941.0,34.36315200000001
342001.0,34.36315200000001
342061.0,34.3662
342121.0,34.3662
342181.0,34.3662
342241.0,34.3662
342301.0,34.3662
342361.0,34.369248
342421.0,34.369248
342481.0,34.369248
342541.0,34.372296000000006
342601.0,34.372296000000006
342661.0,34.375344000000005
342721.0,34.372296000000006
342781.0,34.375344000000005
342841.0,34.375344000000005
342901.0,34.375344000000005
342961.0,34.375344000000005
343021.0,34.375344000000005
343081.0,34.375344000000005
343141.0,34.378392
343201.0,34.378392
343261.0,34.38144
343321.0,34.38144
343381.0,34.38144
343441.0,34.38144
343501.0,34.38144
343561.0,34.384488000000005
343621.0,34.384488000000005
343681.0,34.384488000000005
343741.0,34.384488000000005
343801.0,34.384488000000005
343861.0,34.384488000000005
343921.0,34.387536
343981.0,34.384488000000005
344041.0,34.387536
344101.0,34.387536
344161.0,34.390584000000004
344221.0,34.390584000000004
344281.0,34.390584000000004
344341.0,34.390584000000004
344401.0,34.393632000000004
344461.0,34.393632000000004
344521.0,34.393632000000004
344581.0,34.39668
344641.0,34.39668
344701.0,34.39668
344761.0,34.39668
344821.0,34.39668
344881.0,34.39668
344941.0,34.39668
345001.0,34.39668
345061.0,34.399728
345121.0,34.399728
345181.0,34.399728
345241.0,34.399728
345301.0,34.402776
345361.0,34.402776
345421.0,34.402776
345481.0,34.405824
345541.0,34.405824
345601.0,34.405824
345661.0,34.405824
349261.0,34.4424
352861.0,34.482024
356461.0,34.5186
360061.0,34.555176
363661.0,34.588704
367261.0,34.622232000000004
370861.0,34.652712
374461.0,34.680144000000006
378061.0,34.707576
381661.0,34.73196
385261.0,34.756344
388861.0,34.780728
392461.0,34.805112
396061.0,34.829496000000006
399661.0,34.856928
403261.0,34.878264
406861.0,34.902648
410461.0,34.923984000000004
414061.0,34.942272
417661.0,34.966656
421261.0,34.981896000000006
424861.0,34.997136
428461.0,35.012376
432061.0,35.030664
435661.0,35.04895200000001
439261.0,35.064192
442861.0,35.08248
446461.0,35.100768
450061.0,35.119056
453661.0,35.137344
457261.0,35.152584000000004
460861.0,35.164776
464461.0,35.176968
468061.0,35.18916
471661.0,35.20135200000001
475261.0,35.213544
478861.0,35.225736
482461.0,35.240976
486061.0,35.256216
489661.0,35.268408
493261.0,35.283648
496861.0,35.298888000000005
500461.0,35.308032000000004
504061.0,35.320224
507661.0,35.329368
511261.0,35.34156
514861.0,35.347656
518461.0,35.3568
