TimeSeconds,WT_Elev_m
1.0,43.427904
6.0,43.427904
11.0,43.427904
16.0,43.427904
21.0,43.427904
26.0,43.427904
31.0,43.430952000000005
36.0,43.430952000000005
41.0,43.427904
46.0,43.430952000000005
51.0,43.427904
56.0,43.430952000000005
61.0,43.430952000000005
66.0,43.430952000000005
71.0,43.430952000000005
76.0,43.430952000000005
81.0,43.430952000000005
86.0,43.430952000000005
91.0,43.430952000000005
96.0,43.427904
101.0,43.430952000000005
106.0,43.430952000000005
111.0,43.430952000000005
116.0,43.430952000000005
121.0,43.430952000000005
126.0,43.430952000000005
131.0,43.430952000000005
136.0,43.430952000000005
141.0,43.430952000000005
146.0,43.430952000000005
151.0,43.430952000000005
156.0,43.430952000000005
161.0,43.430952000000005
166.0,43.430952000000005
171.0,43.430952000000005
176.0,43.430952000000005
181.0,43.430952000000005
186.0,43.430952000000005
191.0,43.430952000000005
196.0,43.430952000000005
201.0,43.430952000000005
206.0,43.430952000000005
211.0,43.430952000000005
216.0,43.430952000000005
221.0,43.427904
226.0,43.430952000000005
231.0,43.430952000000005
236.0,43.430952000000005
241.0,43.430952000000005
246.0,43.430952000000005
251.0,43.430952000000005
256.0,43.430952000000005
261.0,43.430952000000005
266.0,43.430952000000005
271.0,43.430952000000005
276.0,43.430952000000005
281.0,43.430952000000005
286.0,43.430952000000005
291.0,43.430952000000005
296.0,43.430952000000005
301.0,43.430952000000005
306.0,43.430952000000005
311.0,43.430952000000005
316.0,43.430952000000005
321.0,43.427904
326.0,43.430952000000005
331.0,43.430952000000005
336.0,43.430952000000005
341.0,43.430952000000005
346.0,43.430952000000005
351.0,43.430952000000005
356.0,43.430952000000005
361.0,43.430952000000005
366.0,43.430952000000005
371.0,43.430952000000005
376.0,43.430952000000005
381.0,43.430952000000005
386.0,43.430952000000005
391.0,43.430952000000005
396.0,43.430952000000005
401.0,43.430952000000005
406.0,43.430952000000005
411.0,43.427904
416.0,43.427904
421.0,43.430952000000005
426.0,43.427904
431.0,43.430952000000005
436.0,43.430952000000005
441.0,43.430952000000005
446.0,43.430952000000005
451.0,43.430952000000005
456.0,43.430952000000005
461.0,43.430952000000005
466.0,43.430952000000005
471.0,43.430952000000005
476.0,43.430952000000005
481.0,43.430952000000005
486.0,43.430952000000005
491.0,43.430952000000005
496.0,43.430952000000005
501.0,43.430952000000005
506.0,43.430952000000005
511.0,43.430952000000005
516.0,43.430952000000005
521.0,43.430952000000005
526.0,43.430952000000005
531.0,43.430952000000005
536.0,43.430952000000005
541.0,43.430952000000005
546.0,43.430952000000005
551.0,43.430952000000005
556.0,43.430952000000005
561.0,43.430952000000005
566.0,43.430952000000005
571.0,43.430952000000005
576.0,43.430952000000005
581.0,43.430952000000005
586.0,43.430952000000005
591.0,43.430952000000005
596.0,43.430952000000005
601.0,43.430952000000005
631.0,43.430952000000005
661.0,43.430952000000005
691.0,43.430952000000005
721.0,43.430952000000005
751.0,43.430952000000005
781.0,43.430952000000005
811.0,43.430952000000005
841.0,43.430952000000005
871.0,43.430952000000005
901.0,43.430952000000005
931.0,43.430952000000005
961.0,43.430952000000005
991.0,43.430952000000005
1021.0,43.430952000000005
1051.0,43.430952000000005
1081.0,43.430952000000005
1111.0,43.430952000000005
1141.0,43.430952000000005
1171.0,43.430952000000005
1201.0,43.430952000000005
1231.0,43.430952000000005
1261.0,43.430952000000005
1291.0,43.430952000000005
1321.0,43.427904
1351.0,43.430952000000005
1381.0,43.430952000000005
1411.0,43.430952000000005
1441.0,43.430952000000005
1471.0,43.430952000000005
1501.0,43.427904
1531.0,43.427904
1561.0,43.430952000000005
1591.0,43.430952000000005
1621.0,43.430952000000005
1651.0,43.430952000000005
1681.0,43.427904
1711.0,43.430952000000005
1741.0,43.430952000000005
1771.0,43.430952000000005
1801.0,43.427904
1861.0,43.427904
1921.0,43.430952000000005
1981.0,43.427904
2041.0,43.430952000000005
2101.0,43.430952000000005
2161.0,43.427904
2221.0,43.427904
2281.0,43.427904
2341.0,43.430952000000005
2401.0,43.430952000000005
2461.0,43.430952000000005
2521.0,43.430952000000005
2581.0,43.430952000000005
2641.0,43.430952000000005
2701.0,43.430952000000005
2761.0,43.430952000000005
2821.0,43.430952000000005
2881.0,43.430952000000005
2941.0,43.430952000000005
3001.0,43.427904
3061.0,43.427904
3121.0,43.427904
3181.0,43.427904
3241.0,43.427904
3301.0,43.427904
3361.0,43.427904
3421.0,43.427904
3481.0,43.427904
3541.0,43.427904
3601.0,43.427904
3661.0,43.427904
3721.0,43.427904
3781.0,43.427904
3841.0,43.427904
3901.0,43.427904
3961.0,43.427904
4021.0,43.427904
4081.0,43.427904
4141.0,43.427904
4201.0,43.427904
4261.0,43.427904
4321.0,43.427904
4381.0,43.427904
4441.0,43.427904
4501.0,43.427904
4561.0,43.427904
4621.0,43.427904
4681.0,43.427904
4741.0,43.427904
4801.0,43.427904
4861.0,43.427904
4921.0,43.427904
4981.0,43.427904
5041.0,43.427904
5101.0,43.427904
5161.0,43.427904
5221.0,43.427904
5281.0,43.427904
5341.0,43.427904
5401.0,43.430952000000005
5461.0,43.430952000000005
5521.0,43.430952000000005
5581.0,43.427904
5641.0,43.427904
5701.0,43.430952000000005
5761.0,43.430952000000005
5821.0,43.427904
5881.0,43.427904
5941.0,43.427904
6001.0,43.430952000000005
6061.0,43.427904
6121.0,43.427904
6181.0,43.430952000000005
6241.0,43.430952000000005
6301.0,43.430952000000005
6361.0,43.430952000000005
6421.0,43.430952000000005
6481.0,43.427904
6541.0,43.430952000000005
6601.0,43.430952000000005
6661.0,43.430952000000005
6721.0,43.430952000000005
6781.0,43.430952000000005
6841.0,43.430952000000005
6901.0,43.430952000000005
6961.0,43.430952000000005
7021.0,43.430952000000005
7081.0,43.430952000000005
7141.0,43.430952000000005
7201.0,43.430952000000005
7261.0,43.430952000000005
7321.0,43.430952000000005
7381.0,43.430952000000005
7441.0,43.430952000000005
7501.0,43.430952000000005
7561.0,43.430952000000005
7621.0,43.430952000000005
7681.0,43.430952000000005
7741.0,43.430952000000005
7801.0,43.430952000000005
7861.0,43.430952000000005
7921.0,43.430952000000005
7981.0,43.430952000000005
8041.0,43.430952000000005
8101.0,43.430952000000005
8161.0,43.430952000000005
8221.0,43.430952000000005
8281.0,43.430952000000005
8341.0,43.430952000000005
8401.0,43.430952000000005
8461.0,43.430952000000005
8521.0,43.430952000000005
8581.0,43.430952000000005
8641.0,43.430952000000005
8701.0,43.430952000000005
8761.0,43.430952000000005
8821.0,43.430952000000005
8881.0,43.430952000000005
8941.0,43.430952000000005
9001.0,43.430952000000005
9061.0,43.430952000000005
9121.0,43.430952000000005
9181.0,43.430952000000005
9241.0,43.430952000000005
9301.0,43.430952000000005
9361.0,43.430952000000005
9421.0,43.430952000000005
9481.0,43.430952000000005
9541.0,43.430952000000005
9601.0,43.430952000000005
9661.0,43.430952000000005
9721.0,43.430952000000005
9781.0,43.430952000000005
9841.0,43.430952000000005
9901.0,43.430952000000005
9961.0,43.430952000000005
10021.0,43.430952000000005
10081.0,43.430952000000005
10141.0,43.430952000000005
10201.0,43.430952000000005
10261.0,43.430952000000005
10321.0,43.430952000000005
10381.0,43.430952000000005
10441.0,43.430952000000005
10501.0,43.430952000000005
10561.0,43.430952000000005
10621.0,43.430952000000005
10681.0,43.430952000000005
10741.0,43.430952000000005
10801.0,43.430952000000005
10861.0,43.430952000000005
10921.0,43.430952000000005
10981.0,43.434000000000005
11041.0,43.434000000000005
11101.0,43.434000000000005
11161.0,43.434000000000005
11221.0,43.430952000000005
11281.0,43.430952000000005
11341.0,43.430952000000005
11401.0,43.430952000000005
11461.0,43.430952000000005
11521.0,43.430952000000005
11581.0,43.430952000000005
11641.0,43.430952000000005
11701.0,43.430952000000005
11761.0,43.434000000000005
11821.0,43.434000000000005
11881.0,43.434000000000005
11941.0,43.434000000000005
12001.0,43.434000000000005
12061.0,43.434000000000005
12121.0,43.430952000000005
12181.0,43.434000000000005
12241.0,43.434000000000005
12301.0,43.434000000000005
12361.0,43.434000000000005
12421.0,43.434000000000005
12481.0,43.434000000000005
12541.0,43.434000000000005
12601.0,43.434000000000005
12661.0,43.434000000000005
12721.0,43.434000000000005
12781.0,43.434000000000005
12841.0,43.434000000000005
12901.0,43.434000000000005
12961.0,43.434000000000005
13021.0,43.434000000000005
13081.0,43.434000000000005
13141.0,43.434000000000005
13201.0,43.434000000000005
13261.0,43.434000000000005
13321.0,43.434000000000005
13381.0,43.434000000000005
13441.0,43.434000000000005
13501.0,43.434000000000005
13561.0,43.434000000000005
13621.0,43.434000000000005
13681.0,43.434000000000005
13741.0,43.434000000000005
13801.0,43.434000000000005
13861.0,43.434000000000005
13921.0,43.434000000000005
13981.0,43.434000000000005
14041.0,43.434000000000005
14101.0,43.434000000000005
14161.0,43.434000000000005
14221.0,43.434000000000005
14281.0,43.434000000000005
14341.0,43.434000000000005
14401.0,43.434000000000005
14461.0,43.434000000000005
14521.0,43.434000000000005
14581.0,43.434000000000005
14641.0,43.434000000000005
14701.0,43.434000000000005
14761.0,43.434000000000005
14821.0,43.434000000000005
14881.0,43.434000000000005
14941.0,43.434000000000005
15001.0,43.434000000000005
15061.0,43.434000000000005
15121.0,43.434000000000005
15181.0,43.434000000000005
15241.0,43.434000000000005
15301.0,43.434000000000005
15361.0,43.434000000000005
15421.0,43.434000000000005
15481.0,43.434000000000005
15541.0,43.434000000000005
15601.0,43.434000000000005
15661.0,43.434000000000005
15721.0,43.434000000000005
15781.0,43.434000000000005
15841.0,43.434000000000005
15901.0,43.434000000000005
15961.0,43.434000000000005
16021.0,43.434000000000005
16081.0,43.434000000000005
16141.0,43.434000000000005
16201.0,43.434000000000005
16261.0,43.434000000000005
16321.0,43.434000000000005
16381.0,43.434000000000005
16441.0,43.434000000000005
16501.0,43.434000000000005
16561.0,43.434000000000005
16621.0,43.434000000000005
16681.0,43.434000000000005
16741.0,43.434000000000005
16801.0,43.434000000000005
16861.0,43.434000000000005
16921.0,43.434000000000005
16981.0,43.434000000000005
17041.0,43.434000000000005
17101.0,43.434000000000005
17161.0,43.434000000000005
17221.0,43.434000000000005
17281.0,43.434000000000005
17341.0,43.434000000000005
17401.0,43.434000000000005
17461.0,43.434000000000005
17521.0,43.434000000000005
17581.0,43.434000000000005
17641.0,43.434000000000005
17701.0,43.434000000000005
17761.0,43.434000000000005
17821.0,43.434000000000005
17881.0,43.434000000000005
17941.0,43.434000000000005
18001.0,43.434000000000005
18061.0,43.434000000000005
18121.0,43.434000000000005
18181.0,43.434000000000005
18241.0,43.434000000000005
18301.0,43.434000000000005
18361.0,43.434000000000005
18421.0,43.434000000000005
18481.0,43.434000000000005
18541.0,43.434000000000005
18601.0,43.434000000000005
18661.0,43.434000000000005
18721.0,43.434000000000005
18781.0,43.434000000000005
18841.0,43.434000000000005
18901.0,43.434000000000005
18961.0,43.434000000000005
19021.0,43.434000000000005
19081.0,43.434000000000005
19141.0,43.434000000000005
19201.0,43.434000000000005
19261.0,43.434000000000005
19321.0,43.434000000000005
19381.0,43.434000000000005
19441.0,43.434000000000005
19501.0,43.434000000000005
19561.0,43.434000000000005
19621.0,43.434000000000005
19681.0,43.434000000000005
19741.0,43.434000000000005
19801.0,43.434000000000005
19861.0,43.434000000000005
19921.0,43.434000000000005
19981.0,43.434000000000005
20041.0,43.434000000000005
20101.0,43.434000000000005
20161.0,43.434000000000005
20221.0,43.434000000000005
20281.0,43.434000000000005
20341.0,43.434000000000005
20401.0,43.434000000000005
20461.0,43.434000000000005
20521.0,43.434000000000005
20581.0,43.434000000000005
20641.0,43.434000000000005
20701.0,43.434000000000005
20761.0,43.434000000000005
20821.0,43.434000000000005
20881.0,43.434000000000005
20941.0,43.434000000000005
21001.0,43.434000000000005
21061.0,43.434000000000005
21121.0,43.434000000000005
21181.0,43.434000000000005
21241.0,43.434000000000005
21301.0,43.434000000000005
21361.0,43.434000000000005
21421.0,43.434000000000005
21481.0,43.434000000000005
21541.0,43.434000000000005
21601.0,43.434000000000005
21661.0,43.434000000000005
21721.0,43.434000000000005
21781.0,43.434000000000005
21841.0,43.434000000000005
21901.0,43.434000000000005
21961.0,43.434000000000005
22021.0,43.434000000000005
22081.0,43.434000000000005
22141.0,43.434000000000005
22201.0,43.434000000000005
22261.0,43.434000000000005
22321.0,43.434000000000005
22381.0,43.434000000000005
22441.0,43.434000000000005
22501.0,43.434000000000005
22561.0,43.434000000000005
22621.0,43.434000000000005
22681.0,43.434000000000005
22741.0,43.434000000000005
22801.0,43.434000000000005
22861.0,43.434000000000005
22921.0,43.434000000000005
22981.0,43.434000000000005
23041.0,43.434000000000005
23101.0,43.434000000000005
23161.0,43.434000000000005
23221.0,43.434000000000005
23281.0,43.434000000000005
23341.0,43.434000000000005
23401.0,43.434000000000005
23461.0,43.434000000000005
23521.0,43.434000000000005
23581.0,43.434000000000005
23641.0,43.434000000000005
23701.0,43.434000000000005
23761.0,43.434000000000005
23821.0,43.434000000000005
23881.0,43.434000000000005
23941.0,43.434000000000005
24001.0,43.434000000000005
24061.0,43.434000000000005
24121.0,43.434000000000005
24181.0,43.434000000000005
24241.0,43.434000000000005
24301.0,43.434000000000005
24361.0,43.434000000000005
24421.0,43.434000000000005
24481.0,43.434000000000005
24541.0,43.434000000000005
24601.0,43.434000000000005
24661.0,43.434000000000005
24721.0,43.434000000000005
24781.0,43.434000000000005
24841.0,43.434000000000005
24901.0,43.430952000000005
24961.0,43.430952000000005
25021.0,43.434000000000005
25081.0,43.434000000000005
25141.0,43.434000000000005
25201.0,43.434000000000005
25261.0,43.434000000000005
25321.0,43.434000000000005
25381.0,43.434000000000005
25441.0,43.434000000000005
25501.0,43.434000000000005
25561.0,43.434000000000005
25621.0,43.434000000000005
25681.0,43.434000000000005
25741.0,43.434000000000005
25801.0,43.434000000000005
25861.0,43.434000000000005
25921.0,43.434000000000005
25981.0,43.430952000000005
26041.0,43.434000000000005
26101.0,43.434000000000005
26161.0,43.434000000000005
26221.0,43.434000000000005
26281.0,43.434000000000005
26341.0,43.434000000000005
26401.0,43.434000000000005
26461.0,43.434000000000005
26521.0,43.434000000000005
26581.0,43.434000000000005
26641.0,43.434000000000005
26701.0,43.434000000000005
26761.0,43.434000000000005
26821.0,43.434000000000005
26881.0,43.434000000000005
26941.0,43.434000000000005
27001.0,43.434000000000005
27061.0,43.434000000000005
27121.0,43.434000000000005
27181.0,43.434000000000005
27241.0,43.434000000000005
27301.0,43.434000000000005
27361.0,43.434000000000005
27421.0,43.434000000000005
27481.0,43.434000000000005
27541.0,43.434000000000005
27601.0,43.434000000000005
27661.0,43.434000000000005
27721.0,43.434000000000005
27781.0,43.430952000000005
27841.0,43.434000000000005
27901.0,43.430952000000005
27961.0,43.434000000000005
28021.0,43.430952000000005
28081.0,43.434000000000005
28141.0,43.434000000000005
28201.0,43.434000000000005
28261.0,43.434000000000005
28321.0,43.434000000000005
28381.0,43.434000000000005
28441.0,43.434000000000005
28501.0,43.434000000000005
28561.0,43.434000000000005
28621.0,43.434000000000005
28681.0,43.434000000000005
28741.0,43.434000000000005
28801.0,43.434000000000005
28861.0,43.434000000000005
28921.0,43.434000000000005
28981.0,43.434000000000005
29041.0,43.434000000000005
29101.0,43.434000000000005
29161.0,43.434000000000005
29221.0,43.434000000000005
29281.0,43.434000000000005
29341.0,43.434000000000005
29401.0,43.434000000000005
29461.0,43.434000000000005
29521.0,43.434000000000005
29581.0,43.434000000000005
29641.0,43.434000000000005
29701.0,43.434000000000005
29761.0,43.434000000000005
29821.0,43.434000000000005
29881.0,43.434000000000005
29941.0,43.434000000000005
30001.0,43.434000000000005
30061.0,43.434000000000005
30121.0,43.434000000000005
30181.0,43.434000000000005
30241.0,43.434000000000005
30301.0,43.434000000000005
30361.0,43.434000000000005
30421.0,43.434000000000005
30481.0,43.434000000000005
30541.0,43.434000000000005
30601.0,43.434000000000005
30661.0,43.434000000000005
30721.0,43.434000000000005
30781.0,43.434000000000005
30841.0,43.434000000000005
30901.0,43.434000000000005
30961.0,43.434000000000005
31021.0,43.434000000000005
31081.0,43.434000000000005
31141.0,43.434000000000005
31201.0,43.434000000000005
31261.0,43.434000000000005
31321.0,43.434000000000005
31381.0,43.434000000000005
31441.0,43.434000000000005
31501.0,43.434000000000005
31561.0,43.434000000000005
31621.0,43.434000000000005
31681.0,43.434000000000005
31741.0,43.434000000000005
31801.0,43.434000000000005
31861.0,43.434000000000005
31921.0,43.434000000000005
31981.0,43.434000000000005
32041.0,43.434000000000005
32101.0,43.434000000000005
32161.0,43.434000000000005
32221.0,43.434000000000005
32281.0,43.434000000000005
32341.0,43.434000000000005
32401.0,43.434000000000005
32461.0,43.434000000000005
32521.0,43.434000000000005
32581.0,43.434000000000005
32641.0,43.434000000000005
32701.0,43.434000000000005
32761.0,43.434000000000005
32821.0,43.434000000000005
32881.0,43.434000000000005
32941.0,43.434000000000005
33001.0,43.434000000000005
33061.0,43.434000000000005
33121.0,43.434000000000005
33181.0,43.434000000000005
33241.0,43.434000000000005
33301.0,43.434000000000005
33361.0,43.430952000000005
33421.0,43.430952000000005
33481.0,43.430952000000005
33541.0,43.434000000000005
33601.0,43.434000000000005
33661.0,43.434000000000005
33721.0,43.434000000000005
33781.0,43.434000000000005
33841.0,43.434000000000005
33901.0,43.434000000000005
33961.0,43.434000000000005
34021.0,43.434000000000005
34081.0,43.434000000000005
34141.0,43.434000000000005
34201.0,43.434000000000005
34261.0,43.434000000000005
34321.0,43.434000000000005
34381.0,43.430952000000005
34441.0,43.434000000000005
34501.0,43.434000000000005
34561.0,43.434000000000005
34621.0,43.434000000000005
34681.0,43.430952000000005
34741.0,43.434000000000005
34801.0,43.434000000000005
34861.0,43.434000000000005
34921.0,43.430952000000005
34981.0,43.430952000000005
35041.0,43.430952000000005
35101.0,43.434000000000005
35161.0,43.434000000000005
35221.0,43.430952000000005
35281.0,43.434000000000005
35341.0,43.434000000000005
35401.0,43.434000000000005
35461.0,43.434000000000005
35521.0,43.434000000000005
35581.0,43.434000000000005
35641.0,43.434000000000005
35701.0,43.430952000000005
35761.0,43.430952000000005
35821.0,43.430952000000005
35881.0,43.434000000000005
35941.0,43.430952000000005
36001.0,43.434000000000005
36061.0,43.434000000000005
36121.0,43.430952000000005
36181.0,43.430952000000005
36241.0,43.430952000000005
36301.0,43.430952000000005
36361.0,43.430952000000005
36421.0,43.430952000000005
36481.0,43.430952000000005
36541.0,43.430952000000005
36601.0,43.434000000000005
36661.0,43.430952000000005
36721.0,43.430952000000005
36781.0,43.434000000000005
36841.0,43.434000000000005
36901.0,43.434000000000005
36961.0,43.434000000000005
37021.0,43.434000000000005
37081.0,43.434000000000005
37141.0,43.434000000000005
37201.0,43.434000000000005
37261.0,43.434000000000005
37321.0,43.434000000000005
37381.0,43.434000000000005
37441.0,43.434000000000005
37501.0,43.434000000000005
37561.0,43.434000000000005
37621.0,43.430952000000005
37681.0,43.434000000000005
37741.0,43.430952000000005
37801.0,43.430952000000005
37861.0,43.430952000000005
37921.0,43.430952000000005
37981.0,43.430952000000005
38041.0,43.430952000000005
38101.0,43.430952000000005
38161.0,43.430952000000005
38221.0,43.430952000000005
38281.0,43.434000000000005
38341.0,43.430952000000005
38401.0,43.430952000000005
38461.0,43.430952000000005
38521.0,43.430952000000005
38581.0,43.430952000000005
38641.0,43.430952000000005
38701.0,43.430952000000005
38761.0,43.430952000000005
38821.0,43.430952000000005
38881.0,43.430952000000005
38941.0,43.430952000000005
39001.0,43.430952000000005
39061.0,43.430952000000005
39121.0,43.434000000000005
39181.0,43.430952000000005
39241.0,43.430952000000005
39301.0,43.430952000000005
39361.0,43.430952000000005
39421.0,43.430952000000005
39481.0,43.430952000000005
39541.0,43.430952000000005
39601.0,43.430952000000005
39661.0,43.430952000000005
39721.0,43.434000000000005
39781.0,43.430952000000005
39841.0,43.430952000000005
39901.0,43.430952000000005
39961.0,43.430952000000005
40021.0,43.430952000000005
40081.0,43.430952000000005
40141.0,43.430952000000005
40201.0,43.430952000000005
40261.0,43.430952000000005
40321.0,43.430952000000005
40381.0,43.430952000000005
40441.0,43.430952000000005
40501.0,43.430952000000005
40561.0,43.430952000000005
40621.0,43.430952000000005
40681.0,43.430952000000005
40741.0,43.430952000000005
40801.0,43.430952000000005
40861.0,43.430952000000005
40921.0,43.430952000000005
40981.0,43.430952000000005
41041.0,43.430952000000005
41101.0,43.430952000000005
41161.0,43.430952000000005
41221.0,43.430952000000005
41281.0,43.430952000000005
41341.0,43.430952000000005
41401.0,43.430952000000005
41461.0,43.430952000000005
41521.0,43.430952000000005
41581.0,43.430952000000005
41641.0,43.430952000000005
41701.0,43.430952000000005
41761.0,43.430952000000005
41821.0,43.430952000000005
41881.0,43.430952000000005
41941.0,43.430952000000005
42001.0,43.430952000000005
42061.0,43.430952000000005
42121.0,43.430952000000005
42181.0,43.430952000000005
42241.0,43.430952000000005
42301.0,43.430952000000005
42361.0,43.430952000000005
42421.0,43.430952000000005
42481.0,43.430952000000005
42541.0,43.430952000000005
42601.0,43.430952000000005
42661.0,43.430952000000005
42721.0,43.430952000000005
42781.0,43.430952000000005
42841.0,43.430952000000005
42901.0,43.430952000000005
42961.0,43.430952000000005
43021.0,43.430952000000005
43081.0,43.430952000000005
43141.0,43.430952000000005
43201.0,43.430952000000005
43261.0,43.430952000000005
43321.0,43.430952000000005
43381.0,43.430952000000005
43441.0,43.430952000000005
43501.0,43.430952000000005
43561.0,43.430952000000005
43621.0,43.430952000000005
43681.0,43.430952000000005
43741.0,43.430952000000005
43801.0,43.430952000000005
43861.0,43.430952000000005
43921.0,43.430952000000005
43981.0,43.430952000000005
44041.0,43.430952000000005
44101.0,43.430952000000005
44161.0,43.430952000000005
44221.0,43.430952000000005
44281.0,43.430952000000005
44341.0,43.430952000000005
44401.0,43.430952000000005
44461.0,43.430952000000005
44521.0,43.430952000000005
44581.0,43.430952000000005
44641.0,43.430952000000005
44701.0,43.430952000000005
44761.0,43.430952000000005
44821.0,43.430952000000005
44881.0,43.430952000000005
44941.0,43.430952000000005
45001.0,43.430952000000005
45061.0,43.430952000000005
45121.0,43.430952000000005
45181.0,43.430952000000005
45241.0,43.430952000000005
45301.0,43.430952000000005
45361.0,43.430952000000005
45421.0,43.430952000000005
45481.0,43.430952000000005
45541.0,43.430952000000005
45601.0,43.430952000000005
45661.0,43.430952000000005
45721.0,43.430952000000005
45781.0,43.430952000000005
45841.0,43.430952000000005
45901.0,43.430952000000005
45961.0,43.430952000000005
46021.0,43.430952000000005
46081.0,43.430952000000005
46141.0,43.430952000000005
46201.0,43.430952000000005
46261.0,43.430952000000005
46321.0,43.430952000000005
46381.0,43.430952000000005
46441.0,43.430952000000005
46501.0,43.430952000000005
46561.0,43.430952000000005
46621.0,43.430952000000005
46681.0,43.430952000000005
46741.0,43.430952000000005
46801.0,43.430952000000005
46861.0,43.430952000000005
46921.0,43.430952000000005
46981.0,43.430952000000005
47041.0,43.430952000000005
47101.0,43.430952000000005
47161.0,43.430952000000005
47221.0,43.430952000000005
47281.0,43.430952000000005
47341.0,43.430952000000005
47401.0,43.430952000000005
47461.0,43.430952000000005
47521.0,43.430952000000005
47581.0,43.430952000000005
47641.0,43.430952000000005
47701.0,43.430952000000005
47761.0,43.430952000000005
47821.0,43.430952000000005
47881.0,43.430952000000005
47941.0,43.430952000000005
48001.0,43.430952000000005
48061.0,43.430952000000005
48121.0,43.430952000000005
48181.0,43.430952000000005
48241.0,43.430952000000005
48301.0,43.430952000000005
48361.0,43.430952000000005
48421.0,43.430952000000005
48481.0,43.430952000000005
48541.0,43.430952000000005
48601.0,43.430952000000005
48661.0,43.430952000000005
48721.0,43.430952000000005
48781.0,43.430952000000005
48841.0,43.430952000000005
48901.0,43.430952000000005
48961.0,43.430952000000005
49021.0,43.430952000000005
49081.0,43.430952000000005
49141.0,43.430952000000005
49201.0,43.430952000000005
49261.0,43.430952000000005
49321.0,43.430952000000005
49381.0,43.430952000000005
49441.0,43.430952000000005
49501.0,43.430952000000005
49561.0,43.430952000000005
49621.0,43.430952000000005
49681.0,43.430952000000005
49741.0,43.430952000000005
49801.0,43.430952000000005
49861.0,43.430952000000005
49921.0,43.430952000000005
49981.0,43.430952000000005
50041.0,43.430952000000005
50101.0,43.430952000000005
50161.0,43.430952000000005
50221.0,43.430952000000005
50281.0,43.430952000000005
50341.0,43.430952000000005
50401.0,43.430952000000005
50461.0,43.430952000000005
50521.0,43.430952000000005
50581.0,43.430952000000005
50641.0,43.430952000000005
50701.0,43.430952000000005
50761.0,43.430952000000005
50821.0,43.430952000000005
50881.0,43.430952000000005
50941.0,43.430952000000005
51001.0,43.430952000000005
51061.0,43.430952000000005
51121.0,43.430952000000005
51181.0,43.430952000000005
51241.0,43.430952000000005
51301.0,43.430952000000005
51361.0,43.430952000000005
51421.0,43.430952000000005
51481.0,43.430952000000005
51541.0,43.430952000000005
51601.0,43.430952000000005
51661.0,43.430952000000005
51721.0,43.430952000000005
51781.0,43.430952000000005
51841.0,43.430952000000005
51901.0,43.430952000000005
51961.0,43.430952000000005
52021.0,43.430952000000005
52081.0,43.430952000000005
52141.0,43.430952000000005
52201.0,43.430952000000005
52261.0,43.430952000000005
52321.0,43.430952000000005
52381.0,43.430952000000005
52441.0,43.430952000000005
52501.0,43.430952000000005
52561.0,43.430952000000005
52621.0,43.430952000000005
52681.0,43.430952000000005
52741.0,43.430952000000005
52801.0,43.430952000000005
52861.0,43.430952000000005
52921.0,43.430952000000005
52981.0,43.430952000000005
53041.0,43.430952000000005
53101.0,43.430952000000005
53161.0,43.430952000000005
53221.0,43.430952000000005
53281.0,43.430952000000005
53341.0,43.430952000000005
53401.0,43.430952000000005
53461.0,43.430952000000005
53521.0,43.430952000000005
53581.0,43.430952000000005
53641.0,43.430952000000005
53701.0,43.430952000000005
53761.0,43.430952000000005
53821.0,43.430952000000005
53881.0,43.430952000000005
53941.0,43.430952000000005
54001.0,43.430952000000005
54061.0,43.430952000000005
54121.0,43.430952000000005
54181.0,43.430952000000005
54241.0,43.430952000000005
54301.0,43.430952000000005
54361.0,43.430952000000005
54421.0,43.430952000000005
54481.0,43.430952000000005
54541.0,43.430952000000005
54601.0,43.430952000000005
54661.0,43.430952000000005
54721.0,43.430952000000005
54781.0,43.430952000000005
54841.0,43.430952000000005
54901.0,43.430952000000005
54961.0,43.430952000000005
55021.0,43.430952000000005
55081.0,43.430952000000005
55141.0,43.430952000000005
55201.0,43.430952000000005
55261.0,43.430952000000005
55321.0,43.430952000000005
55381.0,43.430952000000005
55441.0,43.430952000000005
55501.0,43.430952000000005
55561.0,43.430952000000005
55621.0,43.430952000000005
55681.0,43.430952000000005
55741.0,43.430952000000005
55801.0,43.430952000000005
55861.0,43.430952000000005
55921.0,43.430952000000005
55981.0,43.430952000000005
56041.0,43.430952000000005
56101.0,43.430952000000005
56161.0,43.430952000000005
56221.0,43.430952000000005
56281.0,43.430952000000005
56341.0,43.430952000000005
56401.0,43.430952000000005
56461.0,43.430952000000005
56521.0,43.430952000000005
56581.0,43.430952000000005
56641.0,43.430952000000005
56701.0,43.430952000000005
56761.0,43.430952000000005
56821.0,43.430952000000005
56881.0,43.430952000000005
56941.0,43.430952000000005
57001.0,43.430952000000005
57061.0,43.430952000000005
57121.0,43.430952000000005
57181.0,43.430952000000005
57241.0,43.430952000000005
57301.0,43.430952000000005
57361.0,43.430952000000005
57421.0,43.430952000000005
57481.0,43.430952000000005
57541.0,43.430952000000005
57601.0,43.430952000000005
57661.0,43.430952000000005
57721.0,43.430952000000005
57781.0,43.430952000000005
57841.0,43.430952000000005
57901.0,43.430952000000005
57961.0,43.430952000000005
58021.0,43.430952000000005
58081.0,43.430952000000005
58141.0,43.430952000000005
58201.0,43.430952000000005
58261.0,43.434000000000005
58321.0,43.434000000000005
58381.0,43.434000000000005
58441.0,43.430952000000005
58501.0,43.434000000000005
58561.0,43.434000000000005
58621.0,43.434000000000005
58681.0,43.434000000000005
58741.0,43.430952000000005
58801.0,43.430952000000005
58861.0,43.430952000000005
58921.0,43.430952000000005
58981.0,43.430952000000005
59041.0,43.430952000000005
59101.0,43.430952000000005
59161.0,43.430952000000005
59221.0,43.430952000000005
59281.0,43.430952000000005
59341.0,43.430952000000005
59401.0,43.430952000000005
59461.0,43.430952000000005
59521.0,43.430952000000005
59581.0,43.430952000000005
59641.0,43.430952000000005
59701.0,43.430952000000005
59761.0,43.430952000000005
59821.0,43.430952000000005
59881.0,43.430952000000005
59941.0,43.430952000000005
60001.0,43.430952000000005
60061.0,43.430952000000005
60121.0,43.430952000000005
60181.0,43.430952000000005
60241.0,43.430952000000005
60301.0,43.430952000000005
60361.0,43.430952000000005
60421.0,43.430952000000005
60481.0,43.430952000000005
60541.0,43.430952000000005
60601.0,43.430952000000005
60661.0,43.430952000000005
60721.0,43.430952000000005
60781.0,43.430952000000005
60841.0,43.430952000000005
60901.0,43.430952000000005
60961.0,43.430952000000005
61021.0,43.430952000000005
61081.0,43.430952000000005
61141.0,43.430952000000005
61201.0,43.430952000000005
61261.0,43.430952000000005
61321.0,43.430952000000005
61381.0,43.430952000000005
61441.0,43.430952000000005
61501.0,43.430952000000005
61561.0,43.430952000000005
61621.0,43.430952000000005
61681.0,43.430952000000005
61741.0,43.430952000000005
61801.0,43.430952000000005
61861.0,43.430952000000005
61921.0,43.430952000000005
61981.0,43.430952000000005
62041.0,43.430952000000005
62101.0,43.430952000000005
62161.0,43.430952000000005
62221.0,43.430952000000005
62281.0,43.430952000000005
62341.0,43.430952000000005
62401.0,43.434000000000005
62461.0,43.430952000000005
62521.0,43.430952000000005
62581.0,43.430952000000005
62641.0,43.430952000000005
62701.0,43.430952000000005
62761.0,43.430952000000005
62821.0,43.430952000000005
62881.0,43.430952000000005
62941.0,43.430952000000005
63001.0,43.430952000000005
63061.0,43.430952000000005
63121.0,43.430952000000005
63181.0,43.430952000000005
63241.0,43.430952000000005
63301.0,43.430952000000005
63361.0,43.430952000000005
63421.0,43.430952000000005
63481.0,43.430952000000005
63541.0,43.430952000000005
63601.0,43.430952000000005
63661.0,43.434000000000005
63721.0,43.430952000000005
63781.0,43.434000000000005
63841.0,43.434000000000005
63901.0,43.434000000000005
63961.0,43.430952000000005
64021.0,43.430952000000005
64081.0,43.434000000000005
64141.0,43.430952000000005
64201.0,43.430952000000005
64261.0,43.430952000000005
64321.0,43.430952000000005
64381.0,43.430952000000005
64441.0,43.430952000000005
64501.0,43.430952000000005
64561.0,43.430952000000005
64621.0,43.434000000000005
64681.0,43.430952000000005
64741.0,43.434000000000005
64801.0,43.430952000000005
64861.0,43.430952000000005
64921.0,43.430952000000005
64981.0,43.430952000000005
65041.0,43.430952000000005
65101.0,43.430952000000005
65161.0,43.430952000000005
65221.0,43.430952000000005
65281.0,43.430952000000005
65341.0,43.430952000000005
65401.0,43.430952000000005
65461.0,43.430952000000005
65521.0,43.434000000000005
65581.0,43.430952000000005
65641.0,43.430952000000005
65701.0,43.430952000000005
65761.0,43.430952000000005
65821.0,43.430952000000005
65881.0,43.430952000000005
65941.0,43.430952000000005
66001.0,43.434000000000005
66061.0,43.430952000000005
66121.0,43.430952000000005
66181.0,43.430952000000005
66241.0,43.430952000000005
66301.0,43.430952000000005
66361.0,43.430952000000005
66421.0,43.430952000000005
66481.0,43.434000000000005
66541.0,43.430952000000005
66601.0,43.434000000000005
66661.0,43.430952000000005
66721.0,43.434000000000005
66781.0,43.434000000000005
66841.0,43.434000000000005
66901.0,43.434000000000005
66961.0,43.434000000000005
67021.0,43.434000000000005
67081.0,43.434000000000005
67141.0,43.434000000000005
67201.0,43.434000000000005
67261.0,43.434000000000005
67321.0,43.434000000000005
67381.0,43.434000000000005
67441.0,43.434000000000005
67501.0,43.434000000000005
67561.0,43.434000000000005
67621.0,43.434000000000005
67681.0,43.434000000000005
67741.0,43.430952000000005
67801.0,43.434000000000005
67861.0,43.434000000000005
67921.0,43.434000000000005
67981.0,43.434000000000005
68041.0,43.434000000000005
68101.0,43.434000000000005
68161.0,43.434000000000005
68221.0,43.430952000000005
68281.0,43.434000000000005
68341.0,43.434000000000005
68401.0,43.434000000000005
68461.0,43.434000000000005
68521.0,43.430952000000005
68581.0,43.430952000000005
68641.0,43.430952000000005
68701.0,43.430952000000005
68761.0,43.430952000000005
68821.0,43.430952000000005
68881.0,43.430952000000005
68941.0,43.430952000000005
69001.0,43.430952000000005
69061.0,43.430952000000005
69121.0,43.430952000000005
69181.0,43.430952000000005
69241.0,43.430952000000005
69301.0,43.430952000000005
69361.0,43.430952000000005
69421.0,43.430952000000005
69481.0,43.430952000000005
69541.0,43.430952000000005
69601.0,43.434000000000005
69661.0,43.430952000000005
69721.0,43.430952000000005
69781.0,43.430952000000005
69841.0,43.430952000000005
69901.0,43.430952000000005
69961.0,43.430952000000005
70021.0,43.430952000000005
70081.0,43.430952000000005
70141.0,43.430952000000005
70201.0,43.430952000000005
70261.0,43.434000000000005
70321.0,43.430952000000005
70381.0,43.430952000000005
70441.0,43.430952000000005
70501.0,43.430952000000005
70561.0,43.434000000000005
70621.0,43.434000000000005
70681.0,43.430952000000005
70741.0,43.430952000000005
70801.0,43.434000000000005
70861.0,43.434000000000005
70921.0,43.430952000000005
70981.0,43.434000000000005
71041.0,43.434000000000005
71101.0,43.434000000000005
71161.0,43.430952000000005
71221.0,43.430952000000005
71281.0,43.434000000000005
71341.0,43.430952000000005
71401.0,43.434000000000005
71461.0,43.434000000000005
71521.0,43.434000000000005
71581.0,43.430952000000005
71641.0,43.430952000000005
71701.0,43.430952000000005
71761.0,43.430952000000005
71821.0,43.430952000000005
71881.0,43.430952000000005
71941.0,43.430952000000005
72001.0,43.430952000000005
72061.0,43.434000000000005
72121.0,43.434000000000005
72181.0,43.430952000000005
72241.0,43.430952000000005
72301.0,43.434000000000005
72361.0,43.434000000000005
72421.0,43.434000000000005
72481.0,43.434000000000005
72541.0,43.434000000000005
72601.0,43.434000000000005
72661.0,43.434000000000005
72721.0,43.434000000000005
72781.0,43.430952000000005
72841.0,43.430952000000005
72901.0,43.430952000000005
72961.0,43.430952000000005
73021.0,43.434000000000005
73081.0,43.430952000000005
73141.0,43.430952000000005
73201.0,43.430952000000005
73261.0,43.430952000000005
73321.0,43.430952000000005
73381.0,43.430952000000005
73441.0,43.430952000000005
73501.0,43.430952000000005
73561.0,43.430952000000005
73621.0,43.430952000000005
73681.0,43.430952000000005
73741.0,43.430952000000005
73801.0,43.430952000000005
73861.0,43.430952000000005
73921.0,43.430952000000005
73981.0,43.430952000000005
74041.0,43.430952000000005
74101.0,43.430952000000005
74161.0,43.430952000000005
74221.0,43.430952000000005
74281.0,43.430952000000005
74341.0,43.430952000000005
74401.0,43.430952000000005
74461.0,43.430952000000005
74521.0,43.430952000000005
74581.0,43.430952000000005
74641.0,43.430952000000005
74701.0,43.430952000000005
74761.0,43.430952000000005
74821.0,43.430952000000005
74881.0,43.430952000000005
74941.0,43.430952000000005
75001.0,43.430952000000005
75061.0,43.430952000000005
75121.0,43.430952000000005
75181.0,43.430952000000005
75241.0,43.430952000000005
75301.0,43.430952000000005
75361.0,43.430952000000005
75421.0,43.430952000000005
75481.0,43.430952000000005
75541.0,43.430952000000005
75601.0,43.430952000000005
75661.0,43.430952000000005
75721.0,43.430952000000005
75781.0,43.430952000000005
75841.0,43.430952000000005
75901.0,43.430952000000005
75961.0,43.430952000000005
76021.0,43.430952000000005
76081.0,43.430952000000005
76141.0,43.430952000000005
76201.0,43.430952000000005
76261.0,43.430952000000005
76321.0,43.430952000000005
76381.0,43.430952000000005
76441.0,43.430952000000005
76501.0,43.430952000000005
76561.0,43.430952000000005
76621.0,43.430952000000005
76681.0,43.430952000000005
76741.0,43.430952000000005
76801.0,43.430952000000005
76861.0,43.430952000000005
76921.0,43.430952000000005
76981.0,43.430952000000005
77041.0,43.430952000000005
77101.0,43.430952000000005
77161.0,43.430952000000005
77221.0,43.430952000000005
77281.0,43.430952000000005
77341.0,43.430952000000005
77401.0,43.430952000000005
77461.0,43.430952000000005
77521.0,43.430952000000005
77581.0,43.430952000000005
77641.0,43.430952000000005
77701.0,43.430952000000005
77761.0,43.430952000000005
77821.0,43.430952000000005
77881.0,43.430952000000005
77941.0,43.430952000000005
78001.0,43.430952000000005
78061.0,43.430952000000005
78121.0,43.430952000000005
78181.0,43.430952000000005
78241.0,43.430952000000005
78301.0,43.430952000000005
78361.0,43.430952000000005
78421.0,43.430952000000005
78481.0,43.430952000000005
78541.0,43.430952000000005
78601.0,43.430952000000005
78661.0,43.430952000000005
78721.0,43.430952000000005
78781.0,43.430952000000005
78841.0,43.430952000000005
78901.0,43.430952000000005
78961.0,43.430952000000005
79021.0,43.430952000000005
79081.0,43.430952000000005
79141.0,43.430952000000005
79201.0,43.430952000000005
79261.0,43.430952000000005
79321.0,43.430952000000005
79381.0,43.430952000000005
79441.0,43.430952000000005
79501.0,43.430952000000005
79561.0,43.430952000000005
79621.0,43.430952000000005
79681.0,43.430952000000005
79741.0,43.430952000000005
79801.0,43.430952000000005
79861.0,43.430952000000005
79921.0,43.430952000000005
79981.0,43.430952000000005
80041.0,43.430952000000005
80101.0,43.430952000000005
80161.0,43.430952000000005
80221.0,43.430952000000005
80281.0,43.430952000000005
80341.0,43.430952000000005
80401.0,43.430952000000005
80461.0,43.430952000000005
80521.0,43.430952000000005
80581.0,43.430952000000005
80641.0,43.430952000000005
80701.0,43.430952000000005
80761.0,43.430952000000005
80821.0,43.430952000000005
80881.0,43.430952000000005
80941.0,43.430952000000005
81001.0,43.430952000000005
81061.0,43.430952000000005
81121.0,43.430952000000005
81181.0,43.430952000000005
81241.0,43.430952000000005
81301.0,43.430952000000005
81361.0,43.430952000000005
81421.0,43.430952000000005
81481.0,43.430952000000005
81541.0,43.430952000000005
81601.0,43.430952000000005
81661.0,43.430952000000005
81721.0,43.430952000000005
81781.0,43.430952000000005
81841.0,43.430952000000005
81901.0,43.430952000000005
81961.0,43.430952000000005
82021.0,43.430952000000005
82081.0,43.430952000000005
82141.0,43.430952000000005
82201.0,43.430952000000005
82261.0,43.430952000000005
82321.0,43.430952000000005
82381.0,43.430952000000005
82441.0,43.430952000000005
82501.0,43.430952000000005
82561.0,43.430952000000005
82621.0,43.430952000000005
82681.0,43.430952000000005
82741.0,43.430952000000005
82801.0,43.430952000000005
82861.0,43.430952000000005
82921.0,43.430952000000005
82981.0,43.430952000000005
83041.0,43.430952000000005
83101.0,43.430952000000005
83161.0,43.430952000000005
83221.0,43.430952000000005
83281.0,43.430952000000005
83341.0,43.430952000000005
83401.0,43.430952000000005
83461.0,43.430952000000005
83521.0,43.430952000000005
83581.0,43.430952000000005
83641.0,43.430952000000005
83701.0,43.430952000000005
83761.0,43.430952000000005
83821.0,43.430952000000005
83881.0,43.430952000000005
83941.0,43.430952000000005
84001.0,43.430952000000005
84061.0,43.430952000000005
84121.0,43.430952000000005
84181.0,43.430952000000005
84241.0,43.430952000000005
84301.0,43.430952000000005
84361.0,43.430952000000005
84421.0,43.430952000000005
84481.0,43.430952000000005
84541.0,43.430952000000005
84601.0,43.430952000000005
84661.0,43.430952000000005
84721.0,43.430952000000005
84781.0,43.430952000000005
84841.0,43.430952000000005
84901.0,43.430952000000005
84961.0,43.430952000000005
85021.0,43.430952000000005
85081.0,43.430952000000005
85141.0,43.430952000000005
85201.0,43.430952000000005
85261.0,43.430952000000005
85321.0,43.430952000000005
85381.0,43.430952000000005
85441.0,43.430952000000005
85501.0,43.430952000000005
85561.0,43.430952000000005
85621.0,43.430952000000005
85681.0,43.430952000000005
85741.0,43.430952000000005
85801.0,43.430952000000005
85861.0,43.430952000000005
85921.0,43.430952000000005
85981.0,43.430952000000005
86041.0,43.430952000000005
86101.0,43.430952000000005
86161.0,43.430952000000005
86221.0,43.430952000000005
86281.0,43.430952000000005
86341.0,43.430952000000005
86401.0,43.430952000000005
90001.0,43.427904
93601.0,43.430952000000005
97201.0,43.430952000000005
100801.0,43.434000000000005
104401.0,43.434000000000005
108001.0,43.434000000000005
111601.0,43.434000000000005
115201.0,43.434000000000005
118801.0,43.434000000000005
122401.0,43.434000000000005
126001.0,43.434000000000005
129601.0,43.434000000000005
133201.0,43.434000000000005
136801.0,43.434000000000005
140401.0,43.437048
144001.0,43.434000000000005
147601.0,43.437048
151201.0,43.437048
154801.0,43.437048
158401.0,43.437048
162001.0,43.437048
165601.0,43.437048
169201.0,43.434000000000005
172801.0,43.434000000000005
176401.0,43.434000000000005
180001.0,43.434000000000005
183601.0,43.434000000000005
187201.0,43.437048
190801.0,43.434000000000005
194401.0,43.437048
198001.0,43.437048
201601.0,43.437048
205201.0,43.434000000000005
208801.0,43.434000000000005
212401.0,43.434000000000005
216001.0,43.434000000000005
219601.0,43.434000000000005
223201.0,43.430952000000005
226801.0,43.430952000000005
230401.0,43.430952000000005
234001.0,43.430952000000005
237601.0,43.430952000000005
241201.0,43.430952000000005
244801.0,43.427904
248401.0,43.427904
252001.0,43.424856
255601.0,43.424856
259201.0,43.421808000000006
259206.0,43.424856
259211.0,43.424856
259216.0,43.424856
259221.0,43.424856
259226.0,43.424856
259231.0,43.424856
259236.0,43.424856
259241.0,43.424856
259246.0,43.424856
259251.0,43.424856
259256.0,43.424856
259261.0,43.424856
259266.0,43.424856
259271.0,43.424856
259276.0,43.424856
259281.0,43.424856
259286.0,43.424856
259291.0,43.421808000000006
259296.0,43.424856
259301.0,43.424856
259306.0,43.424856
259311.0,43.424856
259316.0,43.424856
259321.0,43.421808000000006
259326.0,43.424856
259331.0,43.424856
259336.0,43.424856
259341.0,43.424856
259346.0,43.424856
259351.0,43.424856
259356.0,43.424856
259361.0,43.424856
259366.0,43.424856
259371.0,43.424856
259376.0,43.424856
259381.0,43.424856
259386.0,43.424856
259391.0,43.424856
259396.0,43.424856
259401.0,43.424856
259406.0,43.424856
259411.0,43.424856
259416.0,43.424856
259421.0,43.424856
259426.0,43.424856
259431.0,43.424856
259436.0,43.424856
259441.0,43.424856
259446.0,43.424856
259451.0,43.424856
259456.0,43.424856
259461.0,43.424856
259466.0,43.421808000000006
259471.0,43.424856
259476.0,43.424856
259481.0,43.424856
259486.0,43.424856
259491.0,43.424856
259496.0,43.424856
259501.0,43.424856
259506.0,43.424856
259511.0,43.424856
259516.0,43.424856
259521.0,43.424856
259526.0,43.424856
259531.0,43.424856
259536.0,43.424856
259541.0,43.421808000000006
259546.0,43.424856
259551.0,43.421808000000006
259556.0,43.424856
259561.0,43.421808000000006
259566.0,43.421808000000006
259571.0,43.421808000000006
259576.0,43.421808000000006
259581.0,43.424856
259586.0,43.421808000000006
259591.0,43.421808000000006
259596.0,43.421808000000006
259601.0,43.421808000000006
259606.0,43.421808000000006
259611.0,43.421808000000006
259616.0,43.421808000000006
259621.0,43.421808000000006
259626.0,43.421808000000006
259631.0,43.421808000000006
259636.0,43.421808000000006
259641.0,43.421808000000006
259646.0,43.421808000000006
259651.0,43.421808000000006
259656.0,43.421808000000006
259661.0,43.424856
259666.0,43.421808000000006
259671.0,43.421808000000006
259676.0,43.421808000000006
259681.0,43.421808000000006
259686.0,43.421808000000006
259691.0,43.421808000000006
259696.0,43.421808000000006
259701.0,43.421808000000006
259706.0,43.421808000000006
259711.0,43.421808000000006
259716.0,43.421808000000006
259721.0,43.421808000000006
259726.0,43.424856
259731.0,43.421808000000006
259736.0,43.421808000000006
259741.0,43.421808000000006
259746.0,43.421808000000006
259751.0,43.421808000000006
259756.0,43.421808000000006
259761.0,43.421808000000006
259766.0,43.421808000000006
259771.0,43.421808000000006
259776.0,43.421808000000006
259781.0,43.421808000000006
259786.0,43.421808000000006
259791.0,43.421808000000006
259796.0,43.421808000000006
259801.0,43.421808000000006
259806.0,43.421808000000006
259811.0,43.421808000000006
259816.0,43.421808000000006
259821.0,43.421808000000006
259826.0,43.421808000000006
259831.0,43.421808000000006
259836.0,43.421808000000006
259841.0,43.421808000000006
259846.0,43.421808000000006
259851.0,43.421808000000006
259856.0,43.421808000000006
259861.0,43.421808000000006
259891.0,43.421808000000006
259921.0,43.421808000000006
259951.0,43.421808000000006
259981.0,43.421808000000006
260011.0,43.421808000000006
260041.0,43.421808000000006
260071.0,43.421808000000006
260101.0,43.421808000000006
260131.0,43.421808000000006
260161.0,43.421808000000006
260191.0,43.421808000000006
260221.0,43.421808000000006
260251.0,43.421808000000006
260281.0,43.421808000000006
260311.0,43.421808000000006
260341.0,43.421808000000006
260371.0,43.421808000000006
260401.0,43.421808000000006
260431.0,43.421808000000006
260461.0,43.421808000000006
260491.0,43.421808000000006
260521.0,43.421808000000006
260551.0,43.421808000000006
260581.0,43.421808000000006
260611.0,43.421808000000006
260641.0,43.421808000000006
260671.0,43.421808000000006
260701.0,43.421808000000006
260731.0,43.421808000000006
260761.0,43.421808000000006
260791.0,43.421808000000006
260821.0,43.421808000000006
260851.0,43.421808000000006
260881.0,43.421808000000006
260911.0,43.421808000000006
260941.0,43.421808000000006
260971.0,43.421808000000006
261001.0,43.421808000000006
261031.0,43.421808000000006
261061.0,43.421808000000006
261121.0,43.421808000000006
261181.0,43.421808000000006
261241.0,43.421808000000006
261301.0,43.421808000000006
261361.0,43.421808000000006
261421.0,43.421808000000006
261481.0,43.421808000000006
261541.0,43.421808000000006
261601.0,43.421808000000006
261661.0,43.421808000000006
261721.0,43.421808000000006
261781.0,43.421808000000006
261841.0,43.421808000000006
261901.0,43.421808000000006
261961.0,43.421808000000006
262021.0,43.421808000000006
262081.0,43.421808000000006
262141.0,43.421808000000006
262201.0,43.421808000000006
262261.0,43.421808000000006
262321.0,43.421808000000006
262381.0,43.421808000000006
262441.0,43.421808000000006
262501.0,43.421808000000006
262561.0,43.421808000000006
262621.0,43.421808000000006
262681.0,43.421808000000006
262741.0,43.421808000000006
262801.0,43.421808000000006
262861.0,43.421808000000006
262921.0,43.421808000000006
262981.0,43.421808000000006
263041.0,43.421808000000006
263101.0,43.421808000000006
263161.0,43.421808000000006
263221.0,43.421808000000006
263281.0,43.421808000000006
263341.0,43.421808000000006
263401.0,43.421808000000006
263461.0,43.421808000000006
263521.0,43.421808000000006
263581.0,43.421808000000006
263641.0,43.421808000000006
263701.0,43.421808000000006
263761.0,43.421808000000006
263821.0,43.421808000000006
263881.0,43.421808000000006
263941.0,43.421808000000006
264001.0,43.421808000000006
264061.0,43.421808000000006
264121.0,43.421808000000006
264181.0,43.421808000000006
264241.0,43.421808000000006
264301.0,43.421808000000006
264361.0,43.421808000000006
264421.0,43.421808000000006
264481.0,43.421808000000006
264541.0,43.421808000000006
264601.0,43.421808000000006
264661.0,43.421808000000006
264721.0,43.421808000000006
264781.0,43.421808000000006
264841.0,43.421808000000006
264901.0,43.421808000000006
264961.0,43.421808000000006
265021.0,43.421808000000006
265081.0,43.421808000000006
265141.0,43.421808000000006
265201.0,43.421808000000006
265261.0,43.421808000000006
265321.0,43.421808000000006
265381.0,43.421808000000006
265441.0,43.421808000000006
265501.0,43.421808000000006
265561.0,43.421808000000006
265621.0,43.421808000000006
265681.0,43.421808000000006
265741.0,43.421808000000006
265801.0,43.421808000000006
265861.0,43.421808000000006
265921.0,43.421808000000006
265981.0,43.421808000000006
266041.0,43.421808000000006
266101.0,43.421808000000006
266161.0,43.421808000000006
266221.0,43.421808000000006
266281.0,43.421808000000006
266341.0,43.421808000000006
266401.0,43.421808000000006
266461.0,43.421808000000006
266521.0,43.421808000000006
266581.0,43.421808000000006
266641.0,43.421808000000006
266701.0,43.421808000000006
266761.0,43.421808000000006
266821.0,43.421808000000006
266881.0,43.421808000000006
266941.0,43.421808000000006
267001.0,43.421808000000006
267061.0,43.421808000000006
267121.0,43.421808000000006
267181.0,43.421808000000006
267241.0,43.421808000000006
267301.0,43.421808000000006
267361.0,43.421808000000006
267421.0,43.421808000000006
267481.0,43.421808000000006
267541.0,43.421808000000006
267601.0,43.421808000000006
267661.0,43.421808000000006
267721.0,43.421808000000006
267781.0,43.421808000000006
267841.0,43.421808000000006
267901.0,43.421808000000006
267961.0,43.421808000000006
268021.0,43.421808000000006
268081.0,43.421808000000006
268141.0,43.421808000000006
268201.0,43.421808000000006
268261.0,43.421808000000006
268321.0,43.421808000000006
268381.0,43.421808000000006
268441.0,43.421808000000006
268501.0,43.421808000000006
268561.0,43.421808000000006
268621.0,43.421808000000006
268681.0,43.421808000000006
268741.0,43.421808000000006
268801.0,43.421808000000006
268861.0,43.421808000000006
268921.0,43.421808000000006
268981.0,43.421808000000006
269041.0,43.421808000000006
269101.0,43.421808000000006
269161.0,43.421808000000006
269221.0,43.421808000000006
269281.0,43.424856
269341.0,43.421808000000006
269401.0,43.421808000000006
269461.0,43.421808000000006
269521.0,43.421808000000006
269581.0,43.421808000000006
269641.0,43.421808000000006
269701.0,43.421808000000006
269761.0,43.421808000000006
269821.0,43.424856
269881.0,43.421808000000006
269941.0,43.421808000000006
270001.0,43.424856
270061.0,43.421808000000006
270121.0,43.421808000000006
270181.0,43.424856
270241.0,43.424856
270301.0,43.424856
270361.0,43.424856
270421.0,43.424856
270481.0,43.424856
270541.0,43.424856
270601.0,43.424856
270661.0,43.424856
270721.0,43.424856
270781.0,43.424856
270841.0,43.424856
270901.0,43.424856
270961.0,43.424856
271021.0,43.424856
271081.0,43.424856
271141.0,43.424856
271201.0,43.424856
271261.0,43.424856
271321.0,43.424856
271381.0,43.424856
271441.0,43.424856
271501.0,43.424856
271561.0,43.424856
271621.0,43.424856
271681.0,43.424856
271741.0,43.424856
271801.0,43.424856
271861.0,43.424856
271921.0,43.424856
271981.0,43.424856
272041.0,43.424856
272101.0,43.424856
272161.0,43.424856
272221.0,43.424856
272281.0,43.424856
272341.0,43.424856
272401.0,43.424856
272461.0,43.424856
272521.0,43.424856
272581.0,43.424856
272641.0,43.424856
272701.0,43.424856
272761.0,43.424856
272821.0,43.424856
272881.0,43.424856
272941.0,43.424856
273001.0,43.424856
273061.0,43.424856
273121.0,43.424856
273181.0,43.424856
273241.0,43.424856
273301.0,43.424856
273361.0,43.424856
273421.0,43.424856
273481.0,43.424856
273541.0,43.424856
273601.0,43.424856
273661.0,43.424856
273721.0,43.424856
273781.0,43.424856
273841.0,43.424856
273901.0,43.424856
273961.0,43.424856
274021.0,43.424856
274081.0,43.424856
274141.0,43.424856
274201.0,43.424856
274261.0,43.424856
274321.0,43.424856
274381.0,43.424856
274441.0,43.424856
274501.0,43.424856
274561.0,43.424856
274621.0,43.424856
274681.0,43.424856
274741.0,43.424856
274801.0,43.424856
274861.0,43.424856
274921.0,43.424856
274981.0,43.424856
275041.0,43.424856
275101.0,43.424856
275161.0,43.424856
275221.0,43.424856
275281.0,43.424856
275341.0,43.424856
275401.0,43.424856
275461.0,43.424856
275521.0,43.424856
275581.0,43.424856
275641.0,43.424856
275701.0,43.424856
275761.0,43.424856
275821.0,43.424856
275881.0,43.424856
275941.0,43.424856
276001.0,43.424856
276061.0,43.424856
276121.0,43.424856
276181.0,43.424856
276241.0,43.424856
276301.0,43.424856
276361.0,43.424856
276421.0,43.424856
276481.0,43.424856
276541.0,43.424856
276601.0,43.424856
276661.0,43.424856
276721.0,43.424856
276781.0,43.424856
276841.0,43.424856
276901.0,43.424856
276961.0,43.424856
277021.0,43.424856
277081.0,43.424856
277141.0,43.424856
277201.0,43.424856
277261.0,43.424856
277321.0,43.424856
277381.0,43.424856
277441.0,43.424856
277501.0,43.424856
277561.0,43.424856
277621.0,43.424856
277681.0,43.424856
277741.0,43.424856
277801.0,43.424856
277861.0,43.424856
277921.0,43.424856
277981.0,43.424856
278041.0,43.424856
278101.0,43.424856
278161.0,43.424856
278221.0,43.424856
278281.0,43.424856
278341.0,43.424856
278401.0,43.424856
278461.0,43.424856
278521.0,43.424856
278581.0,43.424856
278641.0,43.424856
278701.0,43.424856
278761.0,43.424856
278821.0,43.424856
278881.0,43.424856
278941.0,43.424856
279001.0,43.424856
279061.0,43.424856
279121.0,43.424856
279181.0,43.424856
279241.0,43.424856
279301.0,43.424856
279361.0,43.424856
279421.0,43.424856
279481.0,43.424856
279541.0,43.424856
279601.0,43.424856
279661.0,43.424856
279721.0,43.424856
279781.0,43.424856
279841.0,43.424856
279901.0,43.424856
279961.0,43.424856
280021.0,43.424856
280081.0,43.424856
280141.0,43.424856
280201.0,43.424856
280261.0,43.424856
280321.0,43.424856
280381.0,43.424856
280441.0,43.424856
280501.0,43.424856
280561.0,43.424856
280621.0,43.424856
280681.0,43.424856
280741.0,43.424856
280801.0,43.424856
280861.0,43.424856
280921.0,43.424856
280981.0,43.424856
281041.0,43.424856
281101.0,43.424856
281161.0,43.424856
281221.0,43.424856
281281.0,43.424856
281341.0,43.424856
281401.0,43.424856
281461.0,43.424856
281521.0,43.424856
281581.0,43.424856
281641.0,43.424856
281701.0,43.424856
281761.0,43.424856
281821.0,43.424856
281881.0,43.424856
281941.0,43.424856
282001.0,43.424856
282061.0,43.424856
282121.0,43.424856
282181.0,43.424856
282241.0,43.424856
282301.0,43.424856
282361.0,43.424856
282421.0,43.424856
282481.0,43.424856
282541.0,43.424856
282601.0,43.424856
282661.0,43.424856
282721.0,43.424856
282781.0,43.424856
282841.0,43.424856
282901.0,43.424856
282961.0,43.424856
283021.0,43.424856
283081.0,43.424856
283141.0,43.424856
283201.0,43.424856
283261.0,43.421808000000006
283321.0,43.421808000000006
283381.0,43.421808000000006
283441.0,43.421808000000006
283501.0,43.421808000000006
283561.0,43.421808000000006
283621.0,43.421808000000006
283681.0,43.421808000000006
283741.0,43.424856
283801.0,43.421808000000006
283861.0,43.421808000000006
283921.0,43.421808000000006
283981.0,43.421808000000006
284041.0,43.424856
284101.0,43.421808000000006
284161.0,43.421808000000006
284221.0,43.424856
284281.0,43.424856
284341.0,43.424856
284401.0,43.424856
284461.0,43.424856
284521.0,43.421808000000006
284581.0,43.421808000000006
284641.0,43.424856
284701.0,43.424856
284761.0,43.424856
284821.0,43.424856
284881.0,43.421808000000006
284941.0,43.421808000000006
285001.0,43.424856
285061.0,43.421808000000006
285121.0,43.421808000000006
285181.0,43.421808000000006
285241.0,43.421808000000006
285301.0,43.421808000000006
285361.0,43.421808000000006
285421.0,43.421808000000006
285481.0,43.421808000000006
285541.0,43.421808000000006
285601.0,43.421808000000006
285661.0,43.421808000000006
285721.0,43.421808000000006
285781.0,43.421808000000006
285841.0,43.421808000000006
285901.0,43.421808000000006
285961.0,43.421808000000006
286021.0,43.421808000000006
286081.0,43.421808000000006
286141.0,43.421808000000006
286201.0,43.421808000000006
286261.0,43.421808000000006
286321.0,43.421808000000006
286381.0,43.421808000000006
286441.0,43.421808000000006
286501.0,43.421808000000006
286561.0,43.421808000000006
286621.0,43.421808000000006
286681.0,43.421808000000006
286741.0,43.421808000000006
286801.0,43.421808000000006
286861.0,43.421808000000006
286921.0,43.421808000000006
286981.0,43.421808000000006
287041.0,43.421808000000006
287101.0,43.421808000000006
287161.0,43.421808000000006
287221.0,43.421808000000006
287281.0,43.421808000000006
287341.0,43.421808000000006
287401.0,43.421808000000006
287461.0,43.421808000000006
287521.0,43.421808000000006
287581.0,43.421808000000006
287641.0,43.421808000000006
287701.0,43.421808000000006
287761.0,43.421808000000006
287821.0,43.421808000000006
287881.0,43.421808000000006
287941.0,43.421808000000006
288001.0,43.421808000000006
288061.0,43.421808000000006
288121.0,43.421808000000006
288181.0,43.421808000000006
288241.0,43.421808000000006
288301.0,43.421808000000006
288361.0,43.421808000000006
288421.0,43.421808000000006
288481.0,43.421808000000006
288541.0,43.421808000000006
288601.0,43.421808000000006
288661.0,43.421808000000006
288721.0,43.421808000000006
288781.0,43.421808000000006
288841.0,43.421808000000006
288901.0,43.421808000000006
288961.0,43.421808000000006
289021.0,43.421808000000006
289081.0,43.421808000000006
289141.0,43.421808000000006
289201.0,43.421808000000006
289261.0,43.421808000000006
289321.0,43.421808000000006
289381.0,43.421808000000006
289441.0,43.421808000000006
289501.0,43.421808000000006
289561.0,43.421808000000006
289621.0,43.421808000000006
289681.0,43.421808000000006
289741.0,43.421808000000006
289801.0,43.421808000000006
289861.0,43.421808000000006
289921.0,43.421808000000006
289981.0,43.421808000000006
290041.0,43.421808000000006
290101.0,43.421808000000006
290161.0,43.421808000000006
290221.0,43.421808000000006
290281.0,43.421808000000006
290341.0,43.421808000000006
290401.0,43.421808000000006
290461.0,43.421808000000006
290521.0,43.421808000000006
290581.0,43.421808000000006
290641.0,43.421808000000006
290701.0,43.421808000000006
290761.0,43.421808000000006
290821.0,43.421808000000006
290881.0,43.421808000000006
290941.0,43.421808000000006
291001.0,43.421808000000006
291061.0,43.421808000000006
291121.0,43.421808000000006
291181.0,43.421808000000006
291241.0,43.421808000000006
291301.0,43.421808000000006
291361.0,43.421808000000006
291421.0,43.421808000000006
291481.0,43.421808000000006
291541.0,43.421808000000006
291601.0,43.41876
291661.0,43.41876
291721.0,43.41876
291781.0,43.41876
291841.0,43.41876
291901.0,43.41876
291961.0,43.41876
292021.0,43.41876
292081.0,43.41876
292141.0,43.421808000000006
292201.0,43.421808000000006
292261.0,43.41876
292321.0,43.421808000000006
292381.0,43.41876
292441.0,43.41876
292501.0,43.421808000000006
292561.0,43.41876
292621.0,43.41876
292681.0,43.41876
292741.0,43.41876
292801.0,43.41876
292861.0,43.41876
292921.0,43.41876
292981.0,43.41876
293041.0,43.41876
293101.0,43.41876
293161.0,43.41876
293221.0,43.41876
293281.0,43.41876
293341.0,43.41876
293401.0,43.41876
293461.0,43.41876
293521.0,43.41876
293581.0,43.41876
293641.0,43.41876
293701.0,43.41876
293761.0,43.41876
293821.0,43.41876
293881.0,43.41876
293941.0,43.41876
294001.0,43.41876
294061.0,43.41876
294121.0,43.41876
294181.0,43.41876
294241.0,43.41876
294301.0,43.41876
294361.0,43.41876
294421.0,43.41876
294481.0,43.41876
294541.0,43.41876
294601.0,43.41876
294661.0,43.41876
294721.0,43.41876
294781.0,43.41876
294841.0,43.41876
294901.0,43.41876
294961.0,43.41876
295021.0,43.41876
295081.0,43.41876
295141.0,43.41876
295201.0,43.41876
295261.0,43.41876
295321.0,43.41876
295381.0,43.41876
295441.0,43.41876
295501.0,43.41876
295561.0,43.41876
295621.0,43.41876
295681.0,43.41876
295741.0,43.41876
295801.0,43.41876
295861.0,43.41876
295921.0,43.41876
295981.0,43.41876
296041.0,43.41876
296101.0,43.41876
296161.0,43.41876
296221.0,43.41876
296281.0,43.41876
296341.0,43.41876
296401.0,43.41876
296461.0,43.41876
296521.0,43.41876
296581.0,43.41876
296641.0,43.41876
296701.0,43.41876
296761.0,43.41876
296821.0,43.41876
296881.0,43.41876
296941.0,43.41876
297001.0,43.41876
297061.0,43.41876
297121.0,43.41876
297181.0,43.41876
297241.0,43.41876
297301.0,43.41876
297361.0,43.41876
297421.0,43.41876
297481.0,43.41876
297541.0,43.41876
297601.0,43.41876
297661.0,43.41876
297721.0,43.41876
297781.0,43.41876
297841.0,43.41876
297901.0,43.41876
297961.0,43.41876
298021.0,43.41876
298081.0,43.41876
298141.0,43.41876
298201.0,43.41876
298261.0,43.41876
298321.0,43.41876
298381.0,43.41876
298441.0,43.41876
298501.0,43.41876
298561.0,43.41876
298621.0,43.41876
298681.0,43.41876
298741.0,43.41876
298801.0,43.41876
298861.0,43.41876
298921.0,43.41876
298981.0,43.41876
299041.0,43.41876
299101.0,43.41876
299161.0,43.41876
299221.0,43.41876
299281.0,43.41876
299341.0,43.41876
299401.0,43.41876
299461.0,43.41876
299521.0,43.41876
299581.0,43.41876
299641.0,43.41876
299701.0,43.41876
299761.0,43.41876
299821.0,43.41876
299881.0,43.41876
299941.0,43.41876
300001.0,43.41876
300061.0,43.41876
300121.0,43.41876
300181.0,43.41876
300241.0,43.41876
300301.0,43.41876
300361.0,43.41876
300421.0,43.41876
300481.0,43.41876
300541.0,43.41876
300601.0,43.41876
300661.0,43.41876
300721.0,43.41876
300781.0,43.41876
300841.0,43.41876
300901.0,43.41876
300961.0,43.41876
301021.0,43.41876
301081.0,43.41876
301141.0,43.41876
301201.0,43.41876
301261.0,43.41876
301321.0,43.41876
301381.0,43.41876
301441.0,43.41876
301501.0,43.41876
301561.0,43.41876
301621.0,43.41876
301681.0,43.41876
301741.0,43.41876
301801.0,43.41876
301861.0,43.41876
301921.0,43.41876
301981.0,43.41876
302041.0,43.41876
302101.0,43.41876
302161.0,43.41876
302221.0,43.41876
302281.0,43.41876
302341.0,43.41876
302401.0,43.41876
302461.0,43.41876
302521.0,43.41876
302581.0,43.41876
302641.0,43.41876
302701.0,43.41876
302761.0,43.41876
302821.0,43.41876
302881.0,43.41876
302941.0,43.41876
303001.0,43.41876
303061.0,43.41876
303121.0,43.41876
303181.0,43.41876
303241.0,43.41876
303301.0,43.41876
303361.0,43.41876
303421.0,43.41876
303481.0,43.41876
303541.0,43.41876
303601.0,43.41876
303661.0,43.41876
303721.0,43.41876
303781.0,43.41876
303841.0,43.41876
303901.0,43.41876
303961.0,43.41876
304021.0,43.41876
304081.0,43.41876
304141.0,43.41876
304201.0,43.41876
304261.0,43.41876
304321.0,43.41876
304381.0,43.41876
304441.0,43.41876
304501.0,43.41876
304561.0,43.41876
304621.0,43.41876
304681.0,43.41876
304741.0,43.41876
304801.0,43.41876
304861.0,43.41876
304921.0,43.41876
304981.0,43.41876
305041.0,43.41876
305101.0,43.41876
305161.0,43.41876
305221.0,43.41876
305281.0,43.41876
305341.0,43.41876
305401.0,43.415712
305461.0,43.415712
305521.0,43.415712
305581.0,43.415712
305641.0,43.415712
305701.0,43.415712
305761.0,43.415712
305821.0,43.415712
305881.0,43.415712
305941.0,43.415712
306001.0,43.415712
306061.0,43.415712
306121.0,43.415712
306181.0,43.415712
306241.0,43.415712
306301.0,43.415712
306361.0,43.415712
306421.0,43.415712
306481.0,43.41876
306541.0,43.41876
306601.0,43.41876
306661.0,43.41876
306721.0,43.41876
306781.0,43.41876
306841.0,43.415712
306901.0,43.415712
306961.0,43.415712
307021.0,43.415712
307081.0,43.415712
307141.0,43.415712
307201.0,43.415712
307261.0,43.415712
307321.0,43.415712
307381.0,43.41876
307441.0,43.415712
307501.0,43.415712
307561.0,43.415712
307621.0,43.415712
307681.0,43.415712
307741.0,43.415712
307801.0,43.415712
307861.0,43.415712
307921.0,43.41876
307981.0,43.41876
308041.0,43.41876
308101.0,43.41876
308161.0,43.41876
308221.0,43.41876
308281.0,43.41876
308341.0,43.41876
308401.0,43.41876
308461.0,43.41876
308521.0,43.41876
308581.0,43.41876
308641.0,43.41876
308701.0,43.41876
308761.0,43.41876
308821.0,43.41876
308881.0,43.41876
308941.0,43.415712
309001.0,43.415712
309061.0,43.415712
309121.0,43.415712
309181.0,43.415712
309241.0,43.415712
309301.0,43.415712
309361.0,43.415712
309421.0,43.415712
309481.0,43.415712
309541.0,43.415712
309601.0,43.415712
309661.0,43.415712
309721.0,43.415712
309781.0,43.415712
309841.0,43.415712
309901.0,43.41876
309961.0,43.415712
310021.0,43.41876
310081.0,43.415712
310141.0,43.41876
310201.0,43.41876
310261.0,43.41876
310321.0,43.41876
310381.0,43.415712
310441.0,43.415712
310501.0,43.415712
310561.0,43.41876
310621.0,43.41876
310681.0,43.415712
310741.0,43.415712
310801.0,43.415712
310861.0,43.41876
310921.0,43.41876
310981.0,43.41876
311041.0,43.41876
311101.0,43.41876
311161.0,43.41876
311221.0,43.415712
311281.0,43.415712
311341.0,43.415712
311401.0,43.41876
311461.0,43.415712
311521.0,43.415712
311581.0,43.415712
311641.0,43.415712
311701.0,43.415712
311761.0,43.415712
311821.0,43.415712
311881.0,43.415712
311941.0,43.415712
312001.0,43.415712
312061.0,43.415712
312121.0,43.415712
312181.0,43.415712
312241.0,43.415712
312301.0,43.415712
312361.0,43.415712
312421.0,43.415712
312481.0,43.415712
312541.0,43.41876
312601.0,43.41876
312661.0,43.41876
312721.0,43.415712
312781.0,43.415712
312841.0,43.41876
312901.0,43.415712
312961.0,43.415712
313021.0,43.415712
313081.0,43.415712
313141.0,43.415712
313201.0,43.41876
313261.0,43.415712
313321.0,43.41876
313381.0,43.41876
313441.0,43.415712
313501.0,43.41876
313561.0,43.41876
313621.0,43.41876
313681.0,43.41876
313741.0,43.415712
313801.0,43.41876
313861.0,43.41876
313921.0,43.41876
313981.0,43.415712
314041.0,43.415712
314101.0,43.415712
314161.0,43.415712
314221.0,43.415712
314281.0,43.415712
314341.0,43.415712
314401.0,43.41876
314461.0,43.415712
314521.0,43.41876
314581.0,43.415712
314641.0,43.415712
314701.0,43.415712
314761.0,43.415712
314821.0,43.415712
314881.0,43.415712
314941.0,43.415712
315001.0,43.415712
315061.0,43.415712
315121.0,43.415712
315181.0,43.415712
315241.0,43.415712
315301.0,43.415712
315361.0,43.415712
315421.0,43.415712
315481.0,43.415712
315541.0,43.415712
315601.0,43.415712
315661.0,43.415712
315721.0,43.415712
315781.0,43.415712
315841.0,43.415712
315901.0,43.415712
315961.0,43.415712
316021.0,43.415712
316081.0,43.415712
316141.0,43.415712
316201.0,43.415712
316261.0,43.415712
316321.0,43.415712
316381.0,43.415712
316441.0,43.415712
316501.0,43.415712
316561.0,43.415712
316621.0,43.415712
316681.0,43.415712
316741.0,43.415712
316801.0,43.415712
316861.0,43.415712
316921.0,43.415712
316981.0,43.415712
317041.0,43.415712
317101.0,43.415712
317161.0,43.415712
317221.0,43.415712
317281.0,43.415712
317341.0,43.415712
317401.0,43.415712
317461.0,43.415712
317521.0,43.415712
317581.0,43.415712
317641.0,43.415712
317701.0,43.415712
317761.0,43.415712
317821.0,43.415712
317881.0,43.415712
317941.0,43.415712
318001.0,43.415712
318061.0,43.415712
318121.0,43.415712
318181.0,43.415712
318241.0,43.415712
318301.0,43.415712
318361.0,43.415712
318421.0,43.415712
318481.0,43.415712
318541.0,43.415712
318601.0,43.415712
318661.0,43.415712
318721.0,43.415712
318781.0,43.415712
318841.0,43.415712
318901.0,43.415712
318961.0,43.415712
319021.0,43.415712
319081.0,43.415712
319141.0,43.415712
319201.0,43.415712
319261.0,43.415712
319321.0,43.415712
319381.0,43.415712
319441.0,43.415712
319501.0,43.415712
319561.0,43.415712
319621.0,43.415712
319681.0,43.415712
319741.0,43.415712
319801.0,43.415712
319861.0,43.415712
319921.0,43.415712
319981.0,43.415712
320041.0,43.415712
320101.0,43.415712
320161.0,43.415712
320221.0,43.415712
320281.0,43.415712
320341.0,43.415712
320401.0,43.415712
320461.0,43.415712
320521.0,43.415712
320581.0,43.415712
320641.0,43.415712
320701.0,43.415712
320761.0,43.415712
320821.0,43.415712
320881.0,43.415712
320941.0,43.415712
321001.0,43.415712
321061.0,43.415712
321121.0,43.415712
321181.0,43.415712
321241.0,43.415712
321301.0,43.415712
321361.0,43.415712
321421.0,43.415712
321481.0,43.415712
321541.0,43.415712
321601.0,43.415712
321661.0,43.415712
321721.0,43.415712
321781.0,43.415712
321841.0,43.415712
321901.0,43.415712
321961.0,43.415712
322021.0,43.415712
322081.0,43.415712
322141.0,43.415712
322201.0,43.415712
322261.0,43.415712
322321.0,43.415712
322381.0,43.415712
322441.0,43.415712
322501.0,43.415712
322561.0,43.415712
322621.0,43.415712
322681.0,43.415712
322741.0,43.415712
322801.0,43.415712
322861.0,43.415712
322921.0,43.415712
322981.0,43.415712
323041.0,43.415712
323101.0,43.415712
323161.0,43.415712
323221.0,43.415712
323281.0,43.415712
323341.0,43.415712
323401.0,43.415712
323461.0,43.415712
323521.0,43.415712
323581.0,43.415712
323641.0,43.415712
323701.0,43.415712
323761.0,43.415712
323821.0,43.415712
323881.0,43.415712
323941.0,43.415712
324001.0,43.415712
324061.0,43.415712
324121.0,43.415712
324181.0,43.415712
324241.0,43.415712
324301.0,43.415712
324361.0,43.415712
324421.0,43.415712
324481.0,43.415712
324541.0,43.415712
324601.0,43.415712
324661.0,43.415712
324721.0,43.415712
324781.0,43.415712
324841.0,43.415712
324901.0,43.415712
324961.0,43.415712
325021.0,43.415712
325081.0,43.415712
325141.0,43.415712
325201.0,43.415712
325261.0,43.415712
325321.0,43.415712
325381.0,43.415712
325441.0,43.415712
325501.0,43.415712
325561.0,43.415712
325621.0,43.415712
325681.0,43.415712
325741.0,43.415712
325801.0,43.415712
325861.0,43.415712
325921.0,43.415712
325981.0,43.415712
326041.0,43.415712
326101.0,43.415712
326161.0,43.415712
326221.0,43.415712
326281.0,43.415712
326341.0,43.415712
326401.0,43.415712
326461.0,43.415712
326521.0,43.415712
326581.0,43.415712
326641.0,43.415712
326701.0,43.415712
326761.0,43.415712
326821.0,43.415712
326881.0,43.415712
326941.0,43.415712
327001.0,43.415712
327061.0,43.415712
327121.0,43.415712
327181.0,43.415712
327241.0,43.415712
327301.0,43.415712
327361.0,43.415712
327421.0,43.415712
327481.0,43.415712
327541.0,43.415712
327601.0,43.415712
327661.0,43.415712
327721.0,43.415712
327781.0,43.415712
327841.0,43.415712
327901.0,43.415712
327961.0,43.415712
328021.0,43.415712
328081.0,43.415712
328141.0,43.415712
328201.0,43.415712
328261.0,43.415712
328321.0,43.415712
328381.0,43.415712
328441.0,43.415712
328501.0,43.415712
328561.0,43.415712
328621.0,43.415712
328681.0,43.415712
328741.0,43.415712
328801.0,43.415712
328861.0,43.415712
328921.0,43.415712
328981.0,43.415712
329041.0,43.415712
329101.0,43.415712
329161.0,43.415712
329221.0,43.415712
329281.0,43.415712
329341.0,43.415712
329401.0,43.415712
329461.0,43.415712
329521.0,43.415712
329581.0,43.415712
329641.0,43.415712
329701.0,43.415712
329761.0,43.415712
329821.0,43.415712
329881.0,43.415712
329941.0,43.415712
330001.0,43.415712
330061.0,43.415712
330121.0,43.415712
330181.0,43.415712
330241.0,43.415712
330301.0,43.415712
330361.0,43.415712
330421.0,43.415712
330481.0,43.415712
330541.0,43.415712
330601.0,43.415712
330661.0,43.415712
330721.0,43.415712
330781.0,43.415712
330841.0,43.415712
330901.0,43.415712
330961.0,43.415712
331021.0,43.415712
331081.0,43.415712
331141.0,43.415712
331201.0,43.415712
331261.0,43.415712
331321.0,43.415712
331381.0,43.415712
331441.0,43.415712
331501.0,43.415712
331561.0,43.415712
331621.0,43.415712
331681.0,43.415712
331741.0,43.415712
331801.0,43.415712
331861.0,43.415712
331921.0,43.415712
331981.0,43.415712
332041.0,43.415712
332101.0,43.415712
332161.0,43.415712
332221.0,43.415712
332281.0,43.415712
332341.0,43.415712
332401.0,43.415712
332461.0,43.415712
332521.0,43.415712
332581.0,43.415712
332641.0,43.415712
332701.0,43.415712
332761.0,43.41266400000001
332821.0,43.415712
332881.0,43.41266400000001
332941.0,43.415712
333001.0,43.41266400000001
333061.0,43.41266400000001
333121.0,43.415712
333181.0,43.415712
333241.0,43.41266400000001
333301.0,43.41266400000001
333361.0,43.415712
333421.0,43.415712
333481.0,43.415712
333541.0,43.415712
333601.0,43.41266400000001
333661.0,43.41266400000001
333721.0,43.41266400000001
333781.0,43.41266400000001
333841.0,43.41266400000001
333901.0,43.41266400000001
333961.0,43.41266400000001
334021.0,43.41266400000001
334081.0,43.41266400000001
334141.0,43.41266400000001
334201.0,43.41266400000001
334261.0,43.41266400000001
334321.0,43.415712
334381.0,43.41266400000001
334441.0,43.41266400000001
334501.0,43.415712
334561.0,43.41266400000001
334621.0,43.41266400000001
334681.0,43.41266400000001
334741.0,43.41266400000001
334801.0,43.41266400000001
334861.0,43.41266400000001
334921.0,43.41266400000001
334981.0,43.41266400000001
335041.0,43.41266400000001
335101.0,43.41266400000001
335161.0,43.41266400000001
335221.0,43.41266400000001
335281.0,43.41266400000001
335341.0,43.41266400000001
335401.0,43.41266400000001
335461.0,43.41266400000001
335521.0,43.41266400000001
335581.0,43.41266400000001
335641.0,43.41266400000001
335701.0,43.41266400000001
335761.0,43.41266400000001
335821.0,43.41266400000001
335881.0,43.41266400000001
335941.0,43.41266400000001
336001.0,43.41266400000001
336061.0,43.41266400000001
336121.0,43.41266400000001
336181.0,43.41266400000001
336241.0,43.41266400000001
336301.0,43.41266400000001
336361.0,43.41266400000001
336421.0,43.41266400000001
336481.0,43.41266400000001
336541.0,43.41266400000001
336601.0,43.41266400000001
336661.0,43.41266400000001
336721.0,43.41266400000001
336781.0,43.41266400000001
336841.0,43.41266400000001
336901.0,43.41266400000001
336961.0,43.41266400000001
337021.0,43.41266400000001
337081.0,43.41266400000001
337141.0,43.41266400000001
337201.0,43.41266400000001
337261.0,43.41266400000001
337321.0,43.41266400000001
337381.0,43.41266400000001
337441.0,43.41266400000001
337501.0,43.41266400000001
337561.0,43.41266400000001
337621.0,43.41266400000001
337681.0,43.41266400000001
337741.0,43.41266400000001
337801.0,43.41266400000001
337861.0,43.41266400000001
337921.0,43.41266400000001
337981.0,43.41266400000001
338041.0,43.41266400000001
338101.0,43.41266400000001
338161.0,43.41266400000001
338221.0,43.41266400000001
338281.0,43.41266400000001
338341.0,43.41266400000001
338401.0,43.41266400000001
338461.0,43.41266400000001
338521.0,43.41266400000001
338581.0,43.41266400000001
338641.0,43.41266400000001
338701.0,43.41266400000001
338761.0,43.41266400000001
338821.0,43.41266400000001
338881.0,43.41266400000001
338941.0,43.41266400000001
339001.0,43.41266400000001
339061.0,43.41266400000001
339121.0,43.41266400000001
339181.0,43.41266400000001
339241.0,43.41266400000001
339301.0,43.41266400000001
339361.0,43.41266400000001
339421.0,43.41266400000001
339481.0,43.41266400000001
339541.0,43.41266400000001
339601.0,43.41266400000001
339661.0,43.41266400000001
339721.0,43.41266400000001
339781.0,43.41266400000001
339841.0,43.41266400000001
339901.0,43.41266400000001
339961.0,43.41266400000001
340021.0,43.41266400000001
340081.0,43.41266400000001
340141.0,43.41266400000001
340201.0,43.41266400000001
340261.0,43.41266400000001
340321.0,43.41266400000001
340381.0,43.41266400000001
340441.0,43.41266400000001
340501.0,43.41266400000001
340561.0,43.41266400000001
340621.0,43.41266400000001
340681.0,43.41266400000001
340741.0,43.41266400000001
340801.0,43.41266400000001
340861.0,43.41266400000001
340921.0,43.41266400000001
340981.0,43.41266400000001
341041.0,43.41266400000001
341101.0,43.41266400000001
341161.0,43.41266400000001
341221.0,43.41266400000001
341281.0,43.41266400000001
341341.0,43.41266400000001
341401.0,43.41266400000001
341461.0,43.41266400000001
341521.0,43.41266400000001
341581.0,43.41266400000001
341641.0,43.41266400000001
341701.0,43.41266400000001
341761.0,43.41266400000001
341821.0,43.41266400000001
341881.0,43.41266400000001
341941.0,43.41266400000001
342001.0,43.41266400000001
342061.0,43.41266400000001
342121.0,43.41266400000001
342181.0,43.41266400000001
342241.0,43.41266400000001
342301.0,43.41266400000001
342361.0,43.41266400000001
342421.0,43.41266400000001
342481.0,43.41266400000001
342541.0,43.41266400000001
342601.0,43.41266400000001
342661.0,43.41266400000001
342721.0,43.41266400000001
342781.0,43.41266400000001
342841.0,43.41266400000001
342901.0,43.41266400000001
342961.0,43.41266400000001
343021.0,43.41266400000001
343081.0,43.41266400000001
343141.0,43.41266400000001
343201.0,43.41266400000001
343261.0,43.41266400000001
343321.0,43.41266400000001
343381.0,43.41266400000001
343441.0,43.41266400000001
343501.0,43.41266400000001
343561.0,43.41266400000001
343621.0,43.41266400000001
343681.0,43.41266400000001
343741.0,43.41266400000001
343801.0,43.41266400000001
343861.0,43.41266400000001
343921.0,43.41266400000001
343981.0,43.41266400000001
344041.0,43.41266400000001
344101.0,43.41266400000001
344161.0,43.41266400000001
344221.0,43.41266400000001
344281.0,43.41266400000001
344341.0,43.41266400000001
344401.0,43.41266400000001
344461.0,43.41266400000001
344521.0,43.41266400000001
344581.0,43.41266400000001
344641.0,43.41266400000001
344701.0,43.41266400000001
344761.0,43.41266400000001
344821.0,43.41266400000001
344881.0,43.41266400000001
344941.0,43.41266400000001
345001.0,43.41266400000001
345061.0,43.41266400000001
345121.0,43.41266400000001
345181.0,43.41266400000001
345241.0,43.41266400000001
345301.0,43.41266400000001
345361.0,43.41266400000001
345421.0,43.41266400000001
345481.0,43.41266400000001
345541.0,43.41266400000001
345601.0,43.41266400000001
345661.0,43.41266400000001
349261.0,43.40961600000001
352861.0,43.41266400000001
356461.0,43.41266400000001
360061.0,43.415712
363661.0,43.415712
367261.0,43.415712
370861.0,43.415712
374461.0,43.415712
378061.0,43.415712
381661.0,43.415712
385261.0,43.415712
388861.0,43.41266400000001
392461.0,43.415712
396061.0,43.415712
399661.0,43.415712
403261.0,43.415712
406861.0,43.415712
410461.0,43.415712
414061.0,43.415712
417661.0,43.41876
421261.0,43.415712
424861.0,43.415712
428461.0,43.415712
432061.0,43.415712
435661.0,43.415712
439261.0,43.415712
442861.0,43.41876
446461.0,43.41876
450061.0,43.421808000000006
453661.0,43.421808000000006
457261.0,43.421808000000006
460861.0,43.41876
464461.0,43.421808000000006
468061.0,43.41876
471661.0,43.421808000000006
475261.0,43.421808000000006
478861.0,43.421808000000006
482461.0,43.421808000000006
486061.0,43.424856
489661.0,43.424856
493261.0,43.421808000000006
496861.0,43.424856
500461.0,43.424856
504061.0,43.427904
507661.0,43.424856
511261.0,43.424856
514861.0,43.424856
518461.0,43.424856
