  single point
     hani_5011     1.000000000000000         1.000000         0.000000    
     vani_5021     1.000000000000000         1.000000         0.000000    
       ss_6011    1.0000000000000001E-05     1.000000         0.000000    
       sy_6021    1.0000000000000000E-02     1.000000         0.000000    
      rch_7000    1.3824000000000000E-04     1.000000         0.000000    
         drn_1     11.00000000000000         1.000000         0.000000    
         drn_2     18.00000000000000         1.000000         0.000000    
         drn_3     12.00000000000000         1.000000         0.000000    
         drn_4     11.00000000000000         1.000000         0.000000    
         drn_5     18.00000000000000         1.000000         0.000000    
         drn_6     16.00000000000000         1.000000         0.000000    
         drn_7     17.00000000000000         1.000000         0.000000    
         drn_8     16.00000000000000         1.000000         0.000000    
         drn_9     14.00000000000000         1.000000         0.000000    
        drn_10     10.00000000000000         1.000000         0.000000    
        drn_11     14.00000000000000         1.000000         0.000000    
        drn_12     18.00000000000000         1.000000         0.000000    
        drn_13     15.00000000000000         1.000000         0.000000    
        drn_14     20.00000000000000         1.000000         0.000000    
        drn_15     18.00000000000000         1.000000         0.000000    
        drn_16     14.00000000000000         1.000000         0.000000    
        drn_17     14.00000000000000         1.000000         0.000000    
        drn_18     20.00000000000000         1.000000         0.000000    
        drn_19     13.00000000000000         1.000000         0.000000    
        drn_20     10.00000000000000         1.000000         0.000000    
        drn_21     11.00000000000000         1.000000         0.000000    
        drn_22     13.00000000000000         1.000000         0.000000    
        drn_23     18.00000000000000         1.000000         0.000000    
        drn_24     14.00000000000000         1.000000         0.000000    
        drn_25     17.00000000000000         1.000000         0.000000    
        drn_26     12.00000000000000         1.000000         0.000000    
        drn_27     18.00000000000000         1.000000         0.000000    
        drn_28     18.00000000000000         1.000000         0.000000    
        drn_29     15.00000000000000         1.000000         0.000000    
        drn_30     19.00000000000000         1.000000         0.000000    
        drn_31     19.00000000000000         1.000000         0.000000    
        drn_32     13.00000000000000         1.000000         0.000000    
        drn_33     10.00000000000000         1.000000         0.000000    
        drn_34     11.00000000000000         1.000000         0.000000    
        drn_35     18.00000000000000         1.000000         0.000000    
        drn_36     12.00000000000000         1.000000         0.000000    
        drn_37     15.00000000000000         1.000000         0.000000    
        drn_38     18.00000000000000         1.000000         0.000000    
        drn_39     19.00000000000000         1.000000         0.000000    
        drn_40     19.00000000000000         1.000000         0.000000    
         sc1v1     5.000000000000000         1.000000         0.000000    
         sc1v2     6.000000000000000         1.000000         0.000000    
         sc1v3     5.000000000000000         1.000000         0.000000    
         sc1v4     4.000000000000000         1.000000         0.000000    
         sc1v5     5.000000000000000         1.000000         0.000000    
         sc1v6     4.000000000000000         1.000000         0.000000    
         sc1v7     4.000000000000000         1.000000         0.000000    
         sc1v8     5.000000000000000         1.000000         0.000000    
         sc1v9     6.000000000000000         1.000000         0.000000    
        sc1v10     4.000000000000000         1.000000         0.000000    
        sc1v11     4.000000000000000         1.000000         0.000000    
        sc1v12     7.000000000000000         1.000000         0.000000    
        sc1v13     5.000000000000000         1.000000         0.000000    
        sc1v14     5.000000000000000         1.000000         0.000000    
        sc1v15     4.000000000000000         1.000000         0.000000    
        sc1v16     6.000000000000000         1.000000         0.000000    
        sc1v17     4.000000000000000         1.000000         0.000000    
        sc1v18     7.000000000000000         1.000000         0.000000    
        sc1v19     6.000000000000000         1.000000         0.000000    
        sc1v20     4.000000000000000         1.000000         0.000000    
        sc1v21     4.000000000000000         1.000000         0.000000    
        sc1v22     5.000000000000000         1.000000         0.000000    
        sc1v23     6.000000000000000         1.000000         0.000000    
        sc1v24     5.000000000000000         1.000000         0.000000    
        sc1v25     5.000000000000000         1.000000         0.000000    
        sc1v26     4.000000000000000         1.000000         0.000000    
        sc1v27     6.000000000000000         1.000000         0.000000    
        sc1v28     6.000000000000000         1.000000         0.000000    
        sc1v29     7.000000000000000         1.000000         0.000000    
