   3.696896E+01    3.694423E+01    3.689549E+01    3.682402E+01    3.673170E+01    3.662077E+01    3.649378E+01    3.635357E+01    3.620244E+01    3.604240E+01    3.587439E+01    3.569764E+01    3.550995E+01    3.530886E+01    3.509209E+01    3.485737E+01    3.491628E+01    3.496019E+01    3.498924E+01    3.500366E+01
   3.697432E+01    3.694909E+01    3.689935E+01    3.682635E+01    3.673206E+01    3.661885E+01    3.648946E+01    3.634693E+01    3.619381E+01    3.603235E+01    3.586386E+01    3.568741E+01    3.550023E+01    3.529974E+01    3.508362E+01    3.484914E+01    3.490790E+01    3.495156E+01    3.498041E+01    3.499472E+01
   3.698539E+01    3.695921E+01    3.690747E+01    3.683140E+01    3.673307E+01    3.661520E+01    3.648095E+01    3.633382E+01    3.617674E+01    3.601243E+01    3.584281E+01    3.566680E+01    3.548031E+01    3.528090E+01    3.506627E+01    3.483324E+01    3.489112E+01    3.493412E+01    3.496255E+01    3.497668E+01
   3.700298E+01    3.697546E+01    3.692083E+01    3.684005E+01    3.673529E+01    3.660997E+01    3.646803E+01    3.631381E+01    3.615101E+01    3.598235E+01    3.581095E+01    3.563514E+01    3.544915E+01    3.525133E+01    3.503929E+01    3.480964E+01    3.486551E+01    3.490740E+01    3.493538E+01    3.494941E+01
   3.702827E+01    3.699927E+01    3.694111E+01    3.685396E+01    3.673970E+01    3.660329E+01    3.644990E+01    3.628521E+01    3.611483E+01    3.594146E+01    3.576702E+01    3.559008E+01    3.540535E+01    3.521005E+01    3.500187E+01    3.477810E+01    3.483033E+01    3.487077E+01    3.489868E+01    3.491299E+01
   3.706264E+01    3.703259E+01    3.697114E+01    3.687621E+01    3.674788E+01    3.659554E+01    3.642539E+01    3.624408E+01    3.606307E+01    3.588501E+01    3.570921E+01    3.553205E+01    3.534893E+01    3.515676E+01    3.495345E+01    3.473719E+01    3.478439E+01    3.482367E+01    3.485260E+01    3.486797E+01
   3.710703E+01    3.707755E+01    3.701542E+01    3.691327E+01    3.676187E+01    3.658775E+01    3.639431E+01    3.618490E+01    3.599048E+01    3.580968E+01    3.563522E+01    3.546025E+01    3.527984E+01    3.509130E+01    3.489317E+01    3.468461E+01    3.472428E+01    3.476463E+01    3.479755E+01    3.481574E+01
   3.716077E+01    3.713542E+01    3.708067E+01    3.698163E+01    3.678081E+01    3.658221E+01    3.636203E+01    3.609376E+01    3.588704E+01    3.571109E+01    3.554398E+01    3.537466E+01    3.519830E+01    3.501352E+01    3.482009E+01    3.461674E+01    3.464189E+01    3.469120E+01    3.473513E+01    3.475939E+01
   3.721947E+01    3.720283E+01    3.717155E+01    3.713525E+01    1.000000E+30    1.000000E+30    1.000000E+30    3.592482E+01    3.573596E+01    3.558665E+01    3.543722E+01    3.527743E+01    3.510544E+01    3.492361E+01    3.473492E+01    3.452948E+01    3.451422E+01    3.460168E+01    3.467050E+01    3.470514E+01
   3.727395E+01    3.726451E+01    3.724834E+01    3.723357E+01    1.000000E+30    1.000000E+30    1.000000E+30    1.000000E+30    3.552848E+01    3.544505E+01    3.532315E+01    3.517417E+01    3.500328E+01    3.482037E+01    3.464525E+01    3.443065E+01    3.426226E+01    3.450947E+01    3.461829E+01    3.466346E+01
   3.731630E+01    3.731150E+01    3.730363E+01    3.729682E+01    1.000000E+30    1.000000E+30    1.000000E+30    1.000000E+30    3.538379E+01    3.532371E+01    3.521855E+01    3.507492E+01    3.489434E+01    3.468916E+01    3.457311E+01    3.443053E+01    3.443534E+01    3.453351E+01    3.460783E+01    3.464484E+01
   3.734140E+01    3.733897E+01    3.733507E+01    3.733169E+01    1.000000E+30    1.000000E+30    1.000000E+30    1.000000E+30    3.527863E+01    3.522902E+01    3.513483E+01    3.499496E+01    3.479110E+01    3.444808E+01    3.450572E+01    3.443180E+01    3.449199E+01    3.455939E+01    3.461271E+01    3.464106E+01
   3.734713E+01    3.734574E+01    3.734355E+01    3.734174E+01    1.000000E+30    1.000000E+30    1.000000E+30    1.000000E+30    3.520251E+01    3.516028E+01    3.507908E+01    3.496083E+01    3.480636E+01    3.462963E+01    3.454801E+01    3.445141E+01    3.451941E+01    3.457743E+01    3.462057E+01    3.464347E+01
   3.733320E+01    3.733225E+01    3.733081E+01    3.732968E+01    1.000000E+30    1.000000E+30    1.000000E+30    1.000000E+30    3.514793E+01    3.511163E+01    3.504235E+01    3.494425E+01    3.482329E+01    3.469319E+01    3.458299E+01    3.446873E+01    3.453500E+01    3.458851E+01    3.462670E+01    3.464664E+01
   3.730005E+01    3.729926E+01    3.729812E+01    3.729725E+01    1.000000E+30    1.000000E+30    1.000000E+30    1.000000E+30    3.510879E+01    3.507684E+01    3.501622E+01    3.493162E+01    3.482860E+01    3.471481E+01    3.459946E+01    3.447689E+01    3.454168E+01    3.459312E+01    3.462909E+01    3.464764E+01
   3.724831E+01    3.724751E+01    3.724639E+01    3.724555E+01    1.000000E+30    1.000000E+30    1.000000E+30    1.000000E+30    3.508062E+01    3.505134E+01    3.499587E+01    3.491836E+01    3.482338E+01    3.471599E+01    3.460039E+01    3.447525E+01    3.454012E+01    3.459136E+01    3.462688E+01    3.464506E+01
   3.717851E+01    3.717752E+01    3.717615E+01    3.717514E+01    1.000000E+30    1.000000E+30    1.000000E+30    1.000000E+30    3.506063E+01    3.503227E+01    3.497847E+01    3.490297E+01    3.480987E+01    3.470358E+01    3.458808E+01    3.446416E+01    3.453062E+01    3.458340E+01    3.461992E+01    3.463852E+01
   3.709122E+01    3.708975E+01    3.708765E+01    3.708611E+01    1.000000E+30    1.000000E+30    1.000000E+30    1.000000E+30    3.504786E+01    3.501861E+01    3.496324E+01    3.488540E+01    3.478897E+01    3.467879E+01    3.456153E+01    3.444304E+01    3.451342E+01    3.456978E+01    3.460872E+01    3.462850E+01
   3.698703E+01    3.698452E+01    3.698081E+01    3.697800E+01    1.000000E+30    1.000000E+30    1.000000E+30    1.000000E+30    3.504321E+01    3.501100E+01    3.495085E+01    3.486660E+01    3.476132E+01    3.463969E+01    3.451384E+01    3.440940E+01    3.448888E+01    3.455192E+01    3.459475E+01    3.461629E+01
   3.686696E+01    3.686233E+01    3.685515E+01    3.684935E+01    1.000000E+30    1.000000E+30    1.000000E+30    1.000000E+30    3.504974E+01    3.501126E+01    3.494298E+01    3.484910E+01    3.472969E+01    3.458358E+01    3.442264E+01    3.435979E+01    3.445946E+01    3.453276E+01    3.458038E+01    3.460381E+01
   3.673305E+01    3.672441E+01    3.671005E+01    3.669690E+01    1.000000E+30    1.000000E+30    1.000000E+30    1.000000E+30    3.507385E+01    3.502146E+01    3.494126E+01    3.483753E+01    3.470462E+01    3.452094E+01    3.421090E+01    3.430186E+01    3.443511E+01    3.451789E+01    3.456862E+01    3.459308E+01
   3.658914E+01    3.657370E+01    3.654520E+01    3.651271E+01    1.000000E+30    1.000000E+30    3.529598E+01    3.523411E+01    3.512967E+01    3.503995E+01    3.494388E+01    3.483564E+01    3.470990E+01    3.456175E+01    3.440103E+01    3.433937E+01    3.443983E+01    3.451370E+01    3.456166E+01    3.458526E+01
   3.644133E+01    3.641697E+01    3.636545E+01    3.627645E+01    3.611156E+01    1.000000E+30    3.533716E+01    3.525740E+01    3.515196E+01    3.504601E+01    3.493990E+01    3.483188E+01    3.471717E+01    3.459365E+01    3.446952E+01    3.436829E+01    3.444969E+01    3.451405E+01    3.455766E+01    3.457956E+01
   3.629834E+01    3.626804E+01    3.620402E+01    3.609695E+01    3.592728E+01    3.566917E+01    3.543773E+01    3.528739E+01    3.515638E+01    3.503391E+01    3.491947E+01    3.481554E+01    3.471265E+01    3.460497E+01    3.449335E+01    3.438124E+01    3.445523E+01    3.451383E+01    3.455401E+01    3.457438E+01
   3.616576E+01    3.613317E+01    3.606606E+01    3.596046E+01    3.581177E+01    3.562457E+01    3.543953E+01    3.528021E+01    3.513431E+01    3.499563E+01    3.486982E+01    3.477860E+01    3.469265E+01    3.459937E+01    3.449618E+01    3.438262E+01    3.445477E+01    3.451075E+01    3.454891E+01    3.456825E+01
   3.604566E+01    3.601283E+01    3.594673E+01    3.584685E+01    3.571488E+01    3.555883E+01    3.539714E+01    3.524165E+01    3.508727E+01    3.492651E+01    3.476625E+01    3.471650E+01    3.465974E+01    3.458299E+01    3.448809E+01    3.437667E+01    3.444916E+01    3.450426E+01    3.454145E+01    3.456021E+01
   3.593807E+01    3.590552E+01    3.584080E+01    3.574508E+01    3.562166E+01    3.547848E+01    3.532882E+01    3.518335E+01    3.502924E+01    3.483877E+01    3.453080E+01    3.464096E+01    3.462651E+01    3.456421E+01    3.447546E+01    3.436655E+01    3.443965E+01    3.449452E+01    3.453129E+01    3.454979E+01
   3.584262E+01    3.580997E+01    3.574542E+01    3.565029E+01    3.552727E+01    3.538334E+01    3.523517E+01    3.511370E+01    3.499014E+01    3.485145E+01    3.470616E+01    3.466820E+01    3.462069E+01    3.455144E+01    3.446209E+01    3.435406E+01    3.442707E+01    3.448178E+01    3.451839E+01    3.453678E+01
   3.575928E+01    3.572582E+01    3.566008E+01    3.556258E+01    3.543276E+01    3.527084E+01    3.509268E+01    3.502597E+01    3.494890E+01    3.485343E+01    3.475544E+01    3.468496E+01    3.461650E+01    3.453844E+01    3.444669E+01    3.433912E+01    3.441157E+01    3.446612E+01    3.450273E+01    3.452115E+01
   3.568879E+01    3.565342E+01    3.558594E+01    3.548649E+01    3.534953E+01    3.515357E+01    3.481807E+01    3.492954E+01    3.490711E+01    3.483932E+01    3.475816E+01    3.468008E+01    3.460204E+01    3.451900E+01    3.442651E+01    3.432076E+01    3.439282E+01    3.444749E+01    3.448436E+01    3.450298E+01
   3.563304E+01    3.559262E+01    3.552325E+01    3.542741E+01    3.530458E+01    3.515460E+01    3.499276E+01    3.494545E+01    3.489076E+01    3.481936E+01    3.473860E+01    3.465578E+01    3.457289E+01    3.448900E+01    3.439911E+01    3.429789E+01    3.437042E+01    3.442583E+01    3.446342E+01    3.448249E+01
   3.559704E+01    3.554023E+01    3.546654E+01    3.537478E+01    3.526649E+01    3.514703E+01    3.503091E+01    3.494825E+01    3.487147E+01    3.478964E+01    3.470215E+01    3.461239E+01    3.452525E+01    3.444505E+01    3.436264E+01    3.426975E+01    3.434419E+01    3.440125E+01    3.444019E+01    3.446017E+01
   1.000000E+30    3.548420E+01    3.540740E+01    3.531838E+01    3.521929E+01    3.511592E+01    3.501544E+01    3.492534E+01    3.483796E+01    3.474679E+01    3.464938E+01    3.454762E+01    3.445135E+01    3.438334E+01    3.431617E+01    3.423641E+01    3.431440E+01    3.437402E+01    3.441510E+01    3.443691E+01
   1.000000E+30    1.000000E+30    3.533998E+01    3.525170E+01    3.515609E+01    3.506180E+01    3.496967E+01    3.488014E+01    3.478920E+01    3.469172E+01    3.458289E+01    3.445910E+01    3.432979E+01    3.430070E+01    3.426167E+01    3.419962E+01    3.428208E+01    3.434450E+01    3.438845E+01    3.441451E+01
   1.000000E+30    1.000000E+30    1.000000E+30    3.517195E+01    3.507120E+01    3.498529E+01    3.490130E+01    3.481665E+01    3.472781E+01    3.462978E+01    3.451382E+01    3.435765E+01    3.408712E+01    3.420758E+01    3.420950E+01    3.416381E+01    3.424889E+01    3.431262E+01    3.435879E+01    3.439716E+01
   1.000000E+30    1.000000E+30    1.000000E+30    1.000000E+30    3.495081E+01    3.488634E+01    3.481322E+01    3.473718E+01    3.465631E+01    3.456754E+01    3.446704E+01    3.435156E+01    3.423096E+01    3.421198E+01    3.418419E+01    3.413452E+01    3.421608E+01    3.427740E+01    3.431595E+01    1.000000E+30
   1.000000E+30    1.000000E+30    1.000000E+30    1.000000E+30    3.487371E+01    3.477500E+01    3.470725E+01    3.464221E+01    3.457312E+01    3.449796E+01    3.441649E+01    3.433126E+01    3.425263E+01    3.420449E+01    3.415981E+01    3.410531E+01    3.418245E+01    3.424395E+01    3.429054E+01    1.000000E+30
   1.000000E+30    1.000000E+30    1.000000E+30    1.000000E+30    1.000000E+30    3.461083E+01    3.457708E+01    3.453030E+01    3.447556E+01    3.441476E+01    3.434994E+01    3.428430E+01    3.422331E+01    3.417258E+01    3.412411E+01    3.406996E+01    3.414324E+01    3.420426E+01    1.000000E+30    1.000000E+30
   1.000000E+30    1.000000E+30    1.000000E+30    1.000000E+30    1.000000E+30    3.445774E+01    3.443761E+01    3.440439E+01    3.436253E+01    3.431478E+01    3.426379E+01    3.421215E+01    3.416280E+01    3.411715E+01    3.407259E+01    3.402496E+01    3.409487E+01    1.000000E+30    1.000000E+30    1.000000E+30
   1.000000E+30    1.000000E+30    1.000000E+30    1.000000E+30    1.000000E+30    3.430128E+01    3.428792E+01    3.426398E+01    3.423251E+01    3.419631E+01    3.415722E+01    3.411695E+01    3.407706E+01    3.403870E+01    3.400202E+01    3.396824E+01    1.000000E+30    1.000000E+30    1.000000E+30    1.000000E+30
