   4.454814E-05    3.932453E-05    2.553471E-05    4.095056E-05    5.150757E-05    6.708834E-05    8.394332E-05    8.262554E-05    5.062797E-05    4.283303E-05    3.443108E-05    3.319218E-05    3.499453E-05    2.903835E-05    3.613736E-05    3.853219E-05    5.637253E-05    6.220490E-05    8.062737E-05    6.364153E-05
   6.042984E-05    4.922438E-05    4.904994E-05    5.438714E-05    5.595658E-05    6.549948E-05    8.439999E-05    8.576763E-05    4.969592E-05    3.397646E-05    3.127929E-05    1.740483E-05    2.001988E-05    2.690106E-05    3.164640E-05    4.845976E-05    1.004324E-04    9.278903E-05    7.635156E-05    8.333156E-05
   6.875194E-05    7.143832E-05    5.108457E-05    5.339134E-05    4.856904E-05    8.066816E-05    8.445269E-05    7.209753E-05    3.577667E-05    3.422189E-05    3.449436E-05    2.226202E-05    3.163051E-05    2.739538E-05    5.830066E-05    6.578062E-05    6.972808E-05    4.350472E-05    8.897763E-05    7.278545E-05
   5.211094E-05    6.828010E-05    5.740986E-05    3.569075E-05    5.490925E-05    5.912134E-05    8.070857E-05    7.301609E-05    4.128684E-05    3.073677E-05    2.873736E-05    1.663079E-05    2.594132E-05    2.093876E-05    3.850890E-05    4.592637E-05    5.067660E-05    4.440580E-05    5.081728E-05    4.836761E-05
   3.907965E-05    4.214440E-05    6.112659E-05    3.106805E-05    3.735583E-05    8.060242E-05    5.398353E-05    7.110476E-05    3.794322E-05    3.824664E-05    4.423605E-05    2.425451E-05    1.909745E-05    2.149852E-05    3.840315E-05    4.891912E-05    5.958988E-05    3.303546E-05    7.344731E-05    8.379676E-05
   5.111973E-05    5.865180E-05    7.987117E-05    3.676818E-05    3.673919E-05    3.916331E-05    7.404006E-05    6.799761E-05    4.324948E-05    2.756500E-05    3.940988E-05    2.593098E-05    2.328443E-05    1.961358E-05    2.551784E-05    4.026762E-05    4.686983E-05    2.694599E-05    3.006784E-05    5.603954E-05
   6.300026E-05    7.605503E-05    5.141973E-05    4.881410E-05    3.426639E-05    4.874317E-05    5.272782E-05    6.643734E-05    3.064178E-05    2.277473E-05    3.648007E-05    1.631021E-05    1.333173E-05    1.259634E-05    1.234792E-05    1.680340E-05    2.510747E-05    4.006340E-05    3.513861E-05    4.791813E-05
   7.685477E-05    7.112138E-05    1.000240E-04    8.465440E-05    4.800913E-05    5.478492E-05    5.326108E-05    6.670554E-05    3.388292E-05    3.188903E-05    3.562121E-05    1.860304E-05    1.604207E-05    1.746732E-05    1.418560E-05    1.615071E-05    2.515508E-05    2.832002E-05    2.265649E-05    4.114449E-05
   6.952380E-05    4.671366E-05    8.161286E-05    6.742636E-05    8.909820E-05    8.909820E-05    8.909820E-05    5.505192E-05    4.535110E-05    2.057789E-05    2.469752E-05    2.775862E-05    1.140890E-05    9.284122E-06    1.209090E-05    1.766443E-05    1.525079E-05    2.813007E-05    2.429419E-05    2.134201E-05
   6.150719E-05    4.376201E-05    5.087630E-05    7.076617E-05    8.909820E-05    8.909820E-05    8.909820E-05    8.909820E-05    3.500599E-05    3.727506E-05    3.853900E-05    2.252875E-05    1.206085E-05    9.390898E-06    1.150467E-05    2.485642E-05    1.788984E-05    2.240277E-05    2.880150E-05    2.114588E-05
   6.665518E-05    6.265256E-05    6.434140E-05    1.493337E-04    8.909820E-05    8.909820E-05    8.909820E-05    8.909820E-05    4.455413E-05    4.850293E-05    4.108752E-05    2.748867E-05    1.887129E-05    2.052099E-05    2.530043E-05    2.779250E-05    2.420573E-05    3.183833E-05    2.496912E-05    2.399329E-05
   4.190516E-05    6.999881E-05    1.052351E-04    1.349531E-04    8.909820E-05    8.909820E-05    8.909820E-05    8.909820E-05    5.933310E-05    3.119136E-05    2.385668E-05    3.629052E-05    2.325141E-05    2.233952E-05    3.291616E-05    3.070796E-05    4.704833E-05    3.113604E-05    1.992543E-05    2.398677E-05
   6.100033E-05    5.577054E-05    7.768709E-05    1.105207E-04    8.909820E-05    8.909820E-05    8.909820E-05    8.909820E-05    4.717781E-05    4.363158E-05    2.855538E-05    4.570176E-05    3.412623E-05    2.937930E-05    2.106527E-05    2.904344E-05    3.318925E-05    2.080231E-05    2.411430E-05    1.210757E-05
   5.906166E-05    9.495856E-05    1.018754E-04    1.319121E-04    8.909820E-05    8.909820E-05    8.909820E-05    8.909820E-05    1.039753E-04    4.583289E-05    4.262023E-05    3.356926E-05    2.639158E-05    2.587515E-05    3.165721E-05    2.568466E-05    2.547057E-05    1.994511E-05    2.441697E-05    3.181692E-05
   7.818202E-05    8.581623E-05    1.246495E-04    1.599201E-04    8.909820E-05    8.909820E-05    8.909820E-05    8.909820E-05    8.412264E-05    4.869916E-05    3.525108E-05    4.457888E-05    3.145004E-05    2.542098E-05    3.118472E-05    1.940288E-05    2.111964E-05    2.460797E-05    2.969700E-05    4.545705E-05
   8.663547E-05    9.439742E-05    1.476272E-04    1.615076E-04    8.909820E-05    8.909820E-05    8.909820E-05    8.909820E-05    6.844727E-05    3.360075E-05    1.969692E-05    2.232279E-05    2.341814E-05    1.440122E-05    3.123194E-05    2.187837E-05    2.083359E-05    3.028704E-05    3.762414E-05    6.374878E-05
   9.068807E-05    1.701339E-04    2.133879E-04    1.161610E-04    8.909820E-05    8.909820E-05    8.909820E-05    8.909820E-05    4.012810E-05    3.300188E-05    2.584940E-05    3.142673E-05    3.130236E-05    2.396340E-05    2.002592E-05    2.055071E-05    3.529488E-05    2.707702E-05    4.761370E-05    7.108510E-05
   1.342728E-04    9.317243E-05    1.078391E-04    9.171085E-05    8.909820E-05    8.909820E-05    8.909820E-05    8.909820E-05    4.846101E-05    3.100886E-05    4.376736E-05    4.977527E-05    2.943983E-05    1.773852E-05    1.663033E-05    3.137202E-05    4.281479E-05    5.535348E-05    7.479205E-05    9.600604E-05
   1.266208E-04    1.078614E-04    9.086684E-05    8.512627E-05    8.909820E-05    8.909820E-05    8.909820E-05    8.909820E-05    6.086184E-05    2.802860E-05    3.356754E-05    7.374672E-05    4.441198E-05    2.426441E-05    2.655265E-05    2.973952E-05    5.167592E-05    6.040750E-05    6.198464E-05    7.194797E-05
   1.558235E-04    1.115747E-04    5.988352E-05    7.322634E-05    8.909820E-05    8.909820E-05    8.909820E-05    8.909820E-05    3.029144E-05    3.487292E-05    1.992121E-05    4.676795E-05    3.457270E-05    3.592381E-05    3.568619E-05    3.355086E-05    4.155948E-05    4.818098E-05    6.854744E-05    4.432494E-05
   6.160581E-05    8.053244E-05    3.054971E-05    5.210940E-05    8.909820E-05    8.909820E-05    8.909820E-05    8.909820E-05    5.571893E-05    4.805918E-05    3.947608E-05    5.816214E-05    8.488365E-05    5.296541E-05    4.042719E-05    3.954538E-05    3.281852E-05    3.955951E-05    4.078463E-05    4.667822E-05
   3.908109E-05    3.635007E-05    3.325948E-05    3.145176E-05    8.909820E-05    8.909820E-05    4.179074E-05    4.725481E-05    6.989200E-05    4.982177E-05    5.399814E-05    6.742448E-05    1.129458E-04    1.314654E-04    5.094632E-05    3.637296E-05    3.244095E-05    2.803030E-05    2.633689E-05    4.227412E-05
   3.232238E-05    3.414239E-05    3.348714E-05    3.757156E-05    6.056188E-05    8.909820E-05    3.614559E-05    4.302617E-05    5.770114E-05    8.490282E-05    1.177501E-04    8.409342E-05    7.374547E-05    6.462642E-05    5.600765E-05    4.521085E-05    5.562887E-05    3.463109E-05    2.421678E-05    3.654748E-05
   2.545348E-05    5.847349E-05    3.892606E-05    5.482152E-05    3.762475E-05    6.079170E-05    2.867761E-05    5.292557E-05    8.563972E-05    9.080199E-05    1.168967E-04    1.080766E-04    8.539999E-05    9.340235E-05    7.256365E-05    5.433831E-05    5.605045E-05    2.752364E-05    3.621952E-05    3.339207E-05
   3.063195E-05    6.639295E-05    6.729933E-05    7.438248E-05    5.349227E-05    5.438343E-05    3.594899E-05    5.408904E-05    9.679275E-05    8.351309E-05    9.492509E-05    1.222024E-04    1.544962E-04    8.823691E-05    8.494537E-05    4.984292E-05    4.602825E-05    4.445507E-05    4.599272E-05    4.940086E-05
   4.482037E-05    7.466561E-05    9.862618E-05    8.301164E-05    5.383383E-05    4.150173E-05    5.701228E-05    7.641170E-05    8.991566E-05    9.740167E-05    1.016579E-04    1.303797E-04    1.067291E-04    9.835406E-05    7.106203E-05    6.603024E-05    5.088581E-05    5.710776E-05    3.689145E-05    5.284522E-05
   6.273028E-05    7.057071E-05    8.186233E-05    9.295812E-05    6.654638E-05    5.396583E-05    6.561767E-05    6.907852E-05    1.211653E-04    1.503746E-04    9.788100E-05    1.204548E-04    1.003123E-04    6.480858E-05    7.750798E-05    7.170258E-05    4.809473E-05    5.386325E-05    5.907968E-05    4.310667E-05
   1.025701E-04    1.021330E-04    1.217122E-04    7.356055E-05    1.074031E-04    1.093271E-04    7.571868E-05    5.403189E-05    1.066271E-04    1.504978E-04    1.444222E-04    8.556594E-05    7.482423E-05    6.007633E-05    5.581984E-05    5.952979E-05    3.631863E-05    3.335639E-05    4.249273E-05    4.131551E-05
   2.139622E-04    2.044803E-04    1.377163E-04    7.973866E-05    4.173419E-05    4.691373E-05    7.710738E-05    5.401337E-05    6.251292E-05    1.133425E-04    1.041940E-04    1.236013E-04    1.127508E-04    4.802913E-05    3.812220E-05    3.657062E-05    2.322474E-05    3.145384E-05    2.754724E-05    5.516831E-05
   2.185835E-04    2.186696E-04    1.001841E-04    9.495606E-05    4.151910E-05    4.968990E-05    9.395622E-05    7.431619E-05    9.381797E-05    5.318362E-05    7.310932E-05    9.437726E-05    6.063261E-05    4.087148E-05    3.090307E-05    3.252234E-05    2.401683E-05    2.319334E-05    2.285276E-05    3.727337E-05
   1.823157E-04    2.513265E-04    1.020447E-04    5.274623E-05    4.420379E-05    4.672458E-05    7.095105E-05    5.457176E-05    4.370903E-05    4.462851E-05    6.315216E-05    8.464816E-05    7.048690E-05    5.769164E-05    4.129781E-05    3.698506E-05    1.704893E-05    2.838538E-05    2.517286E-05    2.189750E-05
   1.884599E-04    2.497108E-04    2.042314E-04    1.035217E-04    1.004672E-04    8.700520E-05    5.849349E-05    5.862301E-05    7.414066E-05    5.506970E-05    1.058505E-04    5.911604E-05    1.058905E-04    1.172944E-04    6.267620E-05    4.154132E-05    3.930866E-05    3.555340E-05    2.187410E-05    2.526759E-05
   8.909820E-05    1.993194E-04    1.716434E-04    1.052170E-04    8.472459E-05    8.162842E-05    6.231823E-05    9.076671E-05    6.276711E-05    6.667091E-05    1.011791E-04    1.168658E-04    1.312559E-04    6.170204E-05    4.804175E-05    3.545747E-05    5.199600E-05    3.279502E-05    3.417874E-05    3.029007E-05
   8.909820E-05    8.909820E-05    2.428728E-04    1.088939E-04    9.882409E-05    1.029537E-04    7.892030E-05    7.986732E-05    6.512963E-05    9.307484E-05    1.115559E-04    1.268986E-04    1.043576E-04    1.011769E-04    3.963935E-05    2.919138E-05    3.362616E-05    4.181648E-05    3.412807E-05    3.841006E-05
   8.909820E-05    8.909820E-05    8.909820E-05    9.755332E-05    8.323630E-05    9.851115E-05    1.758043E-04    1.182328E-04    6.917894E-05    8.770519E-05    1.642087E-04    8.246956E-05    1.261425E-04    6.537648E-05    3.079102E-05    3.913057E-05    3.951618E-05    3.967759E-05    3.125885E-05    5.509145E-05
   8.909820E-05    8.909820E-05    8.909820E-05    8.909820E-05    7.245261E-05    1.117673E-04    1.256830E-04    1.172779E-04    1.092301E-04    8.940620E-05    9.650672E-05    7.559761E-05    6.966178E-05    4.358701E-05    4.745497E-05    4.354433E-05    4.520385E-05    6.345500E-05    4.259765E-05    8.909820E-05
   8.909820E-05    8.909820E-05    8.909820E-05    8.909820E-05    5.359436E-05    7.052887E-05    7.714811E-05    1.070099E-04    1.027241E-04    6.550361E-05    7.026920E-05    5.502155E-05    5.002409E-05    6.563672E-05    6.731053E-05    6.487420E-05    8.508864E-05    5.295856E-05    3.947718E-05    8.909820E-05
   8.909820E-05    8.909820E-05    8.909820E-05    8.909820E-05    8.909820E-05    6.485779E-05    7.692490E-05    9.998386E-05    8.339939E-05    4.896010E-05    6.719206E-05    5.278900E-05    4.554827E-05    7.301545E-05    6.051736E-05    6.589891E-05    3.892037E-05    3.242658E-05    8.909820E-05    8.909820E-05
   8.909820E-05    8.909820E-05    8.909820E-05    8.909820E-05    8.909820E-05    5.356757E-05    7.361254E-05    6.963384E-05    6.327189E-05    2.869644E-05    6.457561E-05    6.743593E-05    4.148330E-05    6.311066E-05    7.287616E-05    5.443130E-05    3.226735E-05    8.909820E-05    8.909820E-05    8.909820E-05
   8.909820E-05    8.909820E-05    8.909820E-05    8.909820E-05    8.909820E-05    7.826852E-05    4.200977E-05    5.309255E-05    5.263682E-05    9.756717E-05    8.433015E-05    9.575096E-05    4.640987E-05    3.383491E-05    4.349483E-05    2.791281E-05    8.909820E-05    8.909820E-05    8.909820E-05    8.909820E-05
