   1.420522E-05    1.253955E-05    8.142339E-06    1.305804E-05    1.642440E-05    2.139269E-05    2.676729E-05    2.634709E-05    1.614391E-05    1.365832E-05    1.097915E-05    1.058410E-05    1.115882E-05    9.259557E-06    1.152324E-05    1.228689E-05    1.797570E-05    1.983549E-05    2.570992E-05    2.029359E-05
   1.926947E-05    1.569635E-05    1.564072E-05    1.734261E-05    1.784306E-05    2.088604E-05    2.691291E-05    2.734902E-05    1.584671E-05    1.083419E-05    9.974135E-06    5.549938E-06    6.383806E-06    8.578032E-06    1.009119E-05    1.545253E-05    3.202521E-05    2.958795E-05    2.434648E-05    2.657222E-05
   2.192316E-05    2.277978E-05    1.628951E-05    1.702508E-05    1.548737E-05    2.572293E-05    2.692972E-05    2.298999E-05    1.140823E-05    1.091245E-05    1.099934E-05    7.098767E-06    1.008613E-05    8.735660E-06    1.859053E-05    2.097569E-05    2.223443E-05    1.387250E-05    2.837260E-05    2.320935E-05
   1.661679E-05    2.177271E-05    1.830648E-05    1.138083E-05    1.750910E-05    1.885222E-05    2.573582E-05    2.328289E-05    1.316527E-05    9.801139E-06    9.163581E-06    5.303118E-06    8.271998E-06    6.676813E-06    1.227946E-05    1.464470E-05    1.615942E-05    1.415983E-05    1.620428E-05    1.542315E-05
   1.246146E-05    1.343873E-05    1.949164E-05    9.906775E-06    1.191178E-05    2.570197E-05    1.721391E-05    2.267342E-05    1.209908E-05    1.219584E-05    1.410570E-05    7.734118E-06    6.089669E-06    6.855308E-06    1.224574E-05    1.559901E-05    1.900163E-05    1.053413E-05    2.342040E-05    2.672056E-05
   1.630072E-05    1.870250E-05    2.546879E-05    1.172440E-05    1.171515E-05    1.248814E-05    2.360941E-05    2.168263E-05    1.379111E-05    8.789747E-06    1.256676E-05    8.268700E-06    7.424786E-06    6.254249E-06    8.136960E-06    1.284027E-05    1.494554E-05    8.592360E-06    9.587835E-06    1.786952E-05
   2.008911E-05    2.425193E-05    1.639638E-05    1.556552E-05    1.092664E-05    1.554290E-05    1.681350E-05    2.118510E-05    9.770848E-06    7.262256E-06    1.163253E-05    5.200893E-06    4.251135E-06    4.016638E-06    3.937423E-06    5.358158E-06    8.006105E-06    1.277515E-05    1.120477E-05    1.527982E-05
   2.450694E-05    2.267872E-05    3.189500E-05    2.699404E-05    1.530883E-05    1.746945E-05    1.698354E-05    2.127062E-05    1.080436E-05    1.016856E-05    1.135866E-05    5.932013E-06    5.115390E-06    5.569863E-06    4.523410E-06    5.150033E-06    8.021285E-06    9.030500E-06    7.224554E-06    1.311988E-05
   2.216929E-05    1.489575E-05    2.602417E-05    2.150047E-05    2.906287E-05    2.906287E-05    2.906287E-05    1.755459E-05    1.446126E-05    6.561743E-06    7.875381E-06    8.851487E-06    3.637994E-06    2.960460E-06    3.855466E-06    5.632717E-06    4.863072E-06    8.969931E-06    7.746770E-06    6.805401E-06
   1.961301E-05    1.395454E-05    1.622310E-05    2.256545E-05    2.906287E-05    2.906287E-05    2.906287E-05    2.906287E-05    1.116248E-05    1.188603E-05    1.228906E-05    7.183820E-06    3.845884E-06    2.994508E-06    3.668532E-06    7.926051E-06    5.704595E-06    7.143646E-06    9.184034E-06    6.742859E-06
   2.125456E-05    1.997824E-05    2.051676E-05    4.761855E-05    2.906287E-05    2.906287E-05    2.906287E-05    2.906287E-05    1.420713E-05    1.546629E-05    1.310172E-05    8.765405E-06    6.017553E-06    6.543597E-06    8.067634E-06    8.862290E-06    7.718562E-06    1.015240E-05    7.961989E-06    7.650823E-06
   1.336244E-05    2.232076E-05    3.355666E-05    4.303295E-05    2.906287E-05    2.906287E-05    2.906287E-05    2.906287E-05    1.891975E-05    9.946095E-06    7.607260E-06    1.157208E-05    7.414255E-06    7.123479E-06    1.049609E-05    9.791951E-06    1.500246E-05    9.928456E-06    6.353690E-06    7.648745E-06
   1.945138E-05    1.778374E-05    2.477235E-05    3.524210E-05    2.906287E-05    2.906287E-05    2.906287E-05    2.906287E-05    1.504375E-05    1.391295E-05    9.105551E-06    1.457308E-05    1.088195E-05    9.368279E-06    6.717155E-06    9.261182E-06    1.058317E-05    6.633302E-06    7.689410E-06    3.860782E-06
   1.883319E-05    3.027976E-05    3.248535E-05    4.206325E-05    2.906287E-05    2.906287E-05    2.906287E-05    2.906287E-05    3.315496E-05    1.461489E-05    1.359046E-05    1.070434E-05    8.415571E-06    8.250897E-06    1.009464E-05    8.190155E-06    8.121888E-06    6.359964E-06    7.785922E-06    1.014557E-05
   2.493017E-05    2.736451E-05    3.974741E-05    5.099426E-05    2.906287E-05    2.906287E-05    2.906287E-05    2.906287E-05    2.682447E-05    1.552887E-05    1.124063E-05    1.421502E-05    1.002858E-05    8.106074E-06    9.943978E-06    6.187064E-06    6.734491E-06    7.846828E-06    9.469584E-06    1.449504E-05
   2.762575E-05    3.010083E-05    4.707439E-05    5.150049E-05    2.906287E-05    2.906287E-05    2.906287E-05    2.906287E-05    2.182601E-05    1.071438E-05    6.280825E-06    7.118145E-06    7.467423E-06    4.592166E-06    9.959034E-06    6.976430E-06    6.643279E-06    9.657733E-06    1.199734E-05    2.032779E-05
   2.891801E-05    5.425118E-05    6.804371E-05    3.704065E-05    2.906287E-05    2.906287E-05    2.906287E-05    2.906287E-05    1.279578E-05    1.052342E-05    8.242687E-06    1.002115E-05    9.981491E-06    7.641292E-06    6.385733E-06    6.553074E-06    1.125460E-05    8.634141E-06    1.518274E-05    2.266715E-05
   4.281604E-05    2.971021E-05    3.438702E-05    2.924415E-05    2.906287E-05    2.906287E-05    2.906287E-05    2.906287E-05    1.545293E-05    9.887900E-06    1.395625E-05    1.587201E-05    9.387577E-06    5.656344E-06    5.302968E-06    1.000370E-05    1.365250E-05    1.765075E-05    2.384920E-05    3.061377E-05
   4.037601E-05    3.439414E-05    2.897502E-05    2.714450E-05    2.906287E-05    2.906287E-05    2.906287E-05    2.906287E-05    1.940722E-05    8.937574E-06    1.070379E-05    2.351587E-05    1.416180E-05    7.737275E-06    8.466933E-06    9.483143E-06    1.647808E-05    1.926235E-05    1.976525E-05    2.294229E-05
   4.968796E-05    3.557821E-05    1.909526E-05    2.334993E-05    2.906287E-05    2.906287E-05    2.906287E-05    2.906287E-05    9.659135E-06    1.112005E-05    6.352345E-06    1.491305E-05    1.102432E-05    1.145515E-05    1.137938E-05    1.069848E-05    1.325221E-05    1.536363E-05    2.185796E-05    1.413404E-05
   1.964446E-05    2.567965E-05    9.741490E-06    1.661630E-05    2.906287E-05    2.906287E-05    2.906287E-05    2.906287E-05    1.776729E-05    1.532480E-05    1.258787E-05    1.854636E-05    2.706714E-05    1.688926E-05    1.289116E-05    1.260997E-05    1.046495E-05    1.261448E-05    1.300513E-05    1.488444E-05
   1.246192E-05    1.159107E-05    1.060556E-05    1.002913E-05    2.906287E-05    2.906287E-05    1.332596E-05    1.506830E-05    2.228670E-05    1.588684E-05    1.721857E-05    2.149987E-05    3.601540E-05    4.192081E-05    1.624543E-05    1.159837E-05    1.034456E-05    8.938117E-06    8.398132E-06    1.348009E-05
   1.030675E-05    1.088710E-05    1.067816E-05    1.198057E-05    1.931157E-05    2.906287E-05    1.152587E-05    1.371990E-05    1.839936E-05    2.707325E-05    3.754739E-05    2.681515E-05    2.351547E-05    2.060765E-05    1.785935E-05    1.441654E-05    1.773857E-05    1.104293E-05    7.722086E-06    1.165402E-05
   8.116439E-06    1.864564E-05    1.241249E-05    1.748112E-05    1.199753E-05    1.938486E-05    9.144527E-06    1.687656E-05    2.730823E-05    2.895434E-05    3.727526E-05    3.446274E-05    2.723179E-05    2.978352E-05    2.313862E-05    1.732704E-05    1.787300E-05    8.776556E-06    1.154944E-05    1.064784E-05
   9.767713E-06    2.117095E-05    2.145997E-05    2.371860E-05    1.705726E-05    1.734143E-05    1.146318E-05    1.724756E-05    3.086463E-05    2.663010E-05    3.026909E-05    3.896709E-05    4.926472E-05    2.813641E-05    2.708682E-05    1.589358E-05    1.467719E-05    1.417554E-05    1.466585E-05    1.575262E-05
   1.429202E-05    2.380888E-05    3.144927E-05    2.647020E-05    1.716618E-05    1.323380E-05    1.817970E-05    2.436566E-05    2.867171E-05    3.105880E-05    3.241600E-05    4.157463E-05    3.403308E-05    3.136249E-05    2.265979E-05    2.105529E-05    1.622613E-05    1.821014E-05    1.176370E-05    1.685093E-05
   2.000302E-05    2.250312E-05    2.610372E-05    2.964187E-05    2.121987E-05    1.720827E-05    2.092373E-05    2.202730E-05    3.863638E-05    4.795046E-05    3.121165E-05    3.840984E-05    3.198691E-05    2.066573E-05    2.471523E-05    2.286405E-05    1.533613E-05    1.717556E-05    1.883894E-05    1.374557E-05
   3.270689E-05    3.256751E-05    3.881077E-05    2.345650E-05    3.424801E-05    3.486151E-05    2.414467E-05    1.722933E-05    3.400056E-05    4.798973E-05    4.605239E-05    2.728470E-05    2.385946E-05    1.915674E-05    1.779946E-05    1.898247E-05    1.158105E-05    1.063647E-05    1.354980E-05    1.317442E-05
   6.822685E-05    6.520334E-05    4.391406E-05    2.542654E-05    1.330792E-05    1.495954E-05    2.458749E-05    1.722343E-05    1.993371E-05    3.614189E-05    3.322470E-05    3.941318E-05    3.595324E-05    1.531521E-05    1.215616E-05    1.166140E-05    7.405751E-06    1.002979E-05    8.784081E-06    1.759171E-05
   6.970046E-05    6.972794E-05    3.194604E-05    3.027896E-05    1.323934E-05    1.584479E-05    2.996014E-05    2.369746E-05    2.991606E-05    1.695884E-05    2.331262E-05    3.009440E-05    1.933413E-05    1.303283E-05    9.854169E-06    1.037051E-05    7.658327E-06    7.395739E-06    7.287138E-06    1.188549E-05
   5.813562E-05    8.014133E-05    3.253933E-05    1.681937E-05    1.409541E-05    1.489922E-05    2.262440E-05    1.740148E-05    1.393765E-05    1.423084E-05    2.013754E-05    2.699205E-05    2.247640E-05    1.839633E-05    1.316877E-05    1.179355E-05    5.436451E-06    9.051342E-06    8.026957E-06    6.982529E-06
   6.009485E-05    7.962613E-05    6.512398E-05    3.301030E-05    3.203633E-05    2.774364E-05    1.865202E-05    1.869332E-05    2.364148E-05    1.756026E-05    3.375289E-05    1.885053E-05    3.376568E-05    3.740207E-05    1.998577E-05    1.324642E-05    1.253449E-05    1.133704E-05    6.975069E-06    8.057161E-06
   2.906287E-05    6.355765E-05    5.473251E-05    3.355091E-05    2.701642E-05    2.602913E-05    1.987163E-05    2.894309E-05    2.001476E-05    2.125958E-05    3.226333E-05    3.726540E-05    4.185403E-05    1.967514E-05    1.531924E-05    1.130644E-05    1.658014E-05    1.045746E-05    1.089869E-05    9.658697E-06
   2.906287E-05    2.906287E-05    7.744569E-05    3.472338E-05    3.151238E-05    3.282919E-05    2.516559E-05    2.546757E-05    2.076811E-05    2.967909E-05    3.557219E-05    4.046457E-05    3.327687E-05    3.226261E-05    1.263994E-05    9.308353E-06    1.072249E-05    1.333416E-05    1.088253E-05    1.224795E-05
   2.906287E-05    2.906287E-05    2.906287E-05    3.110716E-05    2.654184E-05    3.141259E-05    5.605933E-05    3.770129E-05    2.205932E-05    2.796685E-05    5.236178E-05    2.629735E-05    4.022349E-05    2.084682E-05    9.818438E-06    1.247770E-05    1.260066E-05    1.265213E-05    9.967616E-06    1.756720E-05
   2.906287E-05    2.906287E-05    2.906287E-05    2.906287E-05    2.310321E-05    3.563962E-05    4.007696E-05    3.739680E-05    3.483056E-05    2.850926E-05    3.077343E-05    2.410607E-05    2.221329E-05    1.389874E-05    1.513213E-05    1.388513E-05    1.441430E-05    2.023411E-05    1.358326E-05    2.906287E-05
   2.906287E-05    2.906287E-05    2.906287E-05    2.906287E-05    1.708982E-05    2.248978E-05    2.460048E-05    3.412262E-05    3.275597E-05    2.088736E-05    2.240698E-05    1.754491E-05    1.595135E-05    2.092980E-05    2.146354E-05    2.068666E-05    2.713251E-05    1.688708E-05    1.258822E-05    2.906287E-05
   2.906287E-05    2.906287E-05    2.906287E-05    2.906287E-05    2.906287E-05    2.068142E-05    2.452930E-05    3.188219E-05    2.659385E-05    1.561207E-05    2.142576E-05    1.683301E-05    1.452413E-05    2.328268E-05    1.929738E-05    2.101341E-05    1.241067E-05    1.033997E-05    2.906287E-05    2.906287E-05
   2.906287E-05    2.906287E-05    2.906287E-05    2.906287E-05    2.906287E-05    1.708127E-05    2.347308E-05    2.220438E-05    2.017572E-05    9.150532E-06    2.059145E-05    2.150353E-05    1.322792E-05    2.012431E-05    2.323827E-05    1.735669E-05    1.028920E-05    2.906287E-05    2.906287E-05    2.906287E-05
   2.906287E-05    2.906287E-05    2.906287E-05    2.906287E-05    2.906287E-05    2.495775E-05    1.339580E-05    1.692980E-05    1.678448E-05    3.111158E-05    2.689064E-05    3.053244E-05    1.479887E-05    1.078905E-05    1.386935E-05    8.900654E-06    2.906287E-05    2.906287E-05    2.906287E-05    2.906287E-05
