   4.528685E-02   5.338897E-02   5.385254E-02   5.049558E-02   7.857615E-02   5.006272E-02   4.547018E-02   1.530250E-02   2.464701E-02   8.212365E-02   5.905810E-02   4.593661E-02   8.779582E-02   1.571869E-01   8.257107E-02   1.246471E-01   1.714008E-01   1.047998E-01   7.907407E-02   1.065024E-01
   5.654341E-02   5.099596E-02   1.034641E-01   7.059017E-02   5.716034E-02   5.157196E-02   2.881426E-02   1.778644E-02   1.765205E-02   3.609237E-02   9.496430E-02   1.328683E-01   1.557485E-01   2.148866E-01   9.788267E-02   1.061985E-01   1.950082E-01   1.762073E-01   2.621932E-01   1.660246E-01
   5.211796E-02   3.713883E-02   9.312037E-02   8.590314E-02   6.213031E-02   5.623052E-02   5.235843E-02   1.421297E-02   1.562770E-02   2.971708E-02   6.253787E-02   8.297468E-02   1.313050E-01   1.402256E-01   1.792926E-01   1.042344E-01   2.096198E-01   2.421555E-01   2.287815E-01   1.176517E-01
   8.099873E-02   7.669877E-02   5.958406E-02   7.957734E-02   9.979390E-02   4.065519E-02   5.117113E-02   1.995764E-02   1.733110E-02   3.722798E-02   5.075774E-02   7.383484E-02   6.745795E-02   7.069672E-02   6.544762E-02   4.062946E-02   1.143814E-01   2.743946E-01   1.230795E-01   1.182084E-01
   4.027758E-02   4.074824E-02   7.989879E-02   3.330362E-02   7.684642E-02   7.198454E-02   3.037517E-02   1.976562E-02   1.600638E-02   2.365045E-02   5.550781E-02   4.780608E-02   5.780471E-02   7.657191E-02   1.010364E-01   6.429470E-02   8.331779E-02   1.586497E-01   1.247555E-01   7.585811E-02
   4.676749E-02   4.360567E-02   5.313638E-02   5.147791E-02   6.730807E-02   3.867115E-02   5.194747E-02   4.204322E-02   2.841663E-02   2.269996E-02   2.850044E-02   5.067267E-02   4.183395E-02   6.275006E-02   1.050807E-01   4.973310E-02   3.643087E-02   6.082734E-02   1.553347E-01   2.463782E-01
   1.143107E-01   5.277046E-02   2.912902E-02   3.760128E-02   7.413076E-02   5.575473E-02   3.571017E-02   5.237420E-02   3.926924E-02   3.110513E-02   4.403364E-02   4.809628E-02   2.866674E-02   5.049198E-02   4.669614E-02   6.041493E-02   6.701327E-02   7.782512E-02   1.690347E-01   3.406624E-01
   1.071816E-01   6.090754E-02   7.190708E-02   4.584487E-02   5.004046E-02   4.864472E-02   3.246087E-02   3.024822E-02   2.806784E-02   3.514202E-02   7.349283E-02   3.502412E-02   3.349852E-02   5.663928E-02   8.697826E-02   6.497507E-02   8.781508E-02   6.958552E-02   1.367498E-01   2.362102E-01
   1.430656E-01   1.251040E-01   6.890784E-02   6.612063E-02   1.000000E-01   1.000000E-01   1.000000E-01   3.537991E-02   1.694845E-02   2.751319E-02   4.410361E-02   3.308248E-02   2.799812E-02   3.221775E-02   7.907094E-02   6.903714E-02   8.960860E-02   8.347848E-02   1.648736E-01   2.758024E-01
   1.590060E-01   1.376805E-01   1.679180E-01   7.424464E-02   1.000000E-01   1.000000E-01   1.000000E-01   1.000000E-01   2.676744E-02   2.156864E-02   6.639867E-02   4.119386E-02   6.668131E-02   6.817636E-02   9.825327E-02   6.633720E-02   4.798037E-02   1.369390E-01   1.424335E-01   1.198409E-01
   7.365089E-02   8.011604E-02   8.413726E-02   9.930594E-02   1.000000E-01   1.000000E-01   1.000000E-01   1.000000E-01   4.172889E-02   4.076196E-02   4.718669E-02   5.168008E-02   5.335266E-02   1.874016E-01   6.194041E-02   6.997925E-02   7.791410E-02   2.054038E-01   1.088264E-01   1.377188E-01
   1.079383E-01   1.195944E-01   6.309294E-02   7.467514E-02   1.000000E-01   1.000000E-01   1.000000E-01   1.000000E-01   5.755063E-02   8.750658E-02   3.094615E-02   4.112184E-02   4.051077E-02   6.024964E-02   2.345475E-01   8.211772E-02   9.697965E-02   1.620866E-01   1.840853E-01   1.127584E-01
   2.336068E-01   1.194422E-01   8.802348E-02   8.434419E-02   1.000000E-01   1.000000E-01   1.000000E-01   1.000000E-01   3.172632E-02   6.627279E-02   3.572410E-02   7.536114E-02   5.791602E-02   6.017146E-02   1.051072E-01   1.576208E-01   1.801250E-01   1.419350E-01   1.559009E-01   1.208365E-01
   1.308323E-01   1.066385E-01   9.260420E-02   1.065946E-01   1.000000E-01   1.000000E-01   1.000000E-01   1.000000E-01   1.819423E-02   5.456777E-02   2.520479E-02   4.726216E-02   4.918630E-02   7.828928E-02   9.095510E-02   1.411240E-01   1.695242E-01   1.595601E-01   1.384341E-01   1.049178E-01
   9.003107E-02   1.245591E-01   1.189317E-01   1.960177E-01   1.000000E-01   1.000000E-01   1.000000E-01   1.000000E-01   2.597223E-02   2.692375E-02   2.433958E-02   2.698967E-02   2.828154E-02   3.579416E-02   7.751791E-02   1.096359E-01   1.799738E-01   2.355639E-01   1.105868E-01   1.879500E-01
   1.261368E-01   1.870686E-01   1.201651E-01   1.087670E-01   1.000000E-01   1.000000E-01   1.000000E-01   1.000000E-01   5.602524E-02   5.060167E-02   6.025789E-02   6.675076E-02   6.452470E-02   5.680085E-02   1.407997E-01   1.280235E-01   1.677272E-01   2.514158E-01   2.656055E-01   4.000000E-01
   1.591145E-01   1.049477E-01   9.857142E-02   7.544962E-02   1.000000E-01   1.000000E-01   1.000000E-01   1.000000E-01   6.307716E-02   5.978178E-02   1.105032E-01   6.893313E-02   1.865450E-01   1.374876E-01   2.243431E-01   2.630064E-01   4.000000E-01   3.676966E-01   1.715657E-01   3.643911E-01
   1.524705E-01   5.321651E-02   3.479414E-02   2.798590E-02   1.000000E-01   1.000000E-01   1.000000E-01   1.000000E-01   2.356013E-02   7.085032E-02   2.777680E-01   1.819116E-01   1.609937E-01   1.897750E-01   2.185159E-01   3.585255E-01   2.496042E-01   1.679150E-01   2.218131E-01   1.933229E-01
   2.958508E-02   3.243486E-02   2.729018E-02   4.188158E-02   1.000000E-01   1.000000E-01   1.000000E-01   1.000000E-01   4.331734E-02   9.380773E-02   1.122203E-01   1.952946E-01   9.912279E-02   1.873406E-01   1.523445E-01   2.486585E-01   2.172392E-01   2.024698E-01   1.623103E-01   1.862894E-01
   2.245816E-02   1.587745E-02   3.155595E-02   2.526886E-02   1.000000E-01   1.000000E-01   1.000000E-01   1.000000E-01   1.781679E-02   2.842904E-02   5.799116E-02   5.862472E-02   6.697728E-02   1.218555E-01   1.343371E-01   2.146031E-01   3.266004E-01   6.805159E-02   1.282402E-01   1.214218E-01
   9.949149E-02   5.329738E-02   3.075670E-02   3.136771E-02   1.000000E-01   1.000000E-01   1.000000E-01   1.000000E-01   1.302936E-02   1.409148E-02   2.260025E-02   4.310059E-02   7.736599E-02   5.587827E-02   1.173037E-01   1.023120E-01   1.164983E-01   1.169746E-01   1.369091E-01   1.351796E-01
   1.109545E-01   8.397106E-02   9.016875E-02   7.173842E-02   1.000000E-01   1.000000E-01   6.386767E-02   2.249363E-02   3.236185E-02   2.305387E-02   2.810657E-02   5.177556E-02   7.252262E-02   6.793256E-02   7.742322E-02   1.089873E-01   5.650147E-02   1.169864E-01   9.477013E-02   1.397048E-01
   2.222738E-01   2.930324E-01   1.710501E-01   1.892066E-01   8.044608E-02   1.000000E-01   5.848177E-02   4.127195E-02   2.981715E-02   2.254775E-02   2.509357E-02   5.395723E-02   7.207161E-02   1.174941E-01   1.498867E-01   1.128784E-01   9.347951E-02   1.369659E-01   6.416423E-02   4.998300E-02
   3.075432E-01   2.633150E-01   2.410927E-01   1.456255E-01   9.872927E-02   9.100270E-02   7.349381E-02   4.258690E-02   2.832448E-02   1.926528E-02   3.790435E-02   8.708918E-02   9.769729E-02   8.459258E-02   5.951686E-02   1.093713E-01   1.152129E-01   6.128937E-02   8.097414E-02   8.562043E-02
   2.868714E-01   3.363301E-01   3.259157E-01   1.881693E-01   1.766089E-01   1.082004E-01   7.227337E-02   4.271617E-02   2.376145E-02   6.579390E-02   7.831413E-02   1.190616E-01   1.006986E-01   8.433245E-02   1.052661E-01   1.316913E-01   8.607602E-02   4.693329E-02   1.019746E-01   8.840622E-02
   3.183102E-01   2.961030E-01   2.306252E-01   2.742743E-01   2.264067E-01   1.022468E-01   5.407015E-02   6.014598E-02   9.467051E-02   1.865610E-01   1.278027E-01   3.233412E-01   1.702726E-01   8.421278E-02   1.171365E-01   8.471358E-02   1.241141E-01   1.022666E-01   5.006889E-02   6.287521E-02
   2.104517E-01   4.000000E-01   3.521417E-01   2.434537E-01   1.678155E-01   1.411245E-01   6.002099E-02   5.465323E-02   1.604653E-01   1.904024E-01   3.631182E-01   4.000000E-01   2.295262E-01   2.169169E-01   1.376035E-01   1.064345E-01   1.583652E-01   1.384457E-01   8.577099E-02   7.387670E-02
   1.848532E-01   2.419794E-01   4.000000E-01   2.673577E-01   2.331269E-01   1.491693E-01   8.381170E-02   1.133554E-01   1.052743E-01   8.324306E-02   2.211778E-01   3.843568E-01   2.966888E-01   2.218506E-01   2.082504E-01   1.893722E-01   8.856905E-02   6.552763E-02   5.652949E-02   8.747494E-02
   4.025159E-02   1.206124E-01   1.488334E-01   2.212174E-01   3.178941E-01   5.787346E-02   9.303958E-02   5.612832E-02   8.244386E-02   6.869402E-02   1.597032E-01   4.000000E-01   2.251571E-01   1.512833E-01   1.783932E-01   8.613917E-02   6.516899E-02   9.564939E-02   1.077082E-01   1.283186E-01
   3.763394E-02   3.880924E-02   1.204769E-01   1.422795E-01   1.714395E-01   8.367940E-02   3.541300E-02   7.585919E-02   9.613126E-02   1.595379E-01   1.078484E-01   1.868227E-01   1.213139E-01   1.740375E-01   1.023974E-01   6.824611E-02   8.678264E-02   6.032746E-02   1.600030E-01   1.073197E-01
   4.223320E-02   4.603181E-02   6.525774E-02   1.335980E-01   1.354558E-01   8.542225E-02   3.772021E-02   6.135002E-02   1.080629E-01   1.007593E-01   2.632606E-01   2.347558E-01   2.608046E-01   1.303262E-01   5.963026E-02   1.120347E-01   5.986495E-02   5.237921E-02   8.774187E-02   5.942610E-02
   2.765036E-02   7.127291E-02   8.956008E-02   1.246820E-01   1.087781E-01   6.726632E-02   2.994117E-02   1.033472E-01   6.639260E-02   1.171981E-01   1.952598E-01   1.449902E-01   7.879504E-02   1.338807E-01   1.236165E-01   9.091401E-02   5.361855E-02   4.790613E-02   3.377033E-02   5.158780E-02
   1.000000E-01   1.717886E-01   1.146509E-01   1.842637E-01   9.316993E-02   6.794486E-02   3.867808E-02   5.601278E-02   1.029700E-01   1.398031E-01   1.652766E-01   1.854794E-01   6.292047E-02   1.402913E-01   1.701957E-01   1.188498E-01   8.048115E-02   2.713718E-02   4.967386E-02   4.792292E-02
   1.000000E-01   1.000000E-01   2.202634E-01   1.718290E-01   1.405877E-01   7.684058E-02   3.393747E-02   4.865360E-02   4.676821E-02   4.810052E-02   1.518624E-01   1.176024E-01   4.205458E-02   1.032421E-01   1.226692E-01   1.832607E-01   5.300908E-02   4.706480E-02   4.373383E-02   3.514422E-02
   1.000000E-01   1.000000E-01   1.000000E-01   1.967221E-01   6.124306E-02   2.717180E-02   6.456657E-02   4.425220E-02   5.143581E-02   5.189691E-02   2.135170E-01   1.094255E-01   9.773483E-02   1.930999E-01   2.409932E-01   1.928328E-01   7.469643E-02   2.276619E-02   5.180613E-02   6.093770E-02
   1.000000E-01   1.000000E-01   1.000000E-01   1.000000E-01   1.112141E-01   4.634621E-02   3.413562E-02   2.883067E-02   6.105684E-02   6.249161E-02   2.033617E-01   1.225380E-01   1.966599E-01   1.426852E-01   1.278476E-01   1.542188E-01   1.653152E-01   4.663969E-02   6.019872E-02   1.000000E-01
   1.000000E-01   1.000000E-01   1.000000E-01   1.000000E-01   1.166826E-01   5.574696E-02   7.226045E-02   8.111691E-02   5.029725E-02   6.803601E-02   1.630790E-01   4.000000E-01   3.438480E-01   2.757235E-01   3.782976E-01   2.439634E-01   1.229024E-01   4.939662E-02   2.437073E-02   1.000000E-01
   1.000000E-01   1.000000E-01   1.000000E-01   1.000000E-01   1.000000E-01   1.094353E-01   1.686754E-01   9.351903E-02   1.844610E-01   7.788794E-02   7.381139E-02   1.737971E-01   3.428018E-01   4.000000E-01   3.506458E-01   1.323929E-01   1.100495E-01   1.222960E-01   1.000000E-01   1.000000E-01
   1.000000E-01   1.000000E-01   1.000000E-01   1.000000E-01   1.000000E-01   1.267185E-01   1.189880E-01   6.845976E-02   4.377283E-02   7.224163E-02   6.119179E-02   1.569207E-01   2.903314E-01   2.038760E-01   1.909539E-01   2.045474E-01   1.180923E-01   1.000000E-01   1.000000E-01   1.000000E-01
   1.000000E-01   1.000000E-01   1.000000E-01   1.000000E-01   1.000000E-01   6.672326E-02   8.662875E-02   6.640972E-02   6.568209E-02   5.976222E-02   7.548268E-02   1.038365E-01   1.013944E-01   2.005475E-01   3.567109E-01   1.528374E-01   1.000000E-01   1.000000E-01   1.000000E-01   1.000000E-01
