   1.624387E-05    1.433915E-05    9.310884E-06    1.493206E-05    1.878154E-05    2.446285E-05    3.060879E-05    3.012828E-05    1.846080E-05    1.561848E-05    1.255482E-05    1.210308E-05    1.276028E-05    1.058844E-05    1.317700E-05    1.405024E-05    2.055548E-05    2.268217E-05    2.939967E-05    2.320602E-05
   2.203492E-05    1.794900E-05    1.788539E-05    1.983153E-05    2.040380E-05    2.388349E-05    3.077531E-05    3.127400E-05    1.812094E-05    1.238905E-05    1.140557E-05    6.346436E-06    7.299976E-06    9.809105E-06    1.153943E-05    1.767019E-05    3.662130E-05    3.383426E-05    2.784056E-05    3.038572E-05
   2.506946E-05    2.604901E-05    1.862729E-05    1.946843E-05    1.771004E-05    2.941455E-05    3.079452E-05    2.628938E-05    1.304548E-05    1.247855E-05    1.257790E-05    8.117544E-06    1.153364E-05    9.989354E-06    2.125854E-05    2.398601E-05    2.542539E-05    1.586340E-05    3.244448E-05    2.654023E-05
   1.900155E-05    2.489741E-05    2.093372E-05    1.301414E-05    2.002191E-05    2.155779E-05    2.942928E-05    2.662432E-05    1.505468E-05    1.120775E-05    1.047869E-05    6.064193E-06    9.459151E-06    7.635033E-06    1.404175E-05    1.674643E-05    1.847853E-05    1.619197E-05    1.852983E-05    1.763659E-05
   1.424986E-05    1.536738E-05    2.228898E-05    1.132854E-05    1.362129E-05    2.939058E-05    1.968436E-05    2.592738E-05    1.383548E-05    1.394612E-05    1.613007E-05    8.844076E-06    6.963626E-06    7.839144E-06    1.400318E-05    1.783769E-05    2.172864E-05    1.204593E-05    2.678156E-05    3.055535E-05
   1.864011E-05    2.138658E-05    2.912394E-05    1.340702E-05    1.339645E-05    1.428037E-05    2.699770E-05    2.479440E-05    1.577033E-05    1.005120E-05    1.437028E-05    9.455379E-06    8.490351E-06    7.151825E-06    9.304733E-06    1.468304E-05    1.709045E-05    9.825489E-06    1.096383E-05    2.043405E-05
   2.297219E-05    2.773243E-05    1.874950E-05    1.779940E-05    1.249477E-05    1.777353E-05    1.922648E-05    2.422547E-05    1.117311E-05    8.304495E-06    1.330196E-05    5.947297E-06    4.861235E-06    4.593085E-06    4.502500E-06    6.127132E-06    9.155098E-06    1.460857E-05    1.281282E-05    1.747269E-05
   2.802405E-05    2.593344E-05    3.647239E-05    3.086808E-05    1.750588E-05    1.997658E-05    1.942093E-05    2.432327E-05    1.235495E-05    1.162790E-05    1.298879E-05    6.783344E-06    5.849523E-06    6.369219E-06    5.172585E-06    5.889138E-06    9.172456E-06    1.032651E-05    8.261382E-06    1.500278E-05
   2.535091E-05    1.703350E-05    2.975902E-05    2.458611E-05    2.240923E-05    2.240923E-05    2.240923E-05    2.007393E-05    1.653666E-05    7.503449E-06    9.005613E-06    1.012180E-05    4.160099E-06    3.385329E-06    4.408782E-06    6.441094E-06    5.560994E-06    1.025725E-05    8.858545E-06    7.782075E-06
   2.242776E-05    1.595722E-05    1.855135E-05    2.580392E-05    2.240923E-05    2.240923E-05    2.240923E-05    2.240923E-05    1.276446E-05    1.359184E-05    1.405272E-05    8.214803E-06    4.397824E-06    3.424263E-06    4.195020E-06    9.063555E-06    6.523288E-06    8.168864E-06    1.050208E-05    7.710558E-06
   2.430490E-05    2.284540E-05    2.346122E-05    5.445251E-05    2.240923E-05    2.240923E-05    2.240923E-05    2.240923E-05    1.624606E-05    1.768593E-05    1.498201E-05    1.002337E-05    6.881159E-06    7.482698E-06    9.225457E-06    1.013416E-05    8.826288E-06    1.160941E-05    9.104650E-06    8.748828E-06
   1.528015E-05    2.552411E-05    3.837253E-05    4.920881E-05    2.240923E-05    2.240923E-05    2.240923E-05    2.240923E-05    2.163501E-05    1.137351E-05    8.699013E-06    1.323285E-05    8.478309E-06    8.145802E-06    1.200243E-05    1.119724E-05    1.715553E-05    1.135333E-05    7.265537E-06    8.746451E-06
   2.224294E-05    2.033597E-05    2.832754E-05    4.029986E-05    2.240923E-05    2.240923E-05    2.240923E-05    2.240923E-05    1.720275E-05    1.590966E-05    1.041233E-05    1.666453E-05    1.244367E-05    1.071276E-05    7.681164E-06    1.059030E-05    1.210201E-05    7.585278E-06    8.792952E-06    4.414860E-06
   2.153603E-05    3.462535E-05    3.714748E-05    4.809994E-05    2.240923E-05    2.240923E-05    2.240923E-05    2.240923E-05    3.791318E-05    1.671234E-05    1.554089E-05    1.224057E-05    9.623329E-06    9.435021E-06    1.154337E-05    9.365561E-06    9.287497E-06    7.272712E-06    8.903315E-06    1.160161E-05
   2.850801E-05    3.129172E-05    4.545174E-05    5.831268E-05    2.240923E-05    2.240923E-05    2.240923E-05    2.240923E-05    3.067418E-05    1.775749E-05    1.285382E-05    1.625508E-05    1.146783E-05    9.269414E-06    1.137108E-05    7.074998E-06    7.700989E-06    8.972962E-06    1.082861E-05    1.657529E-05
   3.159045E-05    3.442074E-05    5.383025E-05    5.889156E-05    2.240923E-05    2.240923E-05    2.240923E-05    2.240923E-05    2.495837E-05    1.225205E-05    7.182215E-06    8.139702E-06    8.539107E-06    5.251209E-06    1.138830E-05    7.977649E-06    7.596687E-06    1.104376E-05    1.371913E-05    2.324513E-05
   3.306817E-05    6.203702E-05    7.780898E-05    4.235652E-05    2.240923E-05    2.240923E-05    2.240923E-05    2.240923E-05    1.463216E-05    1.203369E-05    9.425632E-06    1.145933E-05    1.141398E-05    8.737929E-06    7.302179E-06    7.493536E-06    1.286980E-05    9.873266E-06    1.736169E-05    2.592021E-05
   4.896076E-05    3.397406E-05    3.932206E-05    3.344111E-05    2.240923E-05    2.240923E-05    2.240923E-05    2.240923E-05    1.767065E-05    1.130696E-05    1.595917E-05    1.814987E-05    1.073483E-05    6.468112E-06    6.064022E-06    1.143938E-05    1.561183E-05    2.018389E-05    2.727190E-05    3.500730E-05
   4.617055E-05    3.933020E-05    3.313336E-05    3.104014E-05    2.240923E-05    2.240923E-05    2.240923E-05    2.240923E-05    2.219244E-05    1.022025E-05    1.223995E-05    2.689074E-05    1.619422E-05    8.847687E-06    9.682062E-06    1.084411E-05    1.884292E-05    2.202677E-05    2.260185E-05    2.623485E-05
   5.681891E-05    4.068421E-05    2.183571E-05    2.670099E-05    2.240923E-05    2.240923E-05    2.240923E-05    2.240923E-05    1.104536E-05    1.271594E-05    7.264000E-06    1.705330E-05    1.260647E-05    1.309913E-05    1.301248E-05    1.223387E-05    1.515410E-05    1.756854E-05    2.499489E-05    1.616249E-05
   2.246372E-05    2.936506E-05    1.113954E-05    1.900098E-05    2.240923E-05    2.240923E-05    2.240923E-05    2.240923E-05    2.031715E-05    1.752413E-05    1.439441E-05    2.120803E-05    3.095167E-05    1.931312E-05    1.474122E-05    1.441968E-05    1.196683E-05    1.442484E-05    1.487156E-05    1.702058E-05
   1.425039E-05    1.325456E-05    1.212762E-05    1.146846E-05    2.240923E-05    2.240923E-05    1.523843E-05    1.723082E-05    2.548517E-05    1.816683E-05    1.968969E-05    2.458542E-05    4.118413E-05    4.793706E-05    1.857688E-05    1.326291E-05    1.182915E-05    1.022087E-05    9.603387E-06    1.541468E-05
   1.178592E-05    1.244956E-05    1.221063E-05    1.369996E-05    2.208307E-05    2.240923E-05    1.318000E-05    1.568891E-05    2.103994E-05    3.095866E-05    4.293598E-05    3.066352E-05    2.689028E-05    2.356515E-05    2.042243E-05    1.648552E-05    2.028431E-05    1.262776E-05    8.830318E-06    1.332654E-05
   9.281266E-06    2.132156E-05    1.419386E-05    1.998992E-05    1.371935E-05    2.216687E-05    1.045690E-05    1.929859E-05    3.122736E-05    3.310971E-05    4.262480E-05    3.940864E-05    3.113995E-05    3.405789E-05    2.645935E-05    1.981373E-05    2.043803E-05    1.003612E-05    1.320696E-05    1.217596E-05
   1.116952E-05    2.420929E-05    2.453979E-05    2.712256E-05    1.950523E-05    1.983018E-05    1.310831E-05    1.972283E-05    3.529416E-05    3.045191E-05    3.461314E-05    4.455943E-05    5.633492E-05    3.217439E-05    3.097417E-05    1.817454E-05    1.678358E-05    1.620994E-05    1.677062E-05    1.801335E-05
   1.634314E-05    2.722580E-05    3.596269E-05    3.026907E-05    1.962977E-05    1.513304E-05    2.078875E-05    2.786248E-05    3.278652E-05    3.551619E-05    3.706817E-05    4.754120E-05    3.891733E-05    3.586347E-05    2.591180E-05    2.407703E-05    1.855482E-05    2.082357E-05    1.345197E-05    1.926929E-05
   2.287374E-05    2.573265E-05    2.984998E-05    3.389591E-05    2.426523E-05    1.967790E-05    2.392659E-05    2.518854E-05    4.418126E-05    5.483205E-05    3.569097E-05    4.392221E-05    3.657750E-05    2.363157E-05    2.826223E-05    2.614537E-05    1.753709E-05    1.964050E-05    2.154260E-05    1.571826E-05
   3.740081E-05    3.724142E-05    4.438069E-05    2.682285E-05    3.916310E-05    3.986465E-05    2.760978E-05    1.970199E-05    3.888014E-05    5.487696E-05    5.266158E-05    3.120045E-05    2.728364E-05    2.190601E-05    2.035395E-05    2.170673E-05    1.324309E-05    1.216295E-05    1.549440E-05    1.506514E-05
   7.801840E-05    7.456097E-05    5.021637E-05    2.907562E-05    1.521780E-05    1.710645E-05    2.811616E-05    1.969524E-05    2.279449E-05    4.132878E-05    3.799293E-05    4.506955E-05    4.111306E-05    1.751317E-05    1.390074E-05    1.333498E-05    8.468584E-06    1.146921E-05    1.004472E-05    2.011638E-05
   7.970349E-05    7.973491E-05    3.653077E-05    3.462444E-05    1.513937E-05    1.811874E-05    3.425986E-05    2.709839E-05    3.420945E-05    1.939268E-05    2.665832E-05    3.441338E-05    2.210886E-05    1.490323E-05    1.126839E-05    1.185883E-05    8.757409E-06    8.457136E-06    8.332949E-06    1.359123E-05
   6.647893E-05    9.164278E-05    3.720919E-05    1.923319E-05    1.611831E-05    1.703748E-05    2.587133E-05    1.989885E-05    1.593790E-05    1.627318E-05    2.302757E-05    3.086580E-05    2.570209E-05    2.103647E-05    1.505869E-05    1.348610E-05    6.216661E-06    1.035034E-05    9.178942E-06    7.984624E-06
   6.871934E-05    9.105364E-05    7.447022E-05    3.774776E-05    3.663401E-05    3.172526E-05    2.132886E-05    2.137608E-05    2.703438E-05    2.008042E-05    3.859693E-05    2.155586E-05    3.861154E-05    4.276982E-05    2.285402E-05    1.514748E-05    1.433337E-05    1.296406E-05    7.976093E-06    9.213481E-06
   2.240923E-05    7.267910E-05    6.258742E-05    3.836596E-05    3.089367E-05    2.976469E-05    2.272350E-05    3.309684E-05    2.288717E-05    2.431064E-05    3.689358E-05    4.261353E-05    4.786069E-05    2.249881E-05    1.751777E-05    1.292908E-05    1.895964E-05    1.195826E-05    1.246281E-05    1.104486E-05
   2.240923E-05    2.240923E-05    8.856027E-05    3.970669E-05    3.603486E-05    3.754065E-05    2.877721E-05    2.912253E-05    2.374863E-05    3.393847E-05    4.067732E-05    4.627183E-05    3.805258E-05    3.689277E-05    1.445395E-05    1.064424E-05    1.226132E-05    1.524781E-05    1.244433E-05    1.400570E-05
   2.240923E-05    2.240923E-05    2.240923E-05    3.557149E-05    3.035098E-05    3.592075E-05    6.410466E-05    4.311198E-05    2.522516E-05    3.198051E-05    5.987646E-05    3.007140E-05    4.599614E-05    2.383864E-05    1.122753E-05    1.426843E-05    1.440904E-05    1.446789E-05    1.139811E-05    2.008835E-05
   2.240923E-05    2.240923E-05    2.240923E-05    2.240923E-05    2.641886E-05    4.075443E-05    4.582859E-05    4.276379E-05    3.982926E-05    3.260076E-05    3.518986E-05    2.756564E-05    2.540122E-05    1.589341E-05    1.730381E-05    1.587785E-05    1.648297E-05    2.313800E-05    1.553265E-05    2.240923E-05
   2.240923E-05    2.240923E-05    2.240923E-05    2.240923E-05    1.954245E-05    2.571739E-05    2.813101E-05    3.901971E-05    3.745693E-05    2.388500E-05    2.562271E-05    2.006286E-05    1.824060E-05    2.393354E-05    2.454387E-05    2.365549E-05    3.102642E-05    1.931062E-05    1.439482E-05    2.240923E-05
   2.240923E-05    2.240923E-05    2.240923E-05    2.240923E-05    2.240923E-05    2.364951E-05    2.804962E-05    3.645775E-05    3.041045E-05    1.785263E-05    2.450067E-05    1.924879E-05    1.660856E-05    2.662409E-05    2.206683E-05    2.402914E-05    1.419178E-05    1.182391E-05    2.240923E-05    2.240923E-05
   2.240923E-05    2.240923E-05    2.240923E-05    2.240923E-05    2.240923E-05    1.953269E-05    2.684181E-05    2.539103E-05    2.307123E-05    1.046377E-05    2.354662E-05    2.458960E-05    1.512632E-05    2.301244E-05    2.657330E-05    1.984763E-05    1.176585E-05    2.240923E-05    2.240923E-05    2.240923E-05
   2.240923E-05    2.240923E-05    2.240923E-05    2.240923E-05    2.240923E-05    2.853955E-05    1.531829E-05    1.935948E-05    1.919330E-05    3.557654E-05    3.074984E-05    3.491429E-05    1.692273E-05    1.233744E-05    1.585980E-05    1.017803E-05    2.240923E-05    2.240923E-05    2.240923E-05    2.240923E-05
