   3.806164E+01    3.802637E+01    3.795040E+01    3.785831E+01    3.771658E+01    3.752599E+01    3.732415E+01    3.704614E+01    3.669760E+01    3.636742E+01    3.605139E+01    3.562743E+01    3.517331E+01    3.482609E+01    3.440852E+01    3.407590E+01    3.400437E+01    3.396713E+01    3.393900E+01    3.392212E+01
   3.806441E+01    3.802561E+01    3.795518E+01    3.785114E+01    3.767301E+01    3.746113E+01    3.725813E+01    3.699265E+01    3.664206E+01    3.628893E+01    3.595906E+01    3.555813E+01    3.514238E+01    3.475574E+01    3.435859E+01    3.405960E+01    3.398099E+01    3.393916E+01    3.390435E+01    3.389363E+01
   3.807136E+01    3.803554E+01    3.794911E+01    3.780805E+01    3.760553E+01    3.739950E+01    3.717502E+01    3.688818E+01    3.652951E+01    3.615418E+01    3.578664E+01    3.539334E+01    3.502748E+01    3.465871E+01    3.427811E+01    3.401604E+01    3.392818E+01    3.386999E+01    3.383358E+01    3.382991E+01
   3.807229E+01    3.803253E+01    3.793015E+01    3.775760E+01    3.755935E+01    3.734487E+01    3.706790E+01    3.671933E+01    3.634028E+01    3.596256E+01    3.556902E+01    3.517745E+01    3.481389E+01    3.445689E+01    3.414414E+01    3.395662E+01    3.383613E+01    3.375739E+01    3.371775E+01    3.371760E+01
   3.806689E+01    3.801971E+01    3.793153E+01    3.775123E+01    3.751742E+01    3.723715E+01    3.687768E+01    3.650501E+01    3.613615E+01    3.569653E+01    3.524457E+01    3.487173E+01    3.452569E+01    3.422487E+01    3.399639E+01    3.385417E+01    3.370653E+01    3.361319E+01    3.356122E+01    3.355507E+01
   3.808161E+01    3.801947E+01    3.791125E+01    3.772286E+01    3.744524E+01    3.711968E+01    3.673678E+01    3.626186E+01    3.576638E+01    3.528327E+01    3.488189E+01    3.454353E+01    3.421710E+01    3.397488E+01    3.380314E+01    3.371592E+01    3.355184E+01    3.345991E+01    3.341111E+01    3.337704E+01
   3.811704E+01    3.804601E+01    3.793140E+01    3.771303E+01    3.737600E+01    3.701599E+01    3.651422E+01    3.584186E+01    3.528522E+01    3.481613E+01    3.447306E+01    3.415455E+01    3.388538E+01    3.371211E+01    3.358827E+01    3.353917E+01    3.336132E+01    3.327002E+01    3.321682E+01    3.316471E+01
   3.816504E+01    3.811391E+01    3.800565E+01    3.778421E+01    3.730420E+01    3.691869E+01    3.631548E+01    3.538347E+01    3.476515E+01    3.434818E+01    3.408204E+01    3.382903E+01    3.361859E+01    3.346533E+01    3.335278E+01    3.330996E+01    3.302050E+01    3.294508E+01    3.294102E+01    3.295204E+01
   3.820362E+01    3.817207E+01    3.811133E+01    3.804315E+01    1.000000E+30    1.000000E+30    1.000000E+30    3.474844E+01    3.426278E+01    3.403322E+01    3.381394E+01    3.355827E+01    3.335833E+01    3.318089E+01    3.299398E+01    3.283756E+01    3.243239E+01    3.257271E+01    3.269814E+01    3.277606E+01
   3.820320E+01    3.818859E+01    3.815372E+01    3.812216E+01    1.000000E+30    1.000000E+30    1.000000E+30    1.000000E+30    3.384200E+01    3.370023E+01    3.350992E+01    3.328243E+01    3.310188E+01    3.285488E+01    3.262424E+01    3.228484E+01    3.154131E+01    3.229066E+01    3.255718E+01    3.265755E+01
   3.817103E+01    3.815661E+01    3.814172E+01    3.812987E+01    1.000000E+30    1.000000E+30    1.000000E+30    1.000000E+30    3.350839E+01    3.342687E+01    3.328103E+01    3.309554E+01    3.283341E+01    3.248474E+01    3.242970E+01    3.234028E+01    3.221455E+01    3.242956E+01    3.254141E+01    3.260675E+01
   3.811665E+01    3.811292E+01    3.810377E+01    3.810047E+01    1.000000E+30    1.000000E+30    1.000000E+30    1.000000E+30    3.330743E+01    3.325793E+01    3.312702E+01    3.292690E+01    3.258185E+01    3.186343E+01    3.229557E+01    3.240702E+01    3.244192E+01    3.251865E+01    3.257460E+01    3.261324E+01
   3.805796E+01    3.805018E+01    3.804576E+01    3.805106E+01    1.000000E+30    1.000000E+30    1.000000E+30    1.000000E+30    3.318495E+01    3.315208E+01    3.305031E+01    3.288125E+01    3.267527E+01    3.242248E+01    3.246240E+01    3.252133E+01    3.255323E+01    3.258639E+01    3.261501E+01    3.263573E+01
   3.795440E+01    3.797182E+01    3.797628E+01    3.797657E+01    1.000000E+30    1.000000E+30    1.000000E+30    1.000000E+30    3.312579E+01    3.309514E+01    3.302465E+01    3.289601E+01    3.275224E+01    3.264509E+01    3.261940E+01    3.263328E+01    3.264513E+01    3.265616E+01    3.267153E+01    3.268028E+01
   3.778039E+01    3.783313E+01    3.785118E+01    3.785100E+01    1.000000E+30    1.000000E+30    1.000000E+30    1.000000E+30    3.308581E+01    3.305808E+01    3.300002E+01    3.291253E+01    3.281061E+01    3.273931E+01    3.271198E+01    3.270718E+01    3.271528E+01    3.272660E+01    3.273518E+01    3.273725E+01
   3.755642E+01    3.759539E+01    3.759068E+01    3.757225E+01    1.000000E+30    1.000000E+30    1.000000E+30    1.000000E+30    3.305036E+01    3.302080E+01    3.297051E+01    3.290470E+01    3.282706E+01    3.277242E+01    3.275240E+01    3.274981E+01    3.275833E+01    3.276728E+01    3.277076E+01    3.277217E+01
   3.717229E+01    3.717545E+01    3.712904E+01    3.710775E+01    1.000000E+30    1.000000E+30    1.000000E+30    1.000000E+30    3.299578E+01    3.296392E+01    3.291369E+01    3.285771E+01    3.280621E+01    3.276952E+01    3.275549E+01    3.275694E+01    3.276832E+01    3.278069E+01    3.278661E+01    3.279128E+01
   3.661242E+01    3.657815E+01    3.657027E+01    3.656391E+01    1.000000E+30    1.000000E+30    1.000000E+30    1.000000E+30    3.290558E+01    3.287622E+01    3.283689E+01    3.279979E+01    3.276509E+01    3.273299E+01    3.272235E+01    3.273632E+01    3.275992E+01    3.277942E+01    3.279275E+01    3.280383E+01
   3.595397E+01    3.586413E+01    3.584494E+01    3.582100E+01    1.000000E+30    1.000000E+30    1.000000E+30    1.000000E+30    3.280656E+01    3.280055E+01    3.277961E+01    3.274930E+01    3.271102E+01    3.266663E+01    3.264666E+01    3.269094E+01    3.273861E+01    3.277436E+01    3.279706E+01    3.281069E+01
   3.517672E+01    3.507008E+01    3.495610E+01    3.496264E+01    1.000000E+30    1.000000E+30    1.000000E+30    1.000000E+30    3.272349E+01    3.272571E+01    3.270990E+01    3.268450E+01    3.263891E+01    3.257868E+01    3.251750E+01    3.261759E+01    3.271292E+01    3.276884E+01    3.280243E+01    3.281982E+01
   3.451485E+01    3.439664E+01    3.429861E+01    3.429876E+01    1.000000E+30    1.000000E+30    1.000000E+30    1.000000E+30    3.262906E+01    3.263854E+01    3.264377E+01    3.262587E+01    3.258343E+01    3.249725E+01    3.228559E+01    3.255133E+01    3.269951E+01    3.277328E+01    3.281120E+01    3.282845E+01
   3.402637E+01    3.389161E+01    3.382977E+01    3.367975E+01    1.000000E+30    1.000000E+30    3.236881E+01    3.243892E+01    3.252605E+01    3.255898E+01    3.257879E+01    3.258329E+01    3.257243E+01    3.254667E+01    3.251475E+01    3.262842E+01    3.273120E+01    3.279446E+01    3.283037E+01    3.284834E+01
   3.358863E+01    3.346997E+01    3.326804E+01    3.283167E+01    3.220924E+01    1.000000E+30    3.223728E+01    3.234319E+01    3.243629E+01    3.249191E+01    3.252322E+01    3.254903E+01    3.256787E+01    3.258582E+01    3.261420E+01    3.269045E+01    3.277457E+01    3.283320E+01    3.286225E+01    3.287990E+01
   3.321875E+01    3.309473E+01    3.277657E+01    3.223092E+01    3.120268E+01    3.135819E+01    3.192083E+01    3.219211E+01    3.232064E+01    3.239185E+01    3.245068E+01    3.250763E+01    3.255613E+01    3.260093E+01    3.266055E+01    3.274213E+01    3.282260E+01    3.287597E+01    3.290274E+01    3.291601E+01
   3.303963E+01    3.288116E+01    3.246839E+01    3.147653E+01    2.825176E+01    3.072472E+01    3.170679E+01    3.207524E+01    3.220810E+01    3.226319E+01    3.232261E+01    3.243046E+01    3.252722E+01    3.260607E+01    3.268907E+01    3.278510E+01    3.286882E+01    3.292320E+01    3.294516E+01    3.295301E+01
   3.298106E+01    3.280329E+01    3.248017E+01    3.187336E+01    3.089134E+01    3.136617E+01    3.183526E+01    3.205359E+01    3.212345E+01    3.213518E+01    3.213034E+01    3.231034E+01    3.247381E+01    3.260250E+01    3.271725E+01    3.282854E+01    3.290210E+01    3.294870E+01    3.296890E+01    3.297661E+01
   3.296730E+01    3.283749E+01    3.260315E+01    3.227308E+01    3.191165E+01    3.188130E+01    3.198083E+01    3.206248E+01    3.207752E+01    3.198677E+01    3.154111E+01    3.217516E+01    3.244666E+01    3.261059E+01    3.273461E+01    3.284257E+01    3.291090E+01    3.295264E+01    3.297832E+01    3.298737E+01
   3.300566E+01    3.291794E+01    3.272521E+01    3.247681E+01    3.228629E+01    3.214338E+01    3.206408E+01    3.208809E+01    3.211590E+01    3.210141E+01    3.207452E+01    3.228655E+01    3.246340E+01    3.261713E+01    3.273208E+01    3.282669E+01    3.289703E+01    3.294200E+01    3.297159E+01    3.298835E+01
   3.305512E+01    3.299685E+01    3.285479E+01    3.262569E+01    3.239690E+01    3.220135E+01    3.203820E+01    3.209005E+01    3.215302E+01    3.219887E+01    3.225206E+01    3.236444E+01    3.247366E+01    3.261286E+01    3.273183E+01    3.280685E+01    3.287615E+01    3.292835E+01    3.296267E+01    3.298272E+01
   3.310228E+01    3.305959E+01    3.295272E+01    3.276814E+01    3.250696E+01    3.220687E+01    3.181041E+01    3.207133E+01    3.218729E+01    3.225546E+01    3.232286E+01    3.240268E+01    3.247405E+01    3.257793E+01    3.268808E+01    3.277681E+01    3.285003E+01    3.291245E+01    3.295468E+01    3.297887E+01
   3.315979E+01    3.313629E+01    3.303750E+01    3.290183E+01    3.267526E+01    3.238047E+01    3.217123E+01    3.221116E+01    3.226646E+01    3.229784E+01    3.234266E+01    3.240279E+01    3.244680E+01    3.251710E+01    3.261242E+01    3.271254E+01    3.281441E+01    3.289596E+01    3.294946E+01    3.298358E+01
   3.318909E+01    3.316399E+01    3.310144E+01    3.299786E+01    3.284627E+01    3.261377E+01    3.240986E+01    3.236254E+01    3.234063E+01    3.232963E+01    3.231725E+01    3.232014E+01    3.234430E+01    3.240882E+01    3.251985E+01    3.263587E+01    3.275324E+01    3.286617E+01    3.294384E+01    3.299023E+01
   1.000000E+30    3.318181E+01    3.313162E+01    3.305385E+01    3.294974E+01    3.278927E+01    3.259330E+01    3.247195E+01    3.240098E+01    3.233707E+01    3.225897E+01    3.218061E+01    3.215762E+01    3.225074E+01    3.239673E+01    3.254898E+01    3.270271E+01    3.283300E+01    3.293080E+01    3.299881E+01
   1.000000E+30    1.000000E+30    3.314614E+01    3.307875E+01    3.298999E+01    3.287965E+01    3.272961E+01    3.257782E+01    3.245284E+01    3.232757E+01    3.218504E+01    3.201031E+01    3.184561E+01    3.203721E+01    3.225016E+01    3.247412E+01    3.265611E+01    3.280518E+01    3.292930E+01    3.301871E+01
   1.000000E+30    1.000000E+30    1.000000E+30    3.307425E+01    3.298411E+01    3.289701E+01    3.279198E+01    3.265356E+01    3.250711E+01    3.235365E+01    3.215172E+01    3.185441E+01    3.113783E+01    3.185298E+01    3.216451E+01    3.242060E+01    3.262909E+01    3.278388E+01    3.290341E+01    3.301874E+01
   1.000000E+30    1.000000E+30    1.000000E+30    1.000000E+30    3.295039E+01    3.289645E+01    3.281732E+01    3.269380E+01    3.255202E+01    3.242430E+01    3.225250E+01    3.205662E+01    3.186316E+01    3.202268E+01    3.223566E+01    3.245076E+01    3.263475E+01    3.276966E+01    3.285033E+01    1.000000E+30
   1.000000E+30    1.000000E+30    1.000000E+30    1.000000E+30    3.294010E+01    3.288977E+01    3.282862E+01    3.273454E+01    3.261367E+01    3.250523E+01    3.239038E+01    3.227028E+01    3.216428E+01    3.222274E+01    3.237380E+01    3.253496E+01    3.266996E+01    3.277854E+01    3.283692E+01    1.000000E+30
   1.000000E+30    1.000000E+30    1.000000E+30    1.000000E+30    1.000000E+30    3.286500E+01    3.282909E+01    3.276795E+01    3.267914E+01    3.259191E+01    3.250737E+01    3.243803E+01    3.238830E+01    3.241831E+01    3.250019E+01    3.259813E+01    3.269236E+01    3.277750E+01    1.000000E+30    1.000000E+30
   1.000000E+30    1.000000E+30    1.000000E+30    1.000000E+30    1.000000E+30    3.285794E+01    3.284444E+01    3.280376E+01    3.273301E+01    3.265288E+01    3.258289E+01    3.252824E+01    3.250721E+01    3.252159E+01    3.256194E+01    3.261723E+01    3.267793E+01    1.000000E+30    1.000000E+30    1.000000E+30
   1.000000E+30    1.000000E+30    1.000000E+30    1.000000E+30    1.000000E+30    3.284604E+01    3.288452E+01    3.287193E+01    3.279978E+01    3.272351E+01    3.262326E+01    3.256750E+01    3.254235E+01    3.255476E+01    3.257325E+01    3.260461E+01    1.000000E+30    1.000000E+30    1.000000E+30    1.000000E+30
