   3.820631E+01    3.816393E+01    3.809276E+01    3.801055E+01    3.788281E+01    3.771411E+01    3.753186E+01    3.725043E+01    3.686589E+01    3.650574E+01    3.617365E+01    3.572881E+01    3.527748E+01    3.492473E+01    3.450662E+01    3.415180E+01    3.421198E+01    3.423335E+01    3.424535E+01    3.424536E+01
   3.821100E+01    3.816999E+01    3.810108E+01    3.800228E+01    3.783935E+01    3.765179E+01    3.746764E+01    3.720219E+01    3.682186E+01    3.644299E+01    3.609627E+01    3.567351E+01    3.525915E+01    3.487081E+01    3.447100E+01    3.414720E+01    3.420674E+01    3.422461E+01    3.423003E+01    3.423425E+01
   3.822705E+01    3.818619E+01    3.810153E+01    3.796270E+01    3.778054E+01    3.760015E+01    3.739175E+01    3.710539E+01    3.672574E+01    3.633468E+01    3.595690E+01    3.555489E+01    3.519055E+01    3.481789E+01    3.443227E+01    3.411725E+01    3.417021E+01    3.418439E+01    3.419550E+01    3.420162E+01
   3.824036E+01    3.819952E+01    3.809895E+01    3.793180E+01    3.774962E+01    3.755609E+01    3.729744E+01    3.695610E+01    3.656520E+01    3.617809E+01    3.578516E+01    3.539199E+01    3.503731E+01    3.468004E+01    3.435812E+01    3.413082E+01    3.413325E+01    3.412982E+01    3.413459E+01    3.414435E+01
   3.825841E+01    3.821367E+01    3.812475E+01    3.794821E+01    3.772587E+01    3.747258E+01    3.712841E+01    3.676868E+01    3.639990E+01    3.596387E+01    3.552894E+01    3.516013E+01    3.483155E+01    3.453827E+01    3.429199E+01    3.410881E+01    3.408567E+01    3.406823E+01    3.406464E+01    3.407378E+01
   3.831850E+01    3.825878E+01    3.815188E+01    3.795729E+01    3.768730E+01    3.737844E+01    3.701897E+01    3.656631E+01    3.608809E+01    3.562341E+01    3.524897E+01    3.493011E+01    3.462783E+01    3.438927E+01    3.419594E+01    3.405408E+01    3.402349E+01    3.400435E+01    3.399675E+01    3.399152E+01
   3.842520E+01    3.834677E+01    3.822635E+01    3.799708E+01    3.765370E+01    3.730519E+01    3.683276E+01    3.621253E+01    3.569048E+01    3.526140E+01    3.494955E+01    3.466262E+01    3.442406E+01    3.425232E+01    3.410297E+01    3.400251E+01    3.395568E+01    3.393383E+01    3.391985E+01    3.390330E+01
   3.853148E+01    3.847194E+01    3.836865E+01    3.813942E+01    3.761394E+01    3.723358E+01    3.667026E+01    3.582918E+01    3.527356E+01    3.490725E+01    3.467530E+01    3.445984E+01    3.428157E+01    3.414487E+01    3.402571E+01    3.392872E+01    3.384670E+01    3.382201E+01    3.381775E+01    3.381958E+01
   3.860889E+01    3.857786E+01    3.853512E+01    3.847809E+01    1.000000E+30    1.000000E+30    1.000000E+30    3.528151E+01    3.487125E+01    3.467571E+01    3.449842E+01    3.430303E+01    3.415157E+01    3.402635E+01    3.390901E+01    3.381845E+01    3.367620E+01    3.370472E+01    3.373534E+01    3.375471E+01
   3.866266E+01    3.865182E+01    3.863707E+01    3.861913E+01    1.000000E+30    1.000000E+30    1.000000E+30    1.000000E+30    3.454131E+01    3.443204E+01    3.429429E+01    3.414003E+01    3.402457E+01    3.388682E+01    3.378577E+01    3.369219E+01    3.342608E+01    3.362014E+01    3.368803E+01    3.371168E+01
   3.868877E+01    3.868615E+01    3.868514E+01    3.869230E+01    1.000000E+30    1.000000E+30    1.000000E+30    1.000000E+30    3.429106E+01    3.423558E+01    3.414151E+01    3.402979E+01    3.388457E+01    3.370756E+01    3.369137E+01    3.367893E+01    3.360995E+01    3.365352E+01    3.367797E+01    3.369115E+01
   3.868727E+01    3.868962E+01    3.869600E+01    3.870457E+01    1.000000E+30    1.000000E+30    1.000000E+30    1.000000E+30    3.414125E+01    3.411141E+01    3.403542E+01    3.392615E+01    3.374688E+01    3.339197E+01    3.360777E+01    3.367523E+01    3.366391E+01    3.367353E+01    3.368291E+01    3.368953E+01
   3.867217E+01    3.867369E+01    3.868048E+01    3.869189E+01    1.000000E+30    1.000000E+30    1.000000E+30    1.000000E+30    3.404735E+01    3.402791E+01    3.397205E+01    3.388342E+01    3.377403E+01    3.364478E+01    3.366264E+01    3.369190E+01    3.368712E+01    3.368694E+01    3.369079E+01    3.369394E+01
   3.862652E+01    3.864324E+01    3.865469E+01    3.866486E+01    1.000000E+30    1.000000E+30    1.000000E+30    1.000000E+30    3.400126E+01    3.397991E+01    3.393755E+01    3.386725E+01    3.378848E+01    3.372865E+01    3.371190E+01    3.371407E+01    3.370550E+01    3.370083E+01    3.370175E+01    3.370380E+01
   3.852971E+01    3.856767E+01    3.859442E+01    3.860638E+01    1.000000E+30    1.000000E+30    1.000000E+30    1.000000E+30    3.396578E+01    3.394644E+01    3.390765E+01    3.385551E+01    3.379668E+01    3.375263E+01    3.373434E+01    3.372701E+01    3.371776E+01    3.371367E+01    3.371425E+01    3.371667E+01
   3.839424E+01    3.842502E+01    3.844564E+01    3.844541E+01    1.000000E+30    1.000000E+30    1.000000E+30    1.000000E+30    3.393209E+01    3.391176E+01    3.387668E+01    3.383361E+01    3.378462E+01    3.375076E+01    3.373789E+01    3.373207E+01    3.372262E+01    3.372141E+01    3.372330E+01    3.372695E+01
   3.814869E+01    3.817265E+01    3.816772E+01    3.815433E+01    1.000000E+30    1.000000E+30    1.000000E+30    1.000000E+30    3.389251E+01    3.386888E+01    3.383266E+01    3.379364E+01    3.375870E+01    3.373533E+01    3.372519E+01    3.372515E+01    3.372140E+01    3.372152E+01    3.372587E+01    3.373121E+01
   3.779668E+01    3.778894E+01    3.779861E+01    3.779748E+01    1.000000E+30    1.000000E+30    1.000000E+30    1.000000E+30    3.384599E+01    3.381923E+01    3.378695E+01    3.375674E+01    3.372962E+01    3.370634E+01    3.369847E+01    3.371120E+01    3.371375E+01    3.371830E+01    3.372339E+01    3.373087E+01
   3.737142E+01    3.731837E+01    3.731060E+01    3.729671E+01    1.000000E+30    1.000000E+30    1.000000E+30    1.000000E+30    3.381162E+01    3.379140E+01    3.376144E+01    3.373171E+01    3.369730E+01    3.366474E+01    3.365156E+01    3.368562E+01    3.369843E+01    3.370890E+01    3.371556E+01    3.372015E+01
   3.685317E+01    3.678161E+01    3.670277E+01    3.671210E+01    1.000000E+30    1.000000E+30    1.000000E+30    1.000000E+30    3.379813E+01    3.377774E+01    3.374331E+01    3.370968E+01    3.366588E+01    3.361743E+01    3.357249E+01    3.364791E+01    3.367784E+01    3.369500E+01    3.370488E+01    3.370898E+01
   3.638964E+01    3.631841E+01    3.625797E+01    3.626817E+01    1.000000E+30    1.000000E+30    1.000000E+30    1.000000E+30    3.380095E+01    3.377870E+01    3.374176E+01    3.370094E+01    3.365256E+01    3.357687E+01    3.341736E+01    3.360358E+01    3.366066E+01    3.368503E+01    3.369551E+01    3.370091E+01
   3.605375E+01    3.597429E+01    3.595290E+01    3.588285E+01    1.000000E+30    1.000000E+30    3.387351E+01    3.384638E+01    3.381391E+01    3.378462E+01    3.374887E+01    3.370987E+01    3.367353E+01    3.362852E+01    3.357995E+01    3.363758E+01    3.366716E+01    3.368376E+01    3.369223E+01    3.369654E+01
   3.575185E+01    3.570006E+01    3.560835E+01    3.541079E+01    3.510511E+01    1.000000E+30    3.390391E+01    3.386378E+01    3.382473E+01    3.378944E+01    3.375324E+01    3.371870E+01    3.369354E+01    3.367065E+01    3.365201E+01    3.367176E+01    3.367997E+01    3.368762E+01    3.369255E+01    3.369487E+01
   3.548775E+01    3.545351E+01    3.532673E+01    3.511811E+01    3.466525E+01    3.422696E+01    3.398932E+01    3.389080E+01    3.383728E+01    3.378819E+01    3.374733E+01    3.372247E+01    3.370602E+01    3.369458E+01    3.368631E+01    3.369166E+01    3.369104E+01    3.369139E+01    3.369381E+01    3.369490E+01
   3.532438E+01    3.527296E+01    3.512689E+01    3.483360E+01    3.406430E+01    3.409813E+01    3.398530E+01    3.389694E+01    3.383258E+01    3.376935E+01    3.372748E+01    3.371723E+01    3.371305E+01    3.370613E+01    3.370129E+01    3.369965E+01    3.369600E+01    3.369487E+01    3.369542E+01    3.369587E+01
   3.518766E+01    3.513145E+01    3.500512E+01    3.477343E+01    3.437294E+01    3.416578E+01    3.401134E+01    3.390278E+01    3.382435E+01    3.374335E+01    3.367491E+01    3.369307E+01    3.370759E+01    3.370992E+01    3.370598E+01    3.370031E+01    3.369777E+01    3.369653E+01    3.369625E+01    3.369744E+01
   3.509415E+01    3.504629E+01    3.493420E+01    3.474754E+01    3.448483E+01    3.424452E+01    3.405954E+01    3.392832E+01    3.382600E+01    3.371101E+01    3.346074E+01    3.364844E+01    3.369679E+01    3.370441E+01    3.370258E+01    3.369552E+01    3.369525E+01    3.369682E+01    3.369800E+01    3.369918E+01
   3.505342E+01    3.500657E+01    3.488807E+01    3.469187E+01    3.451369E+01    3.431219E+01    3.410216E+01    3.396537E+01    3.386611E+01    3.376863E+01    3.367536E+01    3.369136E+01    3.370284E+01    3.370104E+01    3.369528E+01    3.368755E+01    3.369001E+01    3.369375E+01    3.369749E+01    3.370014E+01
   3.503624E+01    3.499536E+01    3.487278E+01    3.467845E+01    3.448482E+01    3.428694E+01    3.409243E+01    3.396837E+01    3.388797E+01    3.381526E+01    3.374871E+01    3.372352E+01    3.371288E+01    3.369788E+01    3.368587E+01    3.367726E+01    3.368216E+01    3.368867E+01    3.369340E+01    3.369915E+01
   3.502401E+01    3.497656E+01    3.485437E+01    3.468610E+01    3.447500E+01    3.425499E+01    3.401229E+01    3.395957E+01    3.389529E+01    3.382825E+01    3.376873E+01    3.373038E+01    3.370846E+01    3.368714E+01    3.367518E+01    3.366744E+01    3.367289E+01    3.368069E+01    3.368716E+01    3.369297E+01
   3.500747E+01    3.495504E+01    3.483609E+01    3.468268E+01    3.448723E+01    3.426107E+01    3.407574E+01    3.396801E+01    3.389244E+01    3.383314E+01    3.377098E+01    3.371907E+01    3.369096E+01    3.367296E+01    3.366387E+01    3.365657E+01    3.366158E+01    3.367093E+01    3.367839E+01    3.368344E+01
   3.499057E+01    3.493243E+01    3.483114E+01    3.467903E+01    3.450485E+01    3.429619E+01    3.408686E+01    3.396012E+01    3.388750E+01    3.381672E+01    3.375535E+01    3.369765E+01    3.366857E+01    3.365489E+01    3.364705E+01    3.364083E+01    3.364988E+01    3.365758E+01    3.366648E+01    3.367235E+01
   1.000000E+30    3.489665E+01    3.478343E+01    3.462730E+01    3.446913E+01    3.427627E+01    3.407188E+01    3.394799E+01    3.386493E+01    3.378715E+01    3.372248E+01    3.366267E+01    3.362491E+01    3.361239E+01    3.361406E+01    3.361881E+01    3.363153E+01    3.364096E+01    3.365126E+01    3.366049E+01
   1.000000E+30    1.000000E+30    3.472215E+01    3.454513E+01    3.437264E+01    3.420359E+01    3.404224E+01    3.391936E+01    3.381271E+01    3.373519E+01    3.366906E+01    3.360547E+01    3.355132E+01    3.355836E+01    3.357092E+01    3.359055E+01    3.360287E+01    3.361909E+01    3.362944E+01    3.364590E+01
   1.000000E+30    1.000000E+30    1.000000E+30    3.439681E+01    3.420654E+01    3.407596E+01    3.397297E+01    3.386168E+01    3.374747E+01    3.367505E+01    3.360933E+01    3.352748E+01    3.340406E+01    3.349390E+01    3.352515E+01    3.356030E+01    3.357414E+01    3.359054E+01    3.360301E+01    3.363314E+01
   1.000000E+30    1.000000E+30    1.000000E+30    1.000000E+30    3.402532E+01    3.395233E+01    3.387530E+01    3.377833E+01    3.367878E+01    3.361108E+01    3.354876E+01    3.349365E+01    3.345588E+01    3.347403E+01    3.349724E+01    3.353252E+01    3.354329E+01    3.356012E+01    3.357133E+01    1.000000E+30
   1.000000E+30    1.000000E+30    1.000000E+30    1.000000E+30    3.392620E+01    3.381722E+01    3.374448E+01    3.366873E+01    3.359665E+01    3.353475E+01    3.348353E+01    3.345065E+01    3.343473E+01    3.344204E+01    3.346407E+01    3.350537E+01    3.351572E+01    3.352763E+01    3.354787E+01    1.000000E+30
   1.000000E+30    1.000000E+30    1.000000E+30    1.000000E+30    1.000000E+30    3.363362E+01    3.360651E+01    3.355799E+01    3.351239E+01    3.345805E+01    3.341672E+01    3.339138E+01    3.336953E+01    3.337056E+01    3.339344E+01    3.345149E+01    3.347233E+01    3.349572E+01    1.000000E+30    1.000000E+30
   1.000000E+30    1.000000E+30    1.000000E+30    1.000000E+30    1.000000E+30    3.349501E+01    3.350019E+01    3.347872E+01    3.343996E+01    3.339551E+01    3.335770E+01    3.332946E+01    3.328169E+01    3.327376E+01    3.330543E+01    3.337928E+01    3.341460E+01    1.000000E+30    1.000000E+30    1.000000E+30
   1.000000E+30    1.000000E+30    1.000000E+30    1.000000E+30    1.000000E+30    3.332013E+01    3.338582E+01    3.339750E+01    3.337455E+01    3.335869E+01    3.329831E+01    3.324761E+01    3.316284E+01    3.314175E+01    3.320269E+01    3.333083E+01    1.000000E+30    1.000000E+30    1.000000E+30    1.000000E+30
