3.141147999999999508E-06 3.102110999999999580E-06 3.078857000000000158E-06 3.061784999999999858E-06 3.030189999999999951E-06 2.984325000000000010E-06 2.914389999999999722E-06 2.800645999999999918E-06 2.631365000000000005E-06 2.434401999999999990E-06 2.240598999999999958E-06 2.074234999999999886E-06 1.953288999999999909E-06 1.880454000000000038E-06 1.843842999999999737E-06 1.826454000000000004E-06 1.822860999999999927E-06 1.841553999999999868E-06 1.913090999999999909E-06 2.041618999999999959E-06
3.219873999999999574E-06 3.176099999999999965E-06 3.142193999999999582E-06 3.130320000000000041E-06 3.107057000000000159E-06 3.077572999999999867E-06 3.032779999999999871E-06 2.930052999999999880E-06 2.713212000000000036E-06 2.454912999999999716E-06 2.209506999999999749E-06 1.999790999999999858E-06 1.854594999999999859E-06 1.796804000000000000E-06 1.778573999999999922E-06 1.770873999999999979E-06 1.768334999999999985E-06 1.786558000000000082E-06 1.911832000000000096E-06 2.088855999999999656E-06
3.320870999999999667E-06 3.281214999999999805E-06 3.205217999999999896E-06 3.266643999999999721E-06 3.292106999999999768E-06 3.279888999999999625E-06 3.226605000000000086E-06 3.127692999999999736E-06 2.905214999999999932E-06 2.654802999999999847E-06 2.374300999999999682E-06 2.063601999999999661E-06 1.726360999999999877E-06 1.856471999999999791E-06 1.922420999999999953E-06 1.923111999999999757E-06 1.858645000000000058E-06 1.731216999999999878E-06 1.993533999999999724E-06 2.207993999999999701E-06
3.448866000000000040E-06 3.440329000000000074E-06 3.437870999999999564E-06 3.468837000000000107E-06 3.496058999999999793E-06 3.493976999999999921E-06 3.470182999999999992E-06 3.374668999999999843E-06 3.175623999999999955E-06 2.940802999999999735E-06 2.679539999999999759E-06 2.413412999999999775E-06 2.228073999999999600E-06 2.206487999999999634E-06 2.247123999999999866E-06 2.250126999999999963E-06 2.203343999999999669E-06 2.163609999999999771E-06 2.268470999999999799E-06 2.437541999999999845E-06
3.587444999999999921E-06 3.632722999999999964E-06 3.681396999999999729E-06 3.715146999999999617E-06 3.745080999999999626E-06 3.763808000000000082E-06 3.780158999999999750E-06 3.687091999999999595E-06 3.520286999999999843E-06 3.314547999999999830E-06 3.107134999999999771E-06 2.932658999999999817E-06 2.797420999999999622E-06 2.729534999999999778E-06 2.718230999999999877E-06 2.719336999999999914E-06 2.700635999999999752E-06 2.681661000000000073E-06 2.709658999999999581E-06 2.784749000000000076E-06
3.721144999999999589E-06 3.835996000000000093E-06 3.934204999999999884E-06 3.979207999999999324E-06 4.019378999999999215E-06 4.067018999999999660E-06 4.115951999999999586E-06 4.061724999999999639E-06 3.928406999999999503E-06 3.758461999999999896E-06 3.615509999999999795E-06 3.526665999999999956E-06 3.439177999999999855E-06 3.354734999999999738E-06 3.306633999999999909E-06 3.303053999999999767E-06 3.315297999999999780E-06 3.305035999999999844E-06 3.262382999999999627E-06 3.208976999999999685E-06
3.812881999999999877E-06 4.014043000000000152E-06 4.193171999999999161E-06 4.240688999999999811E-06 4.270440999999999455E-06 4.344563999999999727E-06 4.480259999999999859E-06 4.496455000000000303E-06 4.373433999999999165E-06 4.232891000000000127E-06 4.154875999999999994E-06 4.153929999999999716E-06 4.163519999999999737E-06 4.041985999999999623E-06 3.955293999999999471E-06 3.954656000000000072E-06 4.026363999999999962E-06 4.061270999999999389E-06 3.873772000000000153E-06 3.646406999999999916E-06
3.809195999999999774E-06 4.062089000000000369E-06 4.457761999999999283E-06 4.351441999999999427E-06 4.359644000000000098E-06 4.467504000000000112E-06 4.674853999999999914E-06 4.999999999999999562E-06 4.752740999999999902E-06 4.626244999999999614E-06 4.608640000000000483E-06 4.717275999999999895E-06 4.999999999999999562E-06 4.668455999999999912E-06 4.516852999999999663E-06 4.513822000000000064E-06 4.662835000000000394E-06 4.999999999999999562E-06 4.365085999999999969E-06 3.993080999999999623E-06
3.681216000000000026E-06 3.856440000000000299E-06 4.057210000000000581E-06 4.149515000000000030E-06 9.999999999999999547E-07 9.999999999999999547E-07 9.999999999999999547E-07 4.748364999999999387E-06 4.824880999999999858E-06 4.815038999999999657E-06 4.853892000000000012E-06 4.948947999999999801E-06 4.957092000000000142E-06 4.926323000000000166E-06 4.818519000000000003E-06 4.773696999999999842E-06 4.793357000000000429E-06 4.788113999999999910E-06 4.476772999999999532E-06 4.165381999999999890E-06
3.472014999999999740E-06 3.543054999999999826E-06 3.679502999999999963E-06 3.819874999999999574E-06 9.999999999999999547E-07 9.999999999999999547E-07 9.999999999999999547E-07 9.999999999999999547E-07 4.668977999999999498E-06 4.771929000000000166E-06 4.852640999999999572E-06 4.910469000000000029E-06 4.920786999999999817E-06 4.880722999999999281E-06 4.801882999999999880E-06 4.722150999999999573E-06 4.649664999999999807E-06 4.586427999999999755E-06 4.385400999999999790E-06 4.194975999999998984E-06
3.243290999999999895E-06 3.230665999999999741E-06 3.313590999999999883E-06 3.487411999999999756E-06 9.999999999999999547E-07 9.999999999999999547E-07 9.999999999999999547E-07 9.999999999999999547E-07 4.520816999999999817E-06 4.664190999999999708E-06 4.784669999999999711E-06 4.879006999999999347E-06 4.903545000000000330E-06 4.843692999999999908E-06 4.725038999999999672E-06 4.597531999999999640E-06 4.474929999999999692E-06 4.382037000000000105E-06 4.247177999999999572E-06 4.159441000000000009E-06
3.038059999999999928E-06 2.957660000000000241E-06 2.953894000000000047E-06 3.176216999999999595E-06 9.999999999999999547E-07 9.999999999999999547E-07 9.999999999999999547E-07 9.999999999999999547E-07 4.395468999999999878E-06 4.569852999999999833E-06 4.723730999999999988E-06 4.859880999999999523E-06 4.922354000000000509E-06 4.823672000000000155E-06 4.665168000000000631E-06 4.487936999999999379E-06 4.300885999999999804E-06 4.163562999999999866E-06 4.117003000000000433E-06 4.116991999999999494E-06
2.886544000000000175E-06 2.765679999999999921E-06 2.596863999999999926E-06 2.946658000000000206E-06 9.999999999999999547E-07 9.999999999999999547E-07 9.999999999999999547E-07 9.999999999999999547E-07 4.296416999999999898E-06 4.492709999999999206E-06 4.670117000000000234E-06 4.835042999999999576E-06 4.999999999999999562E-06 4.825354999999999814E-06 4.645889999999999153E-06 4.445503999999999306E-06 4.208746999999999432E-06 3.920271000000000230E-06 4.056840000000000108E-06 4.113339000000000090E-06
2.798032999999999999E-06 2.684274999999999808E-06 2.645211999999999586E-06 2.878666999999999793E-06 9.999999999999999547E-07 9.999999999999999547E-07 9.999999999999999547E-07 9.999999999999999547E-07 4.227452000000000127E-06 4.435662999999999344E-06 4.623753999999999675E-06 4.791858999999999313E-06 4.884929999999999154E-06 4.823692999999999253E-06 4.665870999999999495E-06 4.487824999999999676E-06 4.300169000000000129E-06 4.153102999999999969E-06 4.135997999999999393E-06 4.168310999999999638E-06
2.749863999999999986E-06 2.658498999999999803E-06 2.666931999999999863E-06 2.882651999999999891E-06 9.999999999999999547E-07 9.999999999999999547E-07 9.999999999999999547E-07 9.999999999999999547E-07 4.190739999999999792E-06 4.405054999999999789E-06 4.594516999999999636E-06 4.759055000000000127E-06 4.841713999999999702E-06 4.829519999999998951E-06 4.724575999999999808E-06 4.595614999999999028E-06 4.472842999999999893E-06 4.365649000000000051E-06 4.293505999999999377E-06 4.281995000000000327E-06
2.727352999999999686E-06 2.649943999999999764E-06 2.664076999999999616E-06 2.880223999999999785E-06 9.999999999999999547E-07 9.999999999999999547E-07 9.999999999999999547E-07 9.999999999999999547E-07 4.190256999999999377E-06 4.404739999999999776E-06 4.594325000000000265E-06 4.757205999999999698E-06 4.851518999999999518E-06 4.866704999999999003E-06 4.801128000000000427E-06 4.720307999999999733E-06 4.647922999999999578E-06 4.567909000000000381E-06 4.474020999999999799E-06 4.421665999999999857E-06
2.711327999999999700E-06 2.643419999999999672E-06 2.638507999999999608E-06 2.869653000000000001E-06 9.999999999999999547E-07 9.999999999999999547E-07 9.999999999999999547E-07 9.999999999999999547E-07 4.215685999999999332E-06 4.434690999999999618E-06 4.623207000000000034E-06 4.791593999999999410E-06 4.904656999999999686E-06 4.926266000000000074E-06 4.879088000000000100E-06 4.839543000000000126E-06 4.815671000000000162E-06 4.774605000000000342E-06 4.662373999999999315E-06 4.559795000000000445E-06
2.694777999999999833E-06 2.630164000000000099E-06 2.583292000000000101E-06 2.855773999999999536E-06 9.999999999999999547E-07 9.999999999999999547E-07 9.999999999999999547E-07 9.999999999999999547E-07 4.260264000000000382E-06 4.479747999999999279E-06 4.667436999999999101E-06 4.833794999999999855E-06 4.999999999999999562E-06 4.971119999999999425E-06 4.944963000000000550E-06 4.935566999999999530E-06 4.949790999999999989E-06 4.999999999999999562E-06 4.812448999999999738E-06 4.672595000000000450E-06
2.674342000000000271E-06 2.596659999999999801E-06 2.616439999999999889E-06 2.856199000000000045E-06 9.999999999999999547E-07 9.999999999999999547E-07 9.999999999999999547E-07 9.999999999999999547E-07 4.332249999999999899E-06 4.545715000000000573E-06 4.720176000000000325E-06 4.858031000000000549E-06 4.974659999999999733E-06 4.999999999999999562E-06 4.992738999999999667E-06 4.995253000000000029E-06 4.997288000000000087E-06 4.987837999999999694E-06 4.872281999999999847E-06 4.741494000000000516E-06
2.654839999999999810E-06 2.555961999999999975E-06 2.612419000000000068E-06 2.846290999999999715E-06 9.999999999999999547E-07 9.999999999999999547E-07 9.999999999999999547E-07 9.999999999999999547E-07 4.446030999999999242E-06 4.643482999999999838E-06 4.781852999999999667E-06 4.893509999999999672E-06 4.969642999999999100E-06 4.999999999999999562E-06 4.999999999999999562E-06 4.999999999999999562E-06 4.999999999999999562E-06 4.984635999999999822E-06 4.895511000000000061E-06 4.802454999999999575E-06
2.650079999999999706E-06 2.526721999999999641E-06 2.566318999999999781E-06 2.813178999999999650E-06 9.999999999999999547E-07 9.999999999999999547E-07 9.999999999999999547E-07 9.999999999999999547E-07 4.608325999999999863E-06 4.781058999999999349E-06 4.860244999999999407E-06 4.926501999999999813E-06 4.975530999999999848E-06 4.999968999999999765E-06 4.999999999999999562E-06 4.999999999999999562E-06 4.999999999999999562E-06 4.997401000000000030E-06 4.951823000000000176E-06 4.817866000000000401E-06
2.695878999999999943E-06 2.516474999999999483E-06 2.470573000000000003E-06 2.756691999999999999E-06 9.999999999999999547E-07 9.999999999999999547E-07 4.153373000000000222E-06 4.604208999999999509E-06 4.833472999999999860E-06 4.888404000000000605E-06 4.927682999999999590E-06 4.961060999999999798E-06 4.987315999999999261E-06 4.999999999999999562E-06 4.997598999999999989E-06 4.998492999999999680E-06 4.999999999999999562E-06 4.998273999999999775E-06 4.947209999999999683E-06 4.887198999999999318E-06
2.794684000000000092E-06 2.584191000000000141E-06 2.317313999999999782E-06 2.804381999999999707E-06 3.295438999999999840E-06 9.999999999999999547E-07 4.358628999999999397E-06 4.999999999999999562E-06 4.979614999999999926E-06 4.977701999999999424E-06 4.984644000000000043E-06 4.992787999999999537E-06 4.999999999999999562E-06 4.989695000000000344E-06 4.981655999999999725E-06 4.978244999999999802E-06 4.982883000000000349E-06 4.999999999999999562E-06 4.925596999999999184E-06 4.864606999999999959E-06
2.997268999999999864E-06 2.832231999999999788E-06 2.802064000000000096E-06 3.106450999999999525E-06 3.534836999999999983E-06 3.992354000000000096E-06 4.464661000000000621E-06 4.841555999999999152E-06 4.999999999999999562E-06 4.999999999999999562E-06 4.999999999999999562E-06 4.998204999999999353E-06 4.988640000000000233E-06 4.972928999999999597E-06 4.956385999999999712E-06 4.941948999999999938E-06 4.932389999999999713E-06 4.920549999999999840E-06 4.871409999999999494E-06 4.822339999999999809E-06
3.296082999999999830E-06 3.213010999999999653E-06 3.292705999999999574E-06 3.523823000000000041E-06 3.838706999999999329E-06 4.183212999999999754E-06 4.524134000000000110E-06 4.799599999999999753E-06 4.961328999999999573E-06 4.999999999999999562E-06 4.999999999999999562E-06 4.994805000000000368E-06 4.979920000000000086E-06 4.956126000000000158E-06 4.926770000000000434E-06 4.896960999999999853E-06 4.869516000000000152E-06 4.843651999999999412E-06 4.799124999999999558E-06 4.764679999999999755E-06
3.653668999999999628E-06 3.677395000000000220E-06 3.805022999999999568E-06 3.975685999999999936E-06 4.174953000000000446E-06 4.400538999999999644E-06 4.633960999999999999E-06 4.830208999999999547E-06 4.956656999999999357E-06 4.999999999999999562E-06 4.999999999999999562E-06 4.995350999999999770E-06 4.976269000000000314E-06 4.942470000000000131E-06 4.898057999999999853E-06 4.849688999999999401E-06 4.802188000000000040E-06 4.762520999999999663E-06 4.714113000000000041E-06 4.697207999999999904E-06
4.027895999999999899E-06 4.177863999999999273E-06 4.358993999999999520E-06 4.445360999999999806E-06 4.519750000000000221E-06 4.634644999999999398E-06 4.771564999999999436E-06 4.903514999999999079E-06 4.985406000000000325E-06 4.999999999999999562E-06 4.999999999999999562E-06 4.999999999999999562E-06 4.981312999999999786E-06 4.935018999999999650E-06 4.869493999999999968E-06 4.804046999999999475E-06 4.734118999999999591E-06 4.675570999999999589E-06 4.634248999999999479E-06 4.623726999999999141E-06
4.323096999999999446E-06 4.587113999999999633E-06 4.999999999999999562E-06 4.854209999999999896E-06 4.815324999999999505E-06 4.844224999999999347E-06 4.912090000000000094E-06 4.999999999999999562E-06 4.999999999999999562E-06 4.999999999999999562E-06 4.999999999999999562E-06 4.999999999999999562E-06 4.999999999999999562E-06 4.906111999999999827E-06 4.816614999999999115E-06 4.730554999999999468E-06 4.649460999999999258E-06 4.575256999999999079E-06 4.544373000000000375E-06 4.530160999999999401E-06
4.532301000000000027E-06 4.775124999999999449E-06 4.993648999999998951E-06 4.999999999999999562E-06 4.988686000000000232E-06 4.981099000000000232E-06 4.999999999999999562E-06 4.999999999999999562E-06 4.999999999999999562E-06 4.999999999999999562E-06 4.999999999999999562E-06 4.994469999999999803E-06 4.947843999999999819E-06 4.856388999999999693E-06 4.751600999999999774E-06 4.645233000000000287E-06 4.547225999999999719E-06 4.462785999999999897E-06 4.428740999999999277E-06 4.437887999999999988E-06
4.650880000000000099E-06 4.840361999999999651E-06 4.990303999999999579E-06 4.999999999999999562E-06 4.999999999999999562E-06 4.999999999999999562E-06 4.999999999999999562E-06 4.999999999999999562E-06 4.999999999999999562E-06 4.999999999999999562E-06 4.999999999999999562E-06 4.979821000000000106E-06 4.917357999999999820E-06 4.815512999999999612E-06 4.688575000000000252E-06 4.559606999999999491E-06 4.440221000000000224E-06 4.340231000000000187E-06 4.300532999999999166E-06 4.340887000000000508E-06
4.719810999999999355E-06 4.870871000000000074E-06 4.990187999999999765E-06 4.999999999999999562E-06 4.999999999999999562E-06 4.999999999999999562E-06 4.999999999999999562E-06 4.999999999999999562E-06 4.999999999999999562E-06 4.999999999999999562E-06 4.999999999999999562E-06 4.980841999999999702E-06 4.910276999999999811E-06 4.789595000000000346E-06 4.635316999999999313E-06 4.473935999999999782E-06 4.320535999999999692E-06 4.200993999999999508E-06 4.176736999999999716E-06 4.252183999999999267E-06
4.762130000000000093E-06 4.888700999999999698E-06 4.993356999999999361E-06 4.999999999999999562E-06 4.999999999999999562E-06 4.999999999999999562E-06 4.999999999999999562E-06 4.999999999999999562E-06 4.999999999999999562E-06 4.999999999999999562E-06 4.999999999999999562E-06 4.998185000000000495E-06 4.933557000000000374E-06 4.783947999999999686E-06 4.598869999999999728E-06 4.398278999999999093E-06 4.193429999999999930E-06 4.037861999999999288E-06 4.073893000000000096E-06 4.190165999999999617E-06
9.999999999999999547E-07 4.895352000000000119E-06 4.999999999999999562E-06 4.999999999999999562E-06 4.999999999999999562E-06 4.999999999999999562E-06 4.999999999999999562E-06 4.999999999999999562E-06 4.999999999999999562E-06 4.999999999999999562E-06 4.999999999999999562E-06 4.999999999999999562E-06 4.999999999999999562E-06 4.800920999999999160E-06 4.598784000000000319E-06 4.379142999999999418E-06 4.130343999999999600E-06 3.842579999999999724E-06 4.039100000000000004E-06 4.181130999999999457E-06
9.999999999999999547E-07 9.999999999999999547E-07 4.965970999999999383E-06 4.999125000000000184E-06 4.999999999999999562E-06 4.999999999999999562E-06 4.999999999999999562E-06 4.999999999999999562E-06 4.999999999999999562E-06 4.999999999999999562E-06 4.999999999999999562E-06 4.999999999999999562E-06 4.942261000000000080E-06 4.804324999999999949E-06 4.631135999999999734E-06 4.438993999999999601E-06 4.239108000000000004E-06 4.096312000000000397E-06 4.134716000000000004E-06 4.242767999999999389E-06
9.999999999999999547E-07 9.999999999999999547E-07 9.999999999999999547E-07 4.985841999999999655E-06 4.997668999999999804E-06 4.999999999999999562E-06 4.999999999999999562E-06 4.999999999999999562E-06 4.999999999999999562E-06 4.999999999999999562E-06 4.999999999999999562E-06 4.983742000000000132E-06 4.925269999999999686E-06 4.823381999999999350E-06 4.694443999999999840E-06 4.555130000000000211E-06 4.422516000000000027E-06 4.327641999999999756E-06 4.305277999999999914E-06 4.359946999999999780E-06
9.999999999999999547E-07 9.999999999999999547E-07 9.999999999999999547E-07 9.999999999999999547E-07 4.988477999999999573E-06 4.997137999999999758E-06 4.999999999999999562E-06 4.999999999999999562E-06 4.999999999999999562E-06 4.999999999999999562E-06 4.999999999999999562E-06 4.982102999999999994E-06 4.935989999999999983E-06 4.864938999999999806E-06 4.780345999999999784E-06 4.693558000000000371E-06 4.613679000000000453E-06 4.547897999999999634E-06 4.502796999999999606E-06 9.999999999999999547E-07
9.999999999999999547E-07 9.999999999999999547E-07 9.999999999999999547E-07 9.999999999999999547E-07 4.967757999999999372E-06 4.987813999999999879E-06 4.997886000000000077E-06 4.999999999999999562E-06 4.999999999999999562E-06 4.999999999999999562E-06 4.999999999999999562E-06 4.993803999999999630E-06 4.963707000000000416E-06 4.918905999999999352E-06 4.870108999999999792E-06 4.827802000000000233E-06 4.799313999999999905E-06 4.768256000000000210E-06 4.702054000000000264E-06 9.999999999999999547E-07
9.999999999999999547E-07 9.999999999999999547E-07 9.999999999999999547E-07 9.999999999999999547E-07 9.999999999999999547E-07 4.970376999999999456E-06 4.987034999999999763E-06 4.999999999999999562E-06 4.999999999999999562E-06 4.999999999999999562E-06 4.999999999999999562E-06 4.999999999999999562E-06 4.999999999999999562E-06 4.971559999999999712E-06 4.947774999999999397E-06 4.937121000000000498E-06 4.950523999999999258E-06 4.999999999999999562E-06 9.999999999999999547E-07 9.999999999999999547E-07
9.999999999999999547E-07 9.999999999999999547E-07 9.999999999999999547E-07 9.999999999999999547E-07 9.999999999999999547E-07 4.952744999999999792E-06 4.970946999999999520E-06 4.983667999999999360E-06 4.990318000000000389E-06 4.993474999999999654E-06 4.994535999999999507E-06 4.994777999999999835E-06 4.994758999999999522E-06 4.995168999999999404E-06 4.995519999999999564E-06 4.995301999999999052E-06 4.994049999999999221E-06 9.999999999999999547E-07 9.999999999999999547E-07 9.999999999999999547E-07
9.999999999999999547E-07 9.999999999999999547E-07 9.999999999999999547E-07 9.999999999999999547E-07 9.999999999999999547E-07 4.937633999999999624E-06 4.955517000000000076E-06 4.968588999999999229E-06 4.977188000000000059E-06 4.982489000000000061E-06 4.984993999999999963E-06 4.986640000000000083E-06 4.987551999999999847E-06 4.988038000000000133E-06 4.988043999999999875E-06 4.987274000000000219E-06 9.999999999999999547E-07 9.999999999999999547E-07 9.999999999999999547E-07 9.999999999999999547E-07
