   1.458345E-04    1.458345E-04    1.458345E-04    1.458345E-04    1.458345E-04    1.458345E-04    1.458345E-04    1.458345E-04    1.458345E-04    1.458345E-04    1.458345E-04    1.458345E-04    1.458345E-04    1.458345E-04    1.458345E-04    1.458345E-04    1.458345E-04    1.458345E-04    1.458345E-04    1.458345E-04
   1.458345E-04    1.458345E-04    1.458345E-04    1.458345E-04    1.458345E-04    1.458345E-04    1.458345E-04    1.458345E-04    1.458345E-04    1.458345E-04    1.458345E-04    1.458345E-04    1.458345E-04    1.458345E-04    1.458345E-04    1.458345E-04    1.458345E-04    1.458345E-04    1.458345E-04    1.458345E-04
   1.458345E-04    1.458345E-04    1.458345E-04    1.458345E-04    1.458345E-04    1.458345E-04    1.458345E-04    1.458345E-04    1.458345E-04    1.458345E-04    1.458345E-04    1.458345E-04    1.458345E-04    1.458345E-04    1.458345E-04    1.458345E-04    1.458345E-04    1.458345E-04    1.458345E-04    1.458345E-04
   1.458345E-04    1.458345E-04    1.458345E-04    1.458345E-04    1.458345E-04    1.458345E-04    1.458345E-04    1.458345E-04    1.458345E-04    1.458345E-04    1.458345E-04    1.458345E-04    1.458345E-04    1.458345E-04    1.458345E-04    1.458345E-04    1.458345E-04    1.458345E-04    1.458345E-04    1.458345E-04
   1.458345E-04    1.458345E-04    1.458345E-04    1.458345E-04    1.458345E-04    1.458345E-04    1.458345E-04    1.458345E-04    1.458345E-04    1.458345E-04    1.458345E-04    1.458345E-04    1.458345E-04    1.458345E-04    1.458345E-04    1.458345E-04    1.458345E-04    1.458345E-04    1.458345E-04    1.458345E-04
   1.458345E-04    1.458345E-04    1.458345E-04    1.458345E-04    1.458345E-04    1.458345E-04    1.458345E-04    1.458345E-04    1.458345E-04    1.458345E-04    1.458345E-04    1.458345E-04    1.458345E-04    1.458345E-04    1.458345E-04    1.458345E-04    1.458345E-04    1.458345E-04    1.458345E-04    1.458345E-04
   1.458345E-04    1.458345E-04    1.458345E-04    1.458345E-04    1.458345E-04    1.458345E-04    1.458345E-04    1.458345E-04    1.458345E-04    1.458345E-04    1.458345E-04    1.458345E-04    1.458345E-04    1.458345E-04    1.458345E-04    1.458345E-04    1.458345E-04    1.458345E-04    1.458345E-04    1.458345E-04
   1.458345E-04    1.458345E-04    1.458345E-04    1.458345E-04    1.458345E-04    1.458345E-04    1.458345E-04    1.458345E-04    1.458345E-04    1.458345E-04    1.458345E-04    1.458345E-04    1.458345E-04    1.458345E-04    1.458345E-04    1.458345E-04    1.458345E-04    1.458345E-04    1.458345E-04    1.458345E-04
   1.458345E-04    1.458345E-04    1.458345E-04    1.458345E-04    1.415477E-04    1.415477E-04    1.415477E-04    1.458345E-04    1.458345E-04    1.458345E-04    1.458345E-04    1.458345E-04    1.458345E-04    1.458345E-04    1.458345E-04    1.458345E-04    1.458345E-04    1.458345E-04    1.458345E-04    1.458345E-04
   1.458345E-04    1.458345E-04    1.458345E-04    1.458345E-04    1.415477E-04    1.415477E-04    1.415477E-04    1.415477E-04    1.458345E-04    1.458345E-04    1.458345E-04    1.458345E-04    1.458345E-04    1.458345E-04    1.458345E-04    1.458345E-04    1.458345E-04    1.458345E-04    1.458345E-04    1.458345E-04
   1.458345E-04    1.458345E-04    1.458345E-04    1.458345E-04    1.415477E-04    1.415477E-04    1.415477E-04    1.415477E-04    1.458345E-04    1.458345E-04    1.458345E-04    1.458345E-04    1.458345E-04    1.458345E-04    1.458345E-04    1.458345E-04    1.458345E-04    1.458345E-04    1.458345E-04    1.458345E-04
   1.458345E-04    1.458345E-04    1.458345E-04    1.458345E-04    1.415477E-04    1.415477E-04    1.415477E-04    1.415477E-04    1.458345E-04    1.458345E-04    1.458345E-04    1.458345E-04    1.458345E-04    1.458345E-04    1.458345E-04    1.458345E-04    1.458345E-04    1.458345E-04    1.458345E-04    1.458345E-04
   1.458345E-04    1.458345E-04    1.458345E-04    1.458345E-04    1.415477E-04    1.415477E-04    1.415477E-04    1.415477E-04    1.458345E-04    1.458345E-04    1.458345E-04    1.458345E-04    1.458345E-04    1.458345E-04    1.458345E-04    1.458345E-04    1.458345E-04    1.458345E-04    1.458345E-04    1.458345E-04
   1.458345E-04    1.458345E-04    1.458345E-04    1.458345E-04    1.415477E-04    1.415477E-04    1.415477E-04    1.415477E-04    1.458345E-04    1.458345E-04    1.458345E-04    1.458345E-04    1.458345E-04    1.458345E-04    1.458345E-04    1.458345E-04    1.458345E-04    1.458345E-04    1.458345E-04    1.458345E-04
   1.458345E-04    1.458345E-04    1.458345E-04    1.458345E-04    1.415477E-04    1.415477E-04    1.415477E-04    1.415477E-04    1.458345E-04    1.458345E-04    1.458345E-04    1.458345E-04    1.458345E-04    1.458345E-04    1.458345E-04    1.458345E-04    1.458345E-04    1.458345E-04    1.458345E-04    1.458345E-04
   1.458345E-04    1.458345E-04    1.458345E-04    1.458345E-04    1.415477E-04    1.415477E-04    1.415477E-04    1.415477E-04    1.458345E-04    1.458345E-04    1.458345E-04    1.458345E-04    1.458345E-04    1.458345E-04    1.458345E-04    1.458345E-04    1.458345E-04    1.458345E-04    1.458345E-04    1.458345E-04
   1.458345E-04    1.458345E-04    1.458345E-04    1.458345E-04    1.415477E-04    1.415477E-04    1.415477E-04    1.415477E-04    1.458345E-04    1.458345E-04    1.458345E-04    1.458345E-04    1.458345E-04    1.458345E-04    1.458345E-04    1.458345E-04    1.458345E-04    1.458345E-04    1.458345E-04    1.458345E-04
   1.458345E-04    1.458345E-04    1.458345E-04    1.458345E-04    1.415477E-04    1.415477E-04    1.415477E-04    1.415477E-04    1.458345E-04    1.458345E-04    1.458345E-04    1.458345E-04    1.458345E-04    1.458345E-04    1.458345E-04    1.458345E-04    1.458345E-04    1.458345E-04    1.458345E-04    1.458345E-04
   1.458345E-04    1.458345E-04    1.458345E-04    1.458345E-04    1.415477E-04    1.415477E-04    1.415477E-04    1.415477E-04    1.458345E-04    1.458345E-04    1.458345E-04    1.458345E-04    1.458345E-04    1.458345E-04    1.458345E-04    1.458345E-04    1.458345E-04    1.458345E-04    1.458345E-04    1.458345E-04
   1.458345E-04    1.458345E-04    1.458345E-04    1.458345E-04    1.415477E-04    1.415477E-04    1.415477E-04    1.415477E-04    1.458345E-04    1.458345E-04    1.458345E-04    1.458345E-04    1.458345E-04    1.458345E-04    1.458345E-04    1.458345E-04    1.458345E-04    1.458345E-04    1.458345E-04    1.458345E-04
   1.458345E-04    1.458345E-04    1.458345E-04    1.458345E-04    1.415477E-04    1.415477E-04    1.415477E-04    1.415477E-04    1.458345E-04    1.458345E-04    1.458345E-04    1.458345E-04    1.458345E-04    1.458345E-04    1.458345E-04    1.458345E-04    1.458345E-04    1.458345E-04    1.458345E-04    1.458345E-04
   1.458345E-04    1.458345E-04    1.458345E-04    1.458345E-04    1.415477E-04    1.415477E-04    1.458345E-04    1.458345E-04    1.458345E-04    1.458345E-04    1.458345E-04    1.458345E-04    1.458345E-04    1.458345E-04    1.458345E-04    1.458345E-04    1.458345E-04    1.458345E-04    1.458345E-04    1.458345E-04
   1.458345E-04    1.458345E-04    1.458345E-04    1.458345E-04    1.458345E-04    1.415477E-04    1.458345E-04    1.458345E-04    1.458345E-04    1.458345E-04    1.458345E-04    1.458345E-04    1.458345E-04    1.458345E-04    1.458345E-04    1.458345E-04    1.458345E-04    1.458345E-04    1.458345E-04    1.458345E-04
   1.458345E-04    1.458345E-04    1.458345E-04    1.458345E-04    1.458345E-04    1.458345E-04    1.458345E-04    1.458345E-04    1.458345E-04    1.458345E-04    1.458345E-04    1.458345E-04    1.458345E-04    1.458345E-04    1.458345E-04    1.458345E-04    1.458345E-04    1.458345E-04    1.458345E-04    1.458345E-04
   1.458345E-04    1.458345E-04    1.458345E-04    1.458345E-04    1.458345E-04    1.458345E-04    1.458345E-04    1.458345E-04    1.458345E-04    1.458345E-04    1.458345E-04    1.458345E-04    1.458345E-04    1.458345E-04    1.458345E-04    1.458345E-04    1.458345E-04    1.458345E-04    1.458345E-04    1.458345E-04
   1.458345E-04    1.458345E-04    1.458345E-04    1.458345E-04    1.458345E-04    1.458345E-04    1.458345E-04    1.458345E-04    1.458345E-04    1.458345E-04    1.458345E-04    1.458345E-04    1.458345E-04    1.458345E-04    1.458345E-04    1.458345E-04    1.458345E-04    1.458345E-04    1.458345E-04    1.458345E-04
   1.458345E-04    1.458345E-04    1.458345E-04    1.458345E-04    1.458345E-04    1.458345E-04    1.458345E-04    1.458345E-04    1.458345E-04    1.458345E-04    1.458345E-04    1.458345E-04    1.458345E-04    1.458345E-04    1.458345E-04    1.458345E-04    1.458345E-04    1.458345E-04    1.458345E-04    1.458345E-04
   1.458345E-04    1.458345E-04    1.458345E-04    1.458345E-04    1.458345E-04    1.458345E-04    1.458345E-04    1.458345E-04    1.458345E-04    1.458345E-04    1.458345E-04    1.458345E-04    1.458345E-04    1.458345E-04    1.458345E-04    1.458345E-04    1.458345E-04    1.458345E-04    1.458345E-04    1.458345E-04
   1.458345E-04    1.458345E-04    1.458345E-04    1.458345E-04    1.458345E-04    1.458345E-04    1.458345E-04    1.458345E-04    1.458345E-04    1.458345E-04    1.458345E-04    1.458345E-04    1.458345E-04    1.458345E-04    1.458345E-04    1.458345E-04    1.458345E-04    1.458345E-04    1.458345E-04    1.458345E-04
   1.458345E-04    1.458345E-04    1.458345E-04    1.458345E-04    1.458345E-04    1.458345E-04    1.458345E-04    1.458345E-04    1.458345E-04    1.458345E-04    1.458345E-04    1.458345E-04    1.458345E-04    1.458345E-04    1.458345E-04    1.458345E-04    1.458345E-04    1.458345E-04    1.458345E-04    1.458345E-04
   1.458345E-04    1.458345E-04    1.458345E-04    1.458345E-04    1.458345E-04    1.458345E-04    1.458345E-04    1.458345E-04    1.458345E-04    1.458345E-04    1.458345E-04    1.458345E-04    1.458345E-04    1.458345E-04    1.458345E-04    1.458345E-04    1.458345E-04    1.458345E-04    1.458345E-04    1.458345E-04
   1.458345E-04    1.458345E-04    1.458345E-04    1.458345E-04    1.458345E-04    1.458345E-04    1.458345E-04    1.458345E-04    1.458345E-04    1.458345E-04    1.458345E-04    1.458345E-04    1.458345E-04    1.458345E-04    1.458345E-04    1.458345E-04    1.458345E-04    1.458345E-04    1.458345E-04    1.458345E-04
   1.415477E-04    1.458345E-04    1.458345E-04    1.458345E-04    1.458345E-04    1.458345E-04    1.458345E-04    1.458345E-04    1.458345E-04    1.458345E-04    1.458345E-04    1.458345E-04    1.458345E-04    1.458345E-04    1.458345E-04    1.458345E-04    1.458345E-04    1.458345E-04    1.458345E-04    1.458345E-04
   1.415477E-04    1.415477E-04    1.458345E-04    1.458345E-04    1.458345E-04    1.458345E-04    1.458345E-04    1.458345E-04    1.458345E-04    1.458345E-04    1.458345E-04    1.458345E-04    1.458345E-04    1.458345E-04    1.458345E-04    1.458345E-04    1.458345E-04    1.458345E-04    1.458345E-04    1.458345E-04
   1.415477E-04    1.415477E-04    1.415477E-04    1.458345E-04    1.458345E-04    1.458345E-04    1.458345E-04    1.458345E-04    1.458345E-04    1.458345E-04    1.458345E-04    1.458345E-04    1.458345E-04    1.458345E-04    1.458345E-04    1.458345E-04    1.458345E-04    1.458345E-04    1.458345E-04    1.458345E-04
   1.415477E-04    1.415477E-04    1.415477E-04    1.415477E-04    1.458345E-04    1.458345E-04    1.458345E-04    1.458345E-04    1.458345E-04    1.458345E-04    1.458345E-04    1.458345E-04    1.458345E-04    1.458345E-04    1.458345E-04    1.458345E-04    1.458345E-04    1.458345E-04    1.458345E-04    1.415477E-04
   1.415477E-04    1.415477E-04    1.415477E-04    1.415477E-04    1.458345E-04    1.458345E-04    1.458345E-04    1.458345E-04    1.458345E-04    1.458345E-04    1.458345E-04    1.458345E-04    1.458345E-04    1.458345E-04    1.458345E-04    1.458345E-04    1.458345E-04    1.458345E-04    1.458345E-04    1.415477E-04
   1.415477E-04    1.415477E-04    1.415477E-04    1.415477E-04    1.415477E-04    1.458345E-04    1.458345E-04    1.458345E-04    1.458345E-04    1.458345E-04    1.458345E-04    1.458345E-04    1.458345E-04    1.458345E-04    1.458345E-04    1.458345E-04    1.458345E-04    1.458345E-04    1.415477E-04    1.415477E-04
   1.415477E-04    1.415477E-04    1.415477E-04    1.415477E-04    1.415477E-04    1.458345E-04    1.458345E-04    1.458345E-04    1.458345E-04    1.458345E-04    1.458345E-04    1.458345E-04    1.458345E-04    1.458345E-04    1.458345E-04    1.458345E-04    1.458345E-04    1.415477E-04    1.415477E-04    1.415477E-04
   1.415477E-04    1.415477E-04    1.415477E-04    1.415477E-04    1.415477E-04    1.458345E-04    1.458345E-04    1.458345E-04    1.458345E-04    1.458345E-04    1.458345E-04    1.458345E-04    1.458345E-04    1.458345E-04    1.458345E-04    1.458345E-04    1.415477E-04    1.415477E-04    1.415477E-04    1.415477E-04
