   9.244489E-06    9.244489E-06    9.244489E-06    9.244489E-06    9.244489E-06    9.244489E-06    9.244489E-06    9.244489E-06    9.244489E-06    9.244489E-06    9.244489E-06    9.244489E-06    9.244489E-06    9.244489E-06    9.244489E-06    9.244489E-06    9.244489E-06    9.244489E-06    9.244489E-06    9.244489E-06
   9.244489E-06    9.244489E-06    9.244489E-06    9.244489E-06    9.244489E-06    9.244489E-06    9.244489E-06    9.244489E-06    9.244489E-06    9.244489E-06    9.244489E-06    9.244489E-06    9.244489E-06    9.244489E-06    9.244489E-06    9.244489E-06    9.244489E-06    9.244489E-06    9.244489E-06    9.244489E-06
   9.244489E-06    9.244489E-06    9.244489E-06    9.244489E-06    9.244489E-06    9.244489E-06    9.244489E-06    9.244489E-06    9.244489E-06    9.244489E-06    9.244489E-06    9.244489E-06    9.244489E-06    9.244489E-06    9.244489E-06    9.244489E-06    9.244489E-06    9.244489E-06    9.244489E-06    9.244489E-06
   9.244489E-06    9.244489E-06    9.244489E-06    9.244489E-06    9.244489E-06    9.244489E-06    9.244489E-06    9.244489E-06    9.244489E-06    9.244489E-06    9.244489E-06    9.244489E-06    9.244489E-06    9.244489E-06    9.244489E-06    9.244489E-06    9.244489E-06    9.244489E-06    9.244489E-06    9.244489E-06
   9.244489E-06    9.244489E-06    9.244489E-06    9.244489E-06    9.244489E-06    9.244489E-06    9.244489E-06    9.244489E-06    9.244489E-06    9.244489E-06    9.244489E-06    9.244489E-06    9.244489E-06    9.244489E-06    9.244489E-06    9.244489E-06    9.244489E-06    9.244489E-06    9.244489E-06    9.244489E-06
   9.244489E-06    9.244489E-06    9.244489E-06    9.244489E-06    9.244489E-06    9.244489E-06    9.244489E-06    9.244489E-06    9.244489E-06    9.244489E-06    9.244489E-06    9.244489E-06    9.244489E-06    9.244489E-06    9.244489E-06    9.244489E-06    9.244489E-06    9.244489E-06    9.244489E-06    9.244489E-06
   9.244489E-06    9.244489E-06    9.244489E-06    9.244489E-06    9.244489E-06    9.244489E-06    9.244489E-06    9.244489E-06    9.244489E-06    9.244489E-06    9.244489E-06    9.244489E-06    9.244489E-06    9.244489E-06    9.244489E-06    9.244489E-06    9.244489E-06    9.244489E-06    9.244489E-06    9.244489E-06
   9.244489E-06    9.244489E-06    9.244489E-06    9.244489E-06    9.244489E-06    9.244489E-06    9.244489E-06    9.244489E-06    9.244489E-06    9.244489E-06    9.244489E-06    9.244489E-06    9.244489E-06    9.244489E-06    9.244489E-06    9.244489E-06    9.244489E-06    9.244489E-06    9.244489E-06    9.244489E-06
   9.244489E-06    9.244489E-06    9.244489E-06    9.244489E-06    8.300542E-06    8.300542E-06    8.300542E-06    9.244489E-06    9.244489E-06    9.244489E-06    9.244489E-06    9.244489E-06    9.244489E-06    9.244489E-06    9.244489E-06    9.244489E-06    9.244489E-06    9.244489E-06    9.244489E-06    9.244489E-06
   9.244489E-06    9.244489E-06    9.244489E-06    9.244489E-06    8.300542E-06    8.300542E-06    8.300542E-06    8.300542E-06    9.244489E-06    9.244489E-06    9.244489E-06    9.244489E-06    9.244489E-06    9.244489E-06    9.244489E-06    9.244489E-06    9.244489E-06    9.244489E-06    9.244489E-06    9.244489E-06
   9.244489E-06    9.244489E-06    9.244489E-06    9.244489E-06    8.300542E-06    8.300542E-06    8.300542E-06    8.300542E-06    9.244489E-06    9.244489E-06    9.244489E-06    9.244489E-06    9.244489E-06    9.244489E-06    9.244489E-06    9.244489E-06    9.244489E-06    9.244489E-06    9.244489E-06    9.244489E-06
   9.244489E-06    9.244489E-06    9.244489E-06    9.244489E-06    8.300542E-06    8.300542E-06    8.300542E-06    8.300542E-06    9.244489E-06    9.244489E-06    9.244489E-06    9.244489E-06    9.244489E-06    9.244489E-06    9.244489E-06    9.244489E-06    9.244489E-06    9.244489E-06    9.244489E-06    9.244489E-06
   9.244489E-06    9.244489E-06    9.244489E-06    9.244489E-06    8.300542E-06    8.300542E-06    8.300542E-06    8.300542E-06    9.244489E-06    9.244489E-06    9.244489E-06    9.244489E-06    9.244489E-06    9.244489E-06    9.244489E-06    9.244489E-06    9.244489E-06    9.244489E-06    9.244489E-06    9.244489E-06
   9.244489E-06    9.244489E-06    9.244489E-06    9.244489E-06    8.300542E-06    8.300542E-06    8.300542E-06    8.300542E-06    9.244489E-06    9.244489E-06    9.244489E-06    9.244489E-06    9.244489E-06    9.244489E-06    9.244489E-06    9.244489E-06    9.244489E-06    9.244489E-06    9.244489E-06    9.244489E-06
   9.244489E-06    9.244489E-06    9.244489E-06    9.244489E-06    8.300542E-06    8.300542E-06    8.300542E-06    8.300542E-06    9.244489E-06    9.244489E-06    9.244489E-06    9.244489E-06    9.244489E-06    9.244489E-06    9.244489E-06    9.244489E-06    9.244489E-06    9.244489E-06    9.244489E-06    9.244489E-06
   9.244489E-06    9.244489E-06    9.244489E-06    9.244489E-06    8.300542E-06    8.300542E-06    8.300542E-06    8.300542E-06    9.244489E-06    9.244489E-06    9.244489E-06    9.244489E-06    9.244489E-06    9.244489E-06    9.244489E-06    9.244489E-06    9.244489E-06    9.244489E-06    9.244489E-06    9.244489E-06
   9.244489E-06    9.244489E-06    9.244489E-06    9.244489E-06    8.300542E-06    8.300542E-06    8.300542E-06    8.300542E-06    9.244489E-06    9.244489E-06    9.244489E-06    9.244489E-06    9.244489E-06    9.244489E-06    9.244489E-06    9.244489E-06    9.244489E-06    9.244489E-06    9.244489E-06    9.244489E-06
   9.244489E-06    9.244489E-06    9.244489E-06    9.244489E-06    8.300542E-06    8.300542E-06    8.300542E-06    8.300542E-06    9.244489E-06    9.244489E-06    9.244489E-06    9.244489E-06    9.244489E-06    9.244489E-06    9.244489E-06    9.244489E-06    9.244489E-06    9.244489E-06    9.244489E-06    9.244489E-06
   9.244489E-06    9.244489E-06    9.244489E-06    9.244489E-06    8.300542E-06    8.300542E-06    8.300542E-06    8.300542E-06    9.244489E-06    9.244489E-06    9.244489E-06    9.244489E-06    9.244489E-06    9.244489E-06    9.244489E-06    9.244489E-06    9.244489E-06    9.244489E-06    9.244489E-06    9.244489E-06
   9.244489E-06    9.244489E-06    9.244489E-06    9.244489E-06    8.300542E-06    8.300542E-06    8.300542E-06    8.300542E-06    9.244489E-06    9.244489E-06    9.244489E-06    9.244489E-06    9.244489E-06    9.244489E-06    9.244489E-06    9.244489E-06    9.244489E-06    9.244489E-06    9.244489E-06    9.244489E-06
   9.244489E-06    9.244489E-06    9.244489E-06    9.244489E-06    8.300542E-06    8.300542E-06    8.300542E-06    8.300542E-06    9.244489E-06    9.244489E-06    9.244489E-06    9.244489E-06    9.244489E-06    9.244489E-06    9.244489E-06    9.244489E-06    9.244489E-06    9.244489E-06    9.244489E-06    9.244489E-06
   9.244489E-06    9.244489E-06    9.244489E-06    9.244489E-06    8.300542E-06    8.300542E-06    9.244489E-06    9.244489E-06    9.244489E-06    9.244489E-06    9.244489E-06    9.244489E-06    9.244489E-06    9.244489E-06    9.244489E-06    9.244489E-06    9.244489E-06    9.244489E-06    9.244489E-06    9.244489E-06
   9.244489E-06    9.244489E-06    9.244489E-06    9.244489E-06    9.244489E-06    8.300542E-06    9.244489E-06    9.244489E-06    9.244489E-06    9.244489E-06    9.244489E-06    9.244489E-06    9.244489E-06    9.244489E-06    9.244489E-06    9.244489E-06    9.244489E-06    9.244489E-06    9.244489E-06    9.244489E-06
   9.244489E-06    9.244489E-06    9.244489E-06    9.244489E-06    9.244489E-06    9.244489E-06    9.244489E-06    9.244489E-06    9.244489E-06    9.244489E-06    9.244489E-06    9.244489E-06    9.244489E-06    9.244489E-06    9.244489E-06    9.244489E-06    9.244489E-06    9.244489E-06    9.244489E-06    9.244489E-06
   9.244489E-06    9.244489E-06    9.244489E-06    9.244489E-06    9.244489E-06    9.244489E-06    9.244489E-06    9.244489E-06    9.244489E-06    9.244489E-06    9.244489E-06    9.244489E-06    9.244489E-06    9.244489E-06    9.244489E-06    9.244489E-06    9.244489E-06    9.244489E-06    9.244489E-06    9.244489E-06
   9.244489E-06    9.244489E-06    9.244489E-06    9.244489E-06    9.244489E-06    9.244489E-06    9.244489E-06    9.244489E-06    9.244489E-06    9.244489E-06    9.244489E-06    9.244489E-06    9.244489E-06    9.244489E-06    9.244489E-06    9.244489E-06    9.244489E-06    9.244489E-06    9.244489E-06    9.244489E-06
   9.244489E-06    9.244489E-06    9.244489E-06    9.244489E-06    9.244489E-06    9.244489E-06    9.244489E-06    9.244489E-06    9.244489E-06    9.244489E-06    9.244489E-06    9.244489E-06    9.244489E-06    9.244489E-06    9.244489E-06    9.244489E-06    9.244489E-06    9.244489E-06    9.244489E-06    9.244489E-06
   9.244489E-06    9.244489E-06    9.244489E-06    9.244489E-06    9.244489E-06    9.244489E-06    9.244489E-06    9.244489E-06    9.244489E-06    9.244489E-06    9.244489E-06    9.244489E-06    9.244489E-06    9.244489E-06    9.244489E-06    9.244489E-06    9.244489E-06    9.244489E-06    9.244489E-06    9.244489E-06
   9.244489E-06    9.244489E-06    9.244489E-06    9.244489E-06    9.244489E-06    9.244489E-06    9.244489E-06    9.244489E-06    9.244489E-06    9.244489E-06    9.244489E-06    9.244489E-06    9.244489E-06    9.244489E-06    9.244489E-06    9.244489E-06    9.244489E-06    9.244489E-06    9.244489E-06    9.244489E-06
   9.244489E-06    9.244489E-06    9.244489E-06    9.244489E-06    9.244489E-06    9.244489E-06    9.244489E-06    9.244489E-06    9.244489E-06    9.244489E-06    9.244489E-06    9.244489E-06    9.244489E-06    9.244489E-06    9.244489E-06    9.244489E-06    9.244489E-06    9.244489E-06    9.244489E-06    9.244489E-06
   9.244489E-06    9.244489E-06    9.244489E-06    9.244489E-06    9.244489E-06    9.244489E-06    9.244489E-06    9.244489E-06    9.244489E-06    9.244489E-06    9.244489E-06    9.244489E-06    9.244489E-06    9.244489E-06    9.244489E-06    9.244489E-06    9.244489E-06    9.244489E-06    9.244489E-06    9.244489E-06
   9.244489E-06    9.244489E-06    9.244489E-06    9.244489E-06    9.244489E-06    9.244489E-06    9.244489E-06    9.244489E-06    9.244489E-06    9.244489E-06    9.244489E-06    9.244489E-06    9.244489E-06    9.244489E-06    9.244489E-06    9.244489E-06    9.244489E-06    9.244489E-06    9.244489E-06    9.244489E-06
   8.300542E-06    9.244489E-06    9.244489E-06    9.244489E-06    9.244489E-06    9.244489E-06    9.244489E-06    9.244489E-06    9.244489E-06    9.244489E-06    9.244489E-06    9.244489E-06    9.244489E-06    9.244489E-06    9.244489E-06    9.244489E-06    9.244489E-06    9.244489E-06    9.244489E-06    9.244489E-06
   8.300542E-06    8.300542E-06    9.244489E-06    9.244489E-06    9.244489E-06    9.244489E-06    9.244489E-06    9.244489E-06    9.244489E-06    9.244489E-06    9.244489E-06    9.244489E-06    9.244489E-06    9.244489E-06    9.244489E-06    9.244489E-06    9.244489E-06    9.244489E-06    9.244489E-06    9.244489E-06
   8.300542E-06    8.300542E-06    8.300542E-06    9.244489E-06    9.244489E-06    9.244489E-06    9.244489E-06    9.244489E-06    9.244489E-06    9.244489E-06    9.244489E-06    9.244489E-06    9.244489E-06    9.244489E-06    9.244489E-06    9.244489E-06    9.244489E-06    9.244489E-06    9.244489E-06    9.244489E-06
   8.300542E-06    8.300542E-06    8.300542E-06    8.300542E-06    9.244489E-06    9.244489E-06    9.244489E-06    9.244489E-06    9.244489E-06    9.244489E-06    9.244489E-06    9.244489E-06    9.244489E-06    9.244489E-06    9.244489E-06    9.244489E-06    9.244489E-06    9.244489E-06    9.244489E-06    8.300542E-06
   8.300542E-06    8.300542E-06    8.300542E-06    8.300542E-06    9.244489E-06    9.244489E-06    9.244489E-06    9.244489E-06    9.244489E-06    9.244489E-06    9.244489E-06    9.244489E-06    9.244489E-06    9.244489E-06    9.244489E-06    9.244489E-06    9.244489E-06    9.244489E-06    9.244489E-06    8.300542E-06
   8.300542E-06    8.300542E-06    8.300542E-06    8.300542E-06    8.300542E-06    9.244489E-06    9.244489E-06    9.244489E-06    9.244489E-06    9.244489E-06    9.244489E-06    9.244489E-06    9.244489E-06    9.244489E-06    9.244489E-06    9.244489E-06    9.244489E-06    9.244489E-06    8.300542E-06    8.300542E-06
   8.300542E-06    8.300542E-06    8.300542E-06    8.300542E-06    8.300542E-06    9.244489E-06    9.244489E-06    9.244489E-06    9.244489E-06    9.244489E-06    9.244489E-06    9.244489E-06    9.244489E-06    9.244489E-06    9.244489E-06    9.244489E-06    9.244489E-06    8.300542E-06    8.300542E-06    8.300542E-06
   8.300542E-06    8.300542E-06    8.300542E-06    8.300542E-06    8.300542E-06    9.244489E-06    9.244489E-06    9.244489E-06    9.244489E-06    9.244489E-06    9.244489E-06    9.244489E-06    9.244489E-06    9.244489E-06    9.244489E-06    9.244489E-06    8.300542E-06    8.300542E-06    8.300542E-06    8.300542E-06
