   1.228912E-04    1.228912E-04    1.228912E-04    1.228912E-04    1.228912E-04    1.228912E-04    1.228912E-04    1.228912E-04    1.228912E-04    1.228912E-04    1.228912E-04    1.228912E-04    1.228912E-04    1.228912E-04    1.228912E-04    1.228912E-04    1.228912E-04    1.228912E-04    1.228912E-04    1.228912E-04
   1.228912E-04    1.228912E-04    1.228912E-04    1.228912E-04    1.228912E-04    1.228912E-04    1.228912E-04    1.228912E-04    1.228912E-04    1.228912E-04    1.228912E-04    1.228912E-04    1.228912E-04    1.228912E-04    1.228912E-04    1.228912E-04    1.228912E-04    1.228912E-04    1.228912E-04    1.228912E-04
   1.228912E-04    1.228912E-04    1.228912E-04    1.228912E-04    1.228912E-04    1.228912E-04    1.228912E-04    1.228912E-04    1.228912E-04    1.228912E-04    1.228912E-04    1.228912E-04    1.228912E-04    1.228912E-04    1.228912E-04    1.228912E-04    1.228912E-04    1.228912E-04    1.228912E-04    1.228912E-04
   1.228912E-04    1.228912E-04    1.228912E-04    1.228912E-04    1.228912E-04    1.228912E-04    1.228912E-04    1.228912E-04    1.228912E-04    1.228912E-04    1.228912E-04    1.228912E-04    1.228912E-04    1.228912E-04    1.228912E-04    1.228912E-04    1.228912E-04    1.228912E-04    1.228912E-04    1.228912E-04
   1.228912E-04    1.228912E-04    1.228912E-04    1.228912E-04    1.228912E-04    1.228912E-04    1.228912E-04    1.228912E-04    1.228912E-04    1.228912E-04    1.228912E-04    1.228912E-04    1.228912E-04    1.228912E-04    1.228912E-04    1.228912E-04    1.228912E-04    1.228912E-04    1.228912E-04    1.228912E-04
   1.228912E-04    1.228912E-04    1.228912E-04    1.228912E-04    1.228912E-04    1.228912E-04    1.228912E-04    1.228912E-04    1.228912E-04    1.228912E-04    1.228912E-04    1.228912E-04    1.228912E-04    1.228912E-04    1.228912E-04    1.228912E-04    1.228912E-04    1.228912E-04    1.228912E-04    1.228912E-04
   1.228912E-04    1.228912E-04    1.228912E-04    1.228912E-04    1.228912E-04    1.228912E-04    1.228912E-04    1.228912E-04    1.228912E-04    1.228912E-04    1.228912E-04    1.228912E-04    1.228912E-04    1.228912E-04    1.228912E-04    1.228912E-04    1.228912E-04    1.228912E-04    1.228912E-04    1.228912E-04
   1.228912E-04    1.228912E-04    1.228912E-04    1.228912E-04    1.228912E-04    1.228912E-04    1.228912E-04    1.228912E-04    1.228912E-04    1.228912E-04    1.228912E-04    1.228912E-04    1.228912E-04    1.228912E-04    1.228912E-04    1.228912E-04    1.228912E-04    1.228912E-04    1.228912E-04    1.228912E-04
   1.228912E-04    1.228912E-04    1.228912E-04    1.228912E-04    1.293269E-04    1.293269E-04    1.293269E-04    1.228912E-04    1.228912E-04    1.228912E-04    1.228912E-04    1.228912E-04    1.228912E-04    1.228912E-04    1.228912E-04    1.228912E-04    1.228912E-04    1.228912E-04    1.228912E-04    1.228912E-04
   1.228912E-04    1.228912E-04    1.228912E-04    1.228912E-04    1.293269E-04    1.293269E-04    1.293269E-04    1.293269E-04    1.228912E-04    1.228912E-04    1.228912E-04    1.228912E-04    1.228912E-04    1.228912E-04    1.228912E-04    1.228912E-04    1.228912E-04    1.228912E-04    1.228912E-04    1.228912E-04
   1.228912E-04    1.228912E-04    1.228912E-04    1.228912E-04    1.293269E-04    1.293269E-04    1.293269E-04    1.293269E-04    1.228912E-04    1.228912E-04    1.228912E-04    1.228912E-04    1.228912E-04    1.228912E-04    1.228912E-04    1.228912E-04    1.228912E-04    1.228912E-04    1.228912E-04    1.228912E-04
   1.228912E-04    1.228912E-04    1.228912E-04    1.228912E-04    1.293269E-04    1.293269E-04    1.293269E-04    1.293269E-04    1.228912E-04    1.228912E-04    1.228912E-04    1.228912E-04    1.228912E-04    1.228912E-04    1.228912E-04    1.228912E-04    1.228912E-04    1.228912E-04    1.228912E-04    1.228912E-04
   1.228912E-04    1.228912E-04    1.228912E-04    1.228912E-04    1.293269E-04    1.293269E-04    1.293269E-04    1.293269E-04    1.228912E-04    1.228912E-04    1.228912E-04    1.228912E-04    1.228912E-04    1.228912E-04    1.228912E-04    1.228912E-04    1.228912E-04    1.228912E-04    1.228912E-04    1.228912E-04
   1.228912E-04    1.228912E-04    1.228912E-04    1.228912E-04    1.293269E-04    1.293269E-04    1.293269E-04    1.293269E-04    1.228912E-04    1.228912E-04    1.228912E-04    1.228912E-04    1.228912E-04    1.228912E-04    1.228912E-04    1.228912E-04    1.228912E-04    1.228912E-04    1.228912E-04    1.228912E-04
   1.228912E-04    1.228912E-04    1.228912E-04    1.228912E-04    1.293269E-04    1.293269E-04    1.293269E-04    1.293269E-04    1.228912E-04    1.228912E-04    1.228912E-04    1.228912E-04    1.228912E-04    1.228912E-04    1.228912E-04    1.228912E-04    1.228912E-04    1.228912E-04    1.228912E-04    1.228912E-04
   1.228912E-04    1.228912E-04    1.228912E-04    1.228912E-04    1.293269E-04    1.293269E-04    1.293269E-04    1.293269E-04    1.228912E-04    1.228912E-04    1.228912E-04    1.228912E-04    1.228912E-04    1.228912E-04    1.228912E-04    1.228912E-04    1.228912E-04    1.228912E-04    1.228912E-04    1.228912E-04
   1.228912E-04    1.228912E-04    1.228912E-04    1.228912E-04    1.293269E-04    1.293269E-04    1.293269E-04    1.293269E-04    1.228912E-04    1.228912E-04    1.228912E-04    1.228912E-04    1.228912E-04    1.228912E-04    1.228912E-04    1.228912E-04    1.228912E-04    1.228912E-04    1.228912E-04    1.228912E-04
   1.228912E-04    1.228912E-04    1.228912E-04    1.228912E-04    1.293269E-04    1.293269E-04    1.293269E-04    1.293269E-04    1.228912E-04    1.228912E-04    1.228912E-04    1.228912E-04    1.228912E-04    1.228912E-04    1.228912E-04    1.228912E-04    1.228912E-04    1.228912E-04    1.228912E-04    1.228912E-04
   1.228912E-04    1.228912E-04    1.228912E-04    1.228912E-04    1.293269E-04    1.293269E-04    1.293269E-04    1.293269E-04    1.228912E-04    1.228912E-04    1.228912E-04    1.228912E-04    1.228912E-04    1.228912E-04    1.228912E-04    1.228912E-04    1.228912E-04    1.228912E-04    1.228912E-04    1.228912E-04
   1.228912E-04    1.228912E-04    1.228912E-04    1.228912E-04    1.293269E-04    1.293269E-04    1.293269E-04    1.293269E-04    1.228912E-04    1.228912E-04    1.228912E-04    1.228912E-04    1.228912E-04    1.228912E-04    1.228912E-04    1.228912E-04    1.228912E-04    1.228912E-04    1.228912E-04    1.228912E-04
   1.228912E-04    1.228912E-04    1.228912E-04    1.228912E-04    1.293269E-04    1.293269E-04    1.293269E-04    1.293269E-04    1.228912E-04    1.228912E-04    1.228912E-04    1.228912E-04    1.228912E-04    1.228912E-04    1.228912E-04    1.228912E-04    1.228912E-04    1.228912E-04    1.228912E-04    1.228912E-04
   1.228912E-04    1.228912E-04    1.228912E-04    1.228912E-04    1.293269E-04    1.293269E-04    1.228912E-04    1.228912E-04    1.228912E-04    1.228912E-04    1.228912E-04    1.228912E-04    1.228912E-04    1.228912E-04    1.228912E-04    1.228912E-04    1.228912E-04    1.228912E-04    1.228912E-04    1.228912E-04
   1.228912E-04    1.228912E-04    1.228912E-04    1.228912E-04    1.228912E-04    1.293269E-04    1.228912E-04    1.228912E-04    1.228912E-04    1.228912E-04    1.228912E-04    1.228912E-04    1.228912E-04    1.228912E-04    1.228912E-04    1.228912E-04    1.228912E-04    1.228912E-04    1.228912E-04    1.228912E-04
   1.228912E-04    1.228912E-04    1.228912E-04    1.228912E-04    1.228912E-04    1.228912E-04    1.228912E-04    1.228912E-04    1.228912E-04    1.228912E-04    1.228912E-04    1.228912E-04    1.228912E-04    1.228912E-04    1.228912E-04    1.228912E-04    1.228912E-04    1.228912E-04    1.228912E-04    1.228912E-04
   1.228912E-04    1.228912E-04    1.228912E-04    1.228912E-04    1.228912E-04    1.228912E-04    1.228912E-04    1.228912E-04    1.228912E-04    1.228912E-04    1.228912E-04    1.228912E-04    1.228912E-04    1.228912E-04    1.228912E-04    1.228912E-04    1.228912E-04    1.228912E-04    1.228912E-04    1.228912E-04
   1.228912E-04    1.228912E-04    1.228912E-04    1.228912E-04    1.228912E-04    1.228912E-04    1.228912E-04    1.228912E-04    1.228912E-04    1.228912E-04    1.228912E-04    1.228912E-04    1.228912E-04    1.228912E-04    1.228912E-04    1.228912E-04    1.228912E-04    1.228912E-04    1.228912E-04    1.228912E-04
   1.228912E-04    1.228912E-04    1.228912E-04    1.228912E-04    1.228912E-04    1.228912E-04    1.228912E-04    1.228912E-04    1.228912E-04    1.228912E-04    1.228912E-04    1.228912E-04    1.228912E-04    1.228912E-04    1.228912E-04    1.228912E-04    1.228912E-04    1.228912E-04    1.228912E-04    1.228912E-04
   1.228912E-04    1.228912E-04    1.228912E-04    1.228912E-04    1.228912E-04    1.228912E-04    1.228912E-04    1.228912E-04    1.228912E-04    1.228912E-04    1.228912E-04    1.228912E-04    1.228912E-04    1.228912E-04    1.228912E-04    1.228912E-04    1.228912E-04    1.228912E-04    1.228912E-04    1.228912E-04
   1.228912E-04    1.228912E-04    1.228912E-04    1.228912E-04    1.228912E-04    1.228912E-04    1.228912E-04    1.228912E-04    1.228912E-04    1.228912E-04    1.228912E-04    1.228912E-04    1.228912E-04    1.228912E-04    1.228912E-04    1.228912E-04    1.228912E-04    1.228912E-04    1.228912E-04    1.228912E-04
   1.228912E-04    1.228912E-04    1.228912E-04    1.228912E-04    1.228912E-04    1.228912E-04    1.228912E-04    1.228912E-04    1.228912E-04    1.228912E-04    1.228912E-04    1.228912E-04    1.228912E-04    1.228912E-04    1.228912E-04    1.228912E-04    1.228912E-04    1.228912E-04    1.228912E-04    1.228912E-04
   1.228912E-04    1.228912E-04    1.228912E-04    1.228912E-04    1.228912E-04    1.228912E-04    1.228912E-04    1.228912E-04    1.228912E-04    1.228912E-04    1.228912E-04    1.228912E-04    1.228912E-04    1.228912E-04    1.228912E-04    1.228912E-04    1.228912E-04    1.228912E-04    1.228912E-04    1.228912E-04
   1.228912E-04    1.228912E-04    1.228912E-04    1.228912E-04    1.228912E-04    1.228912E-04    1.228912E-04    1.228912E-04    1.228912E-04    1.228912E-04    1.228912E-04    1.228912E-04    1.228912E-04    1.228912E-04    1.228912E-04    1.228912E-04    1.228912E-04    1.228912E-04    1.228912E-04    1.228912E-04
   1.293269E-04    1.228912E-04    1.228912E-04    1.228912E-04    1.228912E-04    1.228912E-04    1.228912E-04    1.228912E-04    1.228912E-04    1.228912E-04    1.228912E-04    1.228912E-04    1.228912E-04    1.228912E-04    1.228912E-04    1.228912E-04    1.228912E-04    1.228912E-04    1.228912E-04    1.228912E-04
   1.293269E-04    1.293269E-04    1.228912E-04    1.228912E-04    1.228912E-04    1.228912E-04    1.228912E-04    1.228912E-04    1.228912E-04    1.228912E-04    1.228912E-04    1.228912E-04    1.228912E-04    1.228912E-04    1.228912E-04    1.228912E-04    1.228912E-04    1.228912E-04    1.228912E-04    1.228912E-04
   1.293269E-04    1.293269E-04    1.293269E-04    1.228912E-04    1.228912E-04    1.228912E-04    1.228912E-04    1.228912E-04    1.228912E-04    1.228912E-04    1.228912E-04    1.228912E-04    1.228912E-04    1.228912E-04    1.228912E-04    1.228912E-04    1.228912E-04    1.228912E-04    1.228912E-04    1.228912E-04
   1.293269E-04    1.293269E-04    1.293269E-04    1.293269E-04    1.228912E-04    1.228912E-04    1.228912E-04    1.228912E-04    1.228912E-04    1.228912E-04    1.228912E-04    1.228912E-04    1.228912E-04    1.228912E-04    1.228912E-04    1.228912E-04    1.228912E-04    1.228912E-04    1.228912E-04    1.293269E-04
   1.293269E-04    1.293269E-04    1.293269E-04    1.293269E-04    1.228912E-04    1.228912E-04    1.228912E-04    1.228912E-04    1.228912E-04    1.228912E-04    1.228912E-04    1.228912E-04    1.228912E-04    1.228912E-04    1.228912E-04    1.228912E-04    1.228912E-04    1.228912E-04    1.228912E-04    1.293269E-04
   1.293269E-04    1.293269E-04    1.293269E-04    1.293269E-04    1.293269E-04    1.228912E-04    1.228912E-04    1.228912E-04    1.228912E-04    1.228912E-04    1.228912E-04    1.228912E-04    1.228912E-04    1.228912E-04    1.228912E-04    1.228912E-04    1.228912E-04    1.228912E-04    1.293269E-04    1.293269E-04
   1.293269E-04    1.293269E-04    1.293269E-04    1.293269E-04    1.293269E-04    1.228912E-04    1.228912E-04    1.228912E-04    1.228912E-04    1.228912E-04    1.228912E-04    1.228912E-04    1.228912E-04    1.228912E-04    1.228912E-04    1.228912E-04    1.228912E-04    1.293269E-04    1.293269E-04    1.293269E-04
   1.293269E-04    1.293269E-04    1.293269E-04    1.293269E-04    1.293269E-04    1.228912E-04    1.228912E-04    1.228912E-04    1.228912E-04    1.228912E-04    1.228912E-04    1.228912E-04    1.228912E-04    1.228912E-04    1.228912E-04    1.228912E-04    1.293269E-04    1.293269E-04    1.293269E-04    1.293269E-04
