   1.476365E-04    1.476365E-04    1.476365E-04    1.476365E-04    1.476365E-04    1.476365E-04    1.476365E-04    1.476365E-04    1.476365E-04    1.476365E-04    1.476365E-04    1.476365E-04    1.476365E-04    1.476365E-04    1.476365E-04    1.476365E-04    1.476365E-04    1.476365E-04    1.476365E-04    1.476365E-04
   1.476365E-04    1.476365E-04    1.476365E-04    1.476365E-04    1.476365E-04    1.476365E-04    1.476365E-04    1.476365E-04    1.476365E-04    1.476365E-04    1.476365E-04    1.476365E-04    1.476365E-04    1.476365E-04    1.476365E-04    1.476365E-04    1.476365E-04    1.476365E-04    1.476365E-04    1.476365E-04
   1.476365E-04    1.476365E-04    1.476365E-04    1.476365E-04    1.476365E-04    1.476365E-04    1.476365E-04    1.476365E-04    1.476365E-04    1.476365E-04    1.476365E-04    1.476365E-04    1.476365E-04    1.476365E-04    1.476365E-04    1.476365E-04    1.476365E-04    1.476365E-04    1.476365E-04    1.476365E-04
   1.476365E-04    1.476365E-04    1.476365E-04    1.476365E-04    1.476365E-04    1.476365E-04    1.476365E-04    1.476365E-04    1.476365E-04    1.476365E-04    1.476365E-04    1.476365E-04    1.476365E-04    1.476365E-04    1.476365E-04    1.476365E-04    1.476365E-04    1.476365E-04    1.476365E-04    1.476365E-04
   1.476365E-04    1.476365E-04    1.476365E-04    1.476365E-04    1.476365E-04    1.476365E-04    1.476365E-04    1.476365E-04    1.476365E-04    1.476365E-04    1.476365E-04    1.476365E-04    1.476365E-04    1.476365E-04    1.476365E-04    1.476365E-04    1.476365E-04    1.476365E-04    1.476365E-04    1.476365E-04
   1.476365E-04    1.476365E-04    1.476365E-04    1.476365E-04    1.476365E-04    1.476365E-04    1.476365E-04    1.476365E-04    1.476365E-04    1.476365E-04    1.476365E-04    1.476365E-04    1.476365E-04    1.476365E-04    1.476365E-04    1.476365E-04    1.476365E-04    1.476365E-04    1.476365E-04    1.476365E-04
   1.476365E-04    1.476365E-04    1.476365E-04    1.476365E-04    1.476365E-04    1.476365E-04    1.476365E-04    1.476365E-04    1.476365E-04    1.476365E-04    1.476365E-04    1.476365E-04    1.476365E-04    1.476365E-04    1.476365E-04    1.476365E-04    1.476365E-04    1.476365E-04    1.476365E-04    1.476365E-04
   1.476365E-04    1.476365E-04    1.476365E-04    1.476365E-04    1.476365E-04    1.476365E-04    1.476365E-04    1.476365E-04    1.476365E-04    1.476365E-04    1.476365E-04    1.476365E-04    1.476365E-04    1.476365E-04    1.476365E-04    1.476365E-04    1.476365E-04    1.476365E-04    1.476365E-04    1.476365E-04
   1.476365E-04    1.476365E-04    1.476365E-04    1.476365E-04    1.289380E-04    1.289380E-04    1.289380E-04    1.476365E-04    1.476365E-04    1.476365E-04    1.476365E-04    1.476365E-04    1.476365E-04    1.476365E-04    1.476365E-04    1.476365E-04    1.476365E-04    1.476365E-04    1.476365E-04    1.476365E-04
   1.476365E-04    1.476365E-04    1.476365E-04    1.476365E-04    1.289380E-04    1.289380E-04    1.289380E-04    1.289380E-04    1.476365E-04    1.476365E-04    1.476365E-04    1.476365E-04    1.476365E-04    1.476365E-04    1.476365E-04    1.476365E-04    1.476365E-04    1.476365E-04    1.476365E-04    1.476365E-04
   1.476365E-04    1.476365E-04    1.476365E-04    1.476365E-04    1.289380E-04    1.289380E-04    1.289380E-04    1.289380E-04    1.476365E-04    1.476365E-04    1.476365E-04    1.476365E-04    1.476365E-04    1.476365E-04    1.476365E-04    1.476365E-04    1.476365E-04    1.476365E-04    1.476365E-04    1.476365E-04
   1.476365E-04    1.476365E-04    1.476365E-04    1.476365E-04    1.289380E-04    1.289380E-04    1.289380E-04    1.289380E-04    1.476365E-04    1.476365E-04    1.476365E-04    1.476365E-04    1.476365E-04    1.476365E-04    1.476365E-04    1.476365E-04    1.476365E-04    1.476365E-04    1.476365E-04    1.476365E-04
   1.476365E-04    1.476365E-04    1.476365E-04    1.476365E-04    1.289380E-04    1.289380E-04    1.289380E-04    1.289380E-04    1.476365E-04    1.476365E-04    1.476365E-04    1.476365E-04    1.476365E-04    1.476365E-04    1.476365E-04    1.476365E-04    1.476365E-04    1.476365E-04    1.476365E-04    1.476365E-04
   1.476365E-04    1.476365E-04    1.476365E-04    1.476365E-04    1.289380E-04    1.289380E-04    1.289380E-04    1.289380E-04    1.476365E-04    1.476365E-04    1.476365E-04    1.476365E-04    1.476365E-04    1.476365E-04    1.476365E-04    1.476365E-04    1.476365E-04    1.476365E-04    1.476365E-04    1.476365E-04
   1.476365E-04    1.476365E-04    1.476365E-04    1.476365E-04    1.289380E-04    1.289380E-04    1.289380E-04    1.289380E-04    1.476365E-04    1.476365E-04    1.476365E-04    1.476365E-04    1.476365E-04    1.476365E-04    1.476365E-04    1.476365E-04    1.476365E-04    1.476365E-04    1.476365E-04    1.476365E-04
   1.476365E-04    1.476365E-04    1.476365E-04    1.476365E-04    1.289380E-04    1.289380E-04    1.289380E-04    1.289380E-04    1.476365E-04    1.476365E-04    1.476365E-04    1.476365E-04    1.476365E-04    1.476365E-04    1.476365E-04    1.476365E-04    1.476365E-04    1.476365E-04    1.476365E-04    1.476365E-04
   1.476365E-04    1.476365E-04    1.476365E-04    1.476365E-04    1.289380E-04    1.289380E-04    1.289380E-04    1.289380E-04    1.476365E-04    1.476365E-04    1.476365E-04    1.476365E-04    1.476365E-04    1.476365E-04    1.476365E-04    1.476365E-04    1.476365E-04    1.476365E-04    1.476365E-04    1.476365E-04
   1.476365E-04    1.476365E-04    1.476365E-04    1.476365E-04    1.289380E-04    1.289380E-04    1.289380E-04    1.289380E-04    1.476365E-04    1.476365E-04    1.476365E-04    1.476365E-04    1.476365E-04    1.476365E-04    1.476365E-04    1.476365E-04    1.476365E-04    1.476365E-04    1.476365E-04    1.476365E-04
   1.476365E-04    1.476365E-04    1.476365E-04    1.476365E-04    1.289380E-04    1.289380E-04    1.289380E-04    1.289380E-04    1.476365E-04    1.476365E-04    1.476365E-04    1.476365E-04    1.476365E-04    1.476365E-04    1.476365E-04    1.476365E-04    1.476365E-04    1.476365E-04    1.476365E-04    1.476365E-04
   1.476365E-04    1.476365E-04    1.476365E-04    1.476365E-04    1.289380E-04    1.289380E-04    1.289380E-04    1.289380E-04    1.476365E-04    1.476365E-04    1.476365E-04    1.476365E-04    1.476365E-04    1.476365E-04    1.476365E-04    1.476365E-04    1.476365E-04    1.476365E-04    1.476365E-04    1.476365E-04
   1.476365E-04    1.476365E-04    1.476365E-04    1.476365E-04    1.289380E-04    1.289380E-04    1.289380E-04    1.289380E-04    1.476365E-04    1.476365E-04    1.476365E-04    1.476365E-04    1.476365E-04    1.476365E-04    1.476365E-04    1.476365E-04    1.476365E-04    1.476365E-04    1.476365E-04    1.476365E-04
   1.476365E-04    1.476365E-04    1.476365E-04    1.476365E-04    1.289380E-04    1.289380E-04    1.476365E-04    1.476365E-04    1.476365E-04    1.476365E-04    1.476365E-04    1.476365E-04    1.476365E-04    1.476365E-04    1.476365E-04    1.476365E-04    1.476365E-04    1.476365E-04    1.476365E-04    1.476365E-04
   1.476365E-04    1.476365E-04    1.476365E-04    1.476365E-04    1.476365E-04    1.289380E-04    1.476365E-04    1.476365E-04    1.476365E-04    1.476365E-04    1.476365E-04    1.476365E-04    1.476365E-04    1.476365E-04    1.476365E-04    1.476365E-04    1.476365E-04    1.476365E-04    1.476365E-04    1.476365E-04
   1.476365E-04    1.476365E-04    1.476365E-04    1.476365E-04    1.476365E-04    1.476365E-04    1.476365E-04    1.476365E-04    1.476365E-04    1.476365E-04    1.476365E-04    1.476365E-04    1.476365E-04    1.476365E-04    1.476365E-04    1.476365E-04    1.476365E-04    1.476365E-04    1.476365E-04    1.476365E-04
   1.476365E-04    1.476365E-04    1.476365E-04    1.476365E-04    1.476365E-04    1.476365E-04    1.476365E-04    1.476365E-04    1.476365E-04    1.476365E-04    1.476365E-04    1.476365E-04    1.476365E-04    1.476365E-04    1.476365E-04    1.476365E-04    1.476365E-04    1.476365E-04    1.476365E-04    1.476365E-04
   1.476365E-04    1.476365E-04    1.476365E-04    1.476365E-04    1.476365E-04    1.476365E-04    1.476365E-04    1.476365E-04    1.476365E-04    1.476365E-04    1.476365E-04    1.476365E-04    1.476365E-04    1.476365E-04    1.476365E-04    1.476365E-04    1.476365E-04    1.476365E-04    1.476365E-04    1.476365E-04
   1.476365E-04    1.476365E-04    1.476365E-04    1.476365E-04    1.476365E-04    1.476365E-04    1.476365E-04    1.476365E-04    1.476365E-04    1.476365E-04    1.476365E-04    1.476365E-04    1.476365E-04    1.476365E-04    1.476365E-04    1.476365E-04    1.476365E-04    1.476365E-04    1.476365E-04    1.476365E-04
   1.476365E-04    1.476365E-04    1.476365E-04    1.476365E-04    1.476365E-04    1.476365E-04    1.476365E-04    1.476365E-04    1.476365E-04    1.476365E-04    1.476365E-04    1.476365E-04    1.476365E-04    1.476365E-04    1.476365E-04    1.476365E-04    1.476365E-04    1.476365E-04    1.476365E-04    1.476365E-04
   1.476365E-04    1.476365E-04    1.476365E-04    1.476365E-04    1.476365E-04    1.476365E-04    1.476365E-04    1.476365E-04    1.476365E-04    1.476365E-04    1.476365E-04    1.476365E-04    1.476365E-04    1.476365E-04    1.476365E-04    1.476365E-04    1.476365E-04    1.476365E-04    1.476365E-04    1.476365E-04
   1.476365E-04    1.476365E-04    1.476365E-04    1.476365E-04    1.476365E-04    1.476365E-04    1.476365E-04    1.476365E-04    1.476365E-04    1.476365E-04    1.476365E-04    1.476365E-04    1.476365E-04    1.476365E-04    1.476365E-04    1.476365E-04    1.476365E-04    1.476365E-04    1.476365E-04    1.476365E-04
   1.476365E-04    1.476365E-04    1.476365E-04    1.476365E-04    1.476365E-04    1.476365E-04    1.476365E-04    1.476365E-04    1.476365E-04    1.476365E-04    1.476365E-04    1.476365E-04    1.476365E-04    1.476365E-04    1.476365E-04    1.476365E-04    1.476365E-04    1.476365E-04    1.476365E-04    1.476365E-04
   1.476365E-04    1.476365E-04    1.476365E-04    1.476365E-04    1.476365E-04    1.476365E-04    1.476365E-04    1.476365E-04    1.476365E-04    1.476365E-04    1.476365E-04    1.476365E-04    1.476365E-04    1.476365E-04    1.476365E-04    1.476365E-04    1.476365E-04    1.476365E-04    1.476365E-04    1.476365E-04
   1.289380E-04    1.476365E-04    1.476365E-04    1.476365E-04    1.476365E-04    1.476365E-04    1.476365E-04    1.476365E-04    1.476365E-04    1.476365E-04    1.476365E-04    1.476365E-04    1.476365E-04    1.476365E-04    1.476365E-04    1.476365E-04    1.476365E-04    1.476365E-04    1.476365E-04    1.476365E-04
   1.289380E-04    1.289380E-04    1.476365E-04    1.476365E-04    1.476365E-04    1.476365E-04    1.476365E-04    1.476365E-04    1.476365E-04    1.476365E-04    1.476365E-04    1.476365E-04    1.476365E-04    1.476365E-04    1.476365E-04    1.476365E-04    1.476365E-04    1.476365E-04    1.476365E-04    1.476365E-04
   1.289380E-04    1.289380E-04    1.289380E-04    1.476365E-04    1.476365E-04    1.476365E-04    1.476365E-04    1.476365E-04    1.476365E-04    1.476365E-04    1.476365E-04    1.476365E-04    1.476365E-04    1.476365E-04    1.476365E-04    1.476365E-04    1.476365E-04    1.476365E-04    1.476365E-04    1.476365E-04
   1.289380E-04    1.289380E-04    1.289380E-04    1.289380E-04    1.476365E-04    1.476365E-04    1.476365E-04    1.476365E-04    1.476365E-04    1.476365E-04    1.476365E-04    1.476365E-04    1.476365E-04    1.476365E-04    1.476365E-04    1.476365E-04    1.476365E-04    1.476365E-04    1.476365E-04    1.289380E-04
   1.289380E-04    1.289380E-04    1.289380E-04    1.289380E-04    1.476365E-04    1.476365E-04    1.476365E-04    1.476365E-04    1.476365E-04    1.476365E-04    1.476365E-04    1.476365E-04    1.476365E-04    1.476365E-04    1.476365E-04    1.476365E-04    1.476365E-04    1.476365E-04    1.476365E-04    1.289380E-04
   1.289380E-04    1.289380E-04    1.289380E-04    1.289380E-04    1.289380E-04    1.476365E-04    1.476365E-04    1.476365E-04    1.476365E-04    1.476365E-04    1.476365E-04    1.476365E-04    1.476365E-04    1.476365E-04    1.476365E-04    1.476365E-04    1.476365E-04    1.476365E-04    1.289380E-04    1.289380E-04
   1.289380E-04    1.289380E-04    1.289380E-04    1.289380E-04    1.289380E-04    1.476365E-04    1.476365E-04    1.476365E-04    1.476365E-04    1.476365E-04    1.476365E-04    1.476365E-04    1.476365E-04    1.476365E-04    1.476365E-04    1.476365E-04    1.476365E-04    1.289380E-04    1.289380E-04    1.289380E-04
   1.289380E-04    1.289380E-04    1.289380E-04    1.289380E-04    1.289380E-04    1.476365E-04    1.476365E-04    1.476365E-04    1.476365E-04    1.476365E-04    1.476365E-04    1.476365E-04    1.476365E-04    1.476365E-04    1.476365E-04    1.476365E-04    1.289380E-04    1.289380E-04    1.289380E-04    1.289380E-04
