   4.807489E-02   6.360446E-02   6.824705E-02   5.282605E-02   7.658673E-02   9.848981E-02   9.301045E-02   8.886877E-02   1.155968E-01   8.718467E-02   1.283180E-01   1.955406E-01   1.093800E-01   1.328491E-01   1.093430E-01   8.339774E-02   8.875467E-02   8.839152E-02   5.213489E-02   3.545251E-02
   5.099981E-02   5.320686E-02   6.558270E-02   6.662559E-02   7.879056E-02   7.998886E-02   5.178208E-02   6.871461E-02   1.056538E-01   7.484046E-02   9.580905E-02   1.624722E-01   1.176654E-01   1.027825E-01   1.012417E-01   6.516348E-02   8.447988E-02   1.033791E-01   7.426421E-02   6.157105E-02
   4.978895E-02   4.234706E-02   5.689796E-02   6.020161E-02   3.250625E-02   4.532663E-02   3.844693E-02   3.263834E-02   6.846581E-02   7.240586E-02   1.102607E-01   1.946660E-01   1.390076E-01   1.108563E-01   8.107204E-02   1.107068E-01   1.487562E-01   1.022411E-01   7.193739E-02   6.216031E-02
   5.318912E-02   4.189523E-02   5.163022E-02   4.199157E-02   4.099247E-02   3.864925E-02   3.289703E-02   4.574713E-02   6.818185E-02   7.787656E-02   7.935717E-02   1.207101E-01   1.006391E-01   1.492019E-01   9.961488E-02   8.620632E-02   1.142269E-01   7.160205E-02   4.713221E-02   5.708672E-02
   7.725966E-02   9.000715E-02   1.253284E-01   6.720295E-02   9.205344E-02   5.876084E-02   4.569021E-02   4.814420E-02   8.998870E-02   6.000863E-02   6.534534E-02   9.394804E-02   8.860442E-02   1.200478E-01   1.371839E-01   1.150944E-01   8.046802E-02   4.547363E-02   6.108890E-02   7.790138E-02
   8.829088E-02   8.882969E-02   8.622588E-02   8.076984E-02   8.650757E-02   7.091793E-02   6.514170E-02   7.503436E-02   4.323930E-02   5.407362E-02   6.094357E-02   1.585845E-01   1.050979E-01   1.433095E-01   8.475698E-02   1.120287E-01   5.073140E-02   4.368397E-02   4.595012E-02   6.871547E-02
   8.035041E-02   8.964490E-02   8.990207E-02   6.514420E-02   7.118792E-02   9.379612E-02   1.137556E-01   7.484012E-02   4.328423E-02   5.498347E-02   9.170634E-02   8.299787E-02   1.431015E-01   8.293055E-02   9.358520E-02   1.408689E-01   7.487624E-02   4.771265E-02   4.716559E-02   9.807277E-02
   1.258049E-01   1.201735E-01   1.628633E-01   6.333303E-02   5.390769E-02   7.540471E-02   6.113893E-02   8.856450E-02   7.504338E-02   6.392016E-02   1.030037E-01   8.659073E-02   1.044995E-01   9.011766E-02   9.525115E-02   7.252737E-02   5.474212E-02   6.129845E-02   8.190231E-02   1.305507E-01
   1.710637E-01   1.565720E-01   1.718334E-01   9.760195E-02   1.000000E-01   1.000000E-01   1.000000E-01   9.564064E-02   1.185211E-01   1.191368E-01   1.479810E-01   1.287915E-01   5.250003E-02   7.529643E-02   3.576154E-02   6.176525E-02   5.893833E-02   4.408255E-02   5.283026E-02   7.857480E-02
   2.000000E-01   2.000000E-01   9.634034E-02   7.513001E-02   1.000000E-01   1.000000E-01   1.000000E-01   1.000000E-01   1.032128E-01   1.185052E-01   1.416395E-01   1.257420E-01   9.431811E-02   4.905154E-02   3.987551E-02   4.162083E-02   4.345261E-02   7.879504E-02   4.789527E-02   7.358649E-02
   2.000000E-01   2.000000E-01   2.000000E-01   8.245516E-02   1.000000E-01   1.000000E-01   1.000000E-01   1.000000E-01   1.048651E-01   1.021643E-01   1.515350E-01   9.716165E-02   6.740922E-02   3.538172E-02   2.338027E-02   3.576982E-02   4.034929E-02   6.916433E-02   6.554785E-02   8.645032E-02
   1.260213E-01   2.000000E-01   1.440497E-01   8.723297E-02   1.000000E-01   1.000000E-01   1.000000E-01   1.000000E-01   9.474611E-02   1.872325E-01   1.743000E-01   8.962159E-02   5.871724E-02   3.217142E-02   2.784076E-02   4.325510E-02   6.397607E-02   4.963323E-02   4.778840E-02   8.877626E-02
   1.429509E-01   1.068372E-01   9.622926E-02   1.032957E-01   1.000000E-01   1.000000E-01   1.000000E-01   1.000000E-01   1.583902E-01   1.723079E-01   1.414418E-01   1.182992E-01   6.277449E-02   3.814280E-02   6.876888E-02   5.707110E-02   3.106811E-02   3.628930E-02   3.736773E-02   5.922705E-02
   8.939532E-02   1.106985E-01   1.020194E-01   1.553807E-01   1.000000E-01   1.000000E-01   1.000000E-01   1.000000E-01   1.622733E-01   2.000000E-01   1.540560E-01   9.710998E-02   5.590679E-02   5.699591E-02   4.920422E-02   4.896001E-02   2.783635E-02   2.534966E-02   3.558899E-02   4.810703E-02
   5.877760E-02   5.348329E-02   9.014183E-02   1.505699E-01   1.000000E-01   1.000000E-01   1.000000E-01   1.000000E-01   2.000000E-01   2.000000E-01   9.979786E-02   1.230058E-01   7.238196E-02   5.225855E-02   5.205030E-02   4.947253E-02   3.230794E-02   2.198074E-02   3.133811E-02   4.826222E-02
   5.644054E-02   9.712963E-02   7.472398E-02   1.367165E-01   1.000000E-01   1.000000E-01   1.000000E-01   1.000000E-01   1.333752E-01   1.390065E-01   8.967262E-02   7.396733E-02   9.897151E-02   6.334913E-02   4.702973E-02   3.567241E-02   3.125839E-02   3.431410E-02   3.335012E-02   6.954184E-02
   5.030335E-02   7.152665E-02   1.079524E-01   1.594163E-01   1.000000E-01   1.000000E-01   1.000000E-01   1.000000E-01   1.779113E-01   1.105075E-01   1.137581E-01   6.322657E-02   4.467904E-02   6.316055E-02   7.035298E-02   6.399788E-02   2.873075E-02   3.075474E-02   4.996002E-02   1.253739E-01
   4.922314E-02   4.279519E-02   7.136805E-02   6.670596E-02   1.000000E-01   1.000000E-01   1.000000E-01   1.000000E-01   7.959240E-02   8.085043E-02   6.276277E-02   7.405105E-02   4.544515E-02   5.178461E-02   3.392043E-02   4.303732E-02   5.117363E-02   5.856527E-02   7.143945E-02   1.422102E-01
   4.306939E-02   3.574356E-02   5.600265E-02   6.033897E-02   1.000000E-01   1.000000E-01   1.000000E-01   1.000000E-01   7.642189E-02   7.932062E-02   4.580820E-02   6.196410E-02   3.852754E-02   3.751007E-02   2.059595E-02   3.347566E-02   5.183291E-02   7.139178E-02   5.739558E-02   6.883645E-02
   3.531167E-02   5.864823E-02   7.006250E-02   9.555688E-02   1.000000E-01   1.000000E-01   1.000000E-01   1.000000E-01   9.020387E-02   4.478824E-02   5.251389E-02   6.231983E-02   3.806448E-02   6.441467E-02   3.677428E-02   5.475226E-02   7.851659E-02   1.032407E-01   1.548239E-01   1.097772E-01
   4.703366E-02   3.811685E-02   5.212083E-02   4.966893E-02   1.000000E-01   1.000000E-01   1.000000E-01   1.000000E-01   8.553723E-02   1.235907E-01   1.036661E-01   6.822988E-02   4.817390E-02   6.946851E-02   6.287698E-02   5.253361E-02   4.176727E-02   1.092203E-01   1.493211E-01   1.488239E-01
   4.458078E-02   3.878452E-02   3.650467E-02   4.459921E-02   1.000000E-01   1.000000E-01   1.756156E-01   1.657258E-01   1.724773E-01   1.629892E-01   1.194867E-01   1.219622E-01   6.967456E-02   7.052149E-02   1.027357E-01   1.124811E-01   1.064296E-01   9.886222E-02   1.102238E-01   9.406329E-02
   7.268925E-02   5.664683E-02   4.555741E-02   5.460506E-02   6.876281E-02   1.000000E-01   2.000000E-01   1.428433E-01   1.887100E-01   1.887983E-01   1.205006E-01   9.799295E-02   8.387027E-02   8.333768E-02   1.295851E-01   1.174490E-01   1.592850E-01   1.386145E-01   8.081159E-02   6.980844E-02
   7.955890E-02   7.536563E-02   7.838229E-02   8.011917E-02   6.419083E-02   1.090436E-01   1.956283E-01   1.649655E-01   1.590989E-01   1.680354E-01   1.543654E-01   1.090155E-01   9.574914E-02   9.151014E-02   1.414574E-01   1.101342E-01   1.117385E-01   1.120106E-01   7.902100E-02   1.138080E-01
   7.305447E-02   1.226994E-01   4.787740E-02   6.894822E-02   6.965648E-02   1.651897E-01   1.663376E-01   1.882699E-01   1.975351E-01   1.714889E-01   1.662316E-01   1.228141E-01   9.789735E-02   8.952510E-02   1.389189E-01   1.019196E-01   1.230169E-01   1.025901E-01   9.291078E-02   1.397303E-01
   7.330595E-02   9.022426E-02   4.514133E-02   5.063786E-02   6.026403E-02   1.005359E-01   1.772650E-01   1.381389E-01   1.320980E-01   1.175410E-01   1.311389E-01   7.976705E-02   9.724254E-02   1.080922E-01   1.140460E-01   1.998076E-01   1.360192E-01   1.402122E-01   1.504064E-01   1.434630E-01
   6.207860E-02   7.324481E-02   5.963630E-02   7.463207E-02   9.320964E-02   2.000000E-01   1.654613E-01   1.161466E-01   1.124126E-01   1.024656E-01   1.514109E-01   1.360168E-01   1.328177E-01   1.580033E-01   2.000000E-01   2.000000E-01   8.872593E-02   1.681765E-01   2.000000E-01   1.077879E-01
   1.120964E-01   1.288320E-01   1.081071E-01   1.274172E-01   1.473413E-01   1.103402E-01   1.374732E-01   8.863387E-02   9.533764E-02   1.210793E-01   1.684188E-01   1.955474E-01   1.876347E-01   1.355708E-01   1.370578E-01   1.777818E-01   1.342846E-01   1.192014E-01   1.194037E-01   1.161528E-01
   1.429805E-01   1.888745E-01   1.573752E-01   1.105808E-01   2.000000E-01   2.000000E-01   9.846929E-02   1.207994E-01   7.606115E-02   1.343561E-01   1.362254E-01   1.253001E-01   8.037001E-02   1.026878E-01   1.298250E-01   1.241463E-01   1.227058E-01   6.903211E-02   4.935372E-02   6.539649E-02
   2.000000E-01   1.547479E-01   1.857281E-01   1.411156E-01   1.589526E-01   1.808008E-01   8.958618E-02   1.349772E-01   8.801831E-02   8.330770E-02   1.242814E-01   9.130069E-02   8.297069E-02   9.539271E-02   9.746268E-02   8.812547E-02   1.231871E-01   5.874738E-02   5.656671E-02   4.662952E-02
   1.773555E-01   1.707166E-01   1.719228E-01   1.139179E-01   1.095913E-01   8.728271E-02   1.009221E-01   1.241161E-01   1.625093E-01   1.170369E-01   9.178156E-02   6.491717E-02   6.030028E-02   8.400022E-02   8.935414E-02   1.444263E-01   1.177015E-01   4.972057E-02   6.986567E-02   7.206265E-02
   7.512735E-02   8.322904E-02   1.196250E-01   1.101631E-01   1.127027E-01   9.450726E-02   9.517185E-02   1.184569E-01   9.174007E-02   6.763811E-02   8.158386E-02   3.926028E-02   6.222277E-02   9.643236E-02   1.163871E-01   1.098008E-01   1.605630E-01   1.099180E-01   8.967911E-02   8.003856E-02
   1.000000E-01   4.830301E-02   7.568523E-02   5.452880E-02   6.089187E-02   9.943686E-02   8.211429E-02   5.885345E-02   8.802633E-02   5.065643E-02   6.551613E-02   5.912182E-02   5.717885E-02   9.394623E-02   9.779244E-02   9.571929E-02   9.411634E-02   1.087262E-01   7.028481E-02   8.065350E-02
   1.000000E-01   1.000000E-01   5.099611E-02   4.086442E-02   4.144543E-02   6.915178E-02   5.211460E-02   4.388251E-02   5.080362E-02   3.302475E-02   3.180601E-02   4.804478E-02   6.022770E-02   1.418839E-01   9.154174E-02   6.433997E-02   7.330274E-02   8.927201E-02   9.731513E-02   9.102425E-02
   1.000000E-01   1.000000E-01   1.000000E-01   6.513393E-02   6.356333E-02   6.600169E-02   3.228259E-02   4.386231E-02   3.743495E-02   4.277095E-02   2.220148E-02   4.749728E-02   9.740479E-02   1.083352E-01   8.215876E-02   6.087459E-02   4.855828E-02   6.385265E-02   7.082514E-02   7.052647E-02
   1.000000E-01   1.000000E-01   1.000000E-01   1.000000E-01   7.608699E-02   3.746929E-02   3.416672E-02   3.822551E-02   4.746637E-02   4.640417E-02   4.162204E-02   4.812267E-02   1.088410E-01   9.884241E-02   9.268829E-02   5.159417E-02   7.046434E-02   4.360769E-02   5.957572E-02   1.000000E-01
   1.000000E-01   1.000000E-01   1.000000E-01   1.000000E-01   8.168222E-02   7.080753E-02   3.877086E-02   3.817141E-02   3.946151E-02   5.571017E-02   4.693232E-02   3.786416E-02   5.990961E-02   1.191514E-01   1.222281E-01   6.860096E-02   6.699237E-02   5.286371E-02   5.897934E-02   1.000000E-01
   1.000000E-01   1.000000E-01   1.000000E-01   1.000000E-01   1.000000E-01   8.069806E-02   9.783159E-02   7.603742E-02   8.556595E-02   6.428744E-02   7.232059E-02   7.956259E-02   7.846392E-02   7.219149E-02   9.490385E-02   9.633238E-02   7.185858E-02   1.057001E-01   1.000000E-01   1.000000E-01
   1.000000E-01   1.000000E-01   1.000000E-01   1.000000E-01   1.000000E-01   5.380565E-02   7.636089E-02   4.596934E-02   9.415740E-02   1.086121E-01   8.121289E-02   1.061647E-01   8.089949E-02   7.587998E-02   6.736256E-02   1.023132E-01   8.144497E-02   1.000000E-01   1.000000E-01   1.000000E-01
   1.000000E-01   1.000000E-01   1.000000E-01   1.000000E-01   1.000000E-01   6.490513E-02   7.010098E-02   1.008569E-01   1.144098E-01   1.050439E-01   8.137327E-02   8.995302E-02   7.748620E-02   1.021490E-01   5.968296E-02   6.874336E-02   1.000000E-01   1.000000E-01   1.000000E-01   1.000000E-01
