   1.057797E-01   1.263102E-01   1.193191E-01   9.629199E-02   1.140838E-01   9.587685E-02   9.365826E-02   4.716973E-02   6.936062E-02   1.165220E-01   8.413265E-02   5.831580E-02   8.558664E-02   1.342323E-01   1.149398E-01   1.672081E-01   2.000000E-01   1.236265E-01   5.784212E-02   8.621018E-02
   1.093523E-01   9.920157E-02   1.184932E-01   1.212894E-01   1.163929E-01   9.787574E-02   7.932712E-02   4.711504E-02   6.540697E-02   5.584847E-02   7.416449E-02   1.113463E-01   1.213561E-01   9.764747E-02   9.957818E-02   1.384883E-01   1.594949E-01   1.336959E-01   1.409920E-01   1.232109E-01
   7.954651E-02   8.356687E-02   1.303015E-01   1.289490E-01   9.805725E-02   9.450609E-02   8.868515E-02   4.851795E-02   3.285514E-02   4.464834E-02   7.096644E-02   7.344053E-02   1.155480E-01   1.132316E-01   1.024375E-01   1.203811E-01   1.388897E-01   1.434296E-01   1.099702E-01   9.318764E-02
   9.840663E-02   8.953329E-02   8.617839E-02   8.507058E-02   1.466118E-01   1.074177E-01   8.036321E-02   4.255375E-02   5.311539E-02   7.167438E-02   7.268310E-02   7.586529E-02   6.965668E-02   6.389983E-02   7.164196E-02   5.865468E-02   1.229709E-01   1.535879E-01   6.992923E-02   5.619088E-02
   6.736628E-02   6.916352E-02   8.660876E-02   4.759465E-02   9.416179E-02   1.218442E-01   6.891999E-02   4.465458E-02   4.544805E-02   6.221511E-02   6.844102E-02   7.078350E-02   1.011752E-01   1.209597E-01   7.431020E-02   6.685693E-02   1.326246E-01   1.019197E-01   5.963042E-02   3.838409E-02
   9.734450E-02   6.831643E-02   7.172251E-02   6.064265E-02   8.943222E-02   5.157026E-02   8.294836E-02   7.041377E-02   3.513551E-02   5.458097E-02   6.379325E-02   5.620183E-02   7.805231E-02   8.741424E-02   8.068891E-02   7.850812E-02   6.895479E-02   7.582372E-02   1.034155E-01   1.171415E-01
   1.758190E-01   9.729141E-02   8.156765E-02   8.311000E-02   1.020104E-01   5.882849E-02   5.611303E-02   5.889529E-02   4.336877E-02   5.484009E-02   5.432613E-02   5.174318E-02   6.439034E-02   8.361977E-02   1.056541E-01   1.181452E-01   1.165082E-01   1.756100E-01   1.783608E-01   1.897799E-01
   1.468701E-01   8.031734E-02   9.532600E-02   8.692907E-02   8.505675E-02   7.049789E-02   4.111315E-02   4.723293E-02   4.075845E-02   3.879384E-02   5.708847E-02   4.305068E-02   8.320170E-02   1.098812E-01   1.194786E-01   1.082279E-01   1.307287E-01   1.449147E-01   1.697848E-01   2.000000E-01
   1.114067E-01   1.305673E-01   9.065259E-02   1.189872E-01   1.000000E-01   1.000000E-01   1.000000E-01   3.990171E-02   3.537510E-02   4.922573E-02   5.513386E-02   6.598121E-02   7.350782E-02   6.165069E-02   1.096716E-01   1.054047E-01   9.989954E-02   1.044222E-01   1.549076E-01   2.000000E-01
   1.903067E-01   1.110355E-01   1.243770E-01   1.081726E-01   1.000000E-01   1.000000E-01   1.000000E-01   1.000000E-01   4.231199E-02   3.477777E-02   9.711688E-02   8.471235E-02   9.592785E-02   1.231089E-01   1.093213E-01   9.546436E-02   6.922425E-02   1.212380E-01   1.364589E-01   1.620855E-01
   1.151633E-01   1.246811E-01   1.361121E-01   1.962024E-01   1.000000E-01   1.000000E-01   1.000000E-01   1.000000E-01   5.107462E-02   8.303813E-02   7.942374E-02   8.605830E-02   1.026047E-01   2.000000E-01   9.018572E-02   1.133216E-01   1.332054E-01   2.000000E-01   1.698008E-01   1.737451E-01
   1.470243E-01   2.000000E-01   1.639470E-01   1.303447E-01   1.000000E-01   1.000000E-01   1.000000E-01   1.000000E-01   8.889742E-02   1.186970E-01   8.703007E-02   1.027250E-01   1.239691E-01   1.451768E-01   2.000000E-01   1.556763E-01   1.353215E-01   2.000000E-01   2.000000E-01   1.284200E-01
   2.000000E-01   2.000000E-01   2.000000E-01   2.000000E-01   1.000000E-01   1.000000E-01   1.000000E-01   1.000000E-01   7.660171E-02   1.051929E-01   1.194298E-01   1.598397E-01   1.157759E-01   1.117510E-01   1.647075E-01   2.000000E-01   2.000000E-01   2.000000E-01   2.000000E-01   1.406524E-01
   2.000000E-01   2.000000E-01   2.000000E-01   2.000000E-01   1.000000E-01   1.000000E-01   1.000000E-01   1.000000E-01   6.844335E-02   1.401750E-01   6.926116E-02   1.344285E-01   1.101685E-01   1.269524E-01   1.226518E-01   2.000000E-01   2.000000E-01   2.000000E-01   2.000000E-01   1.392605E-01
   1.600518E-01   2.000000E-01   2.000000E-01   2.000000E-01   1.000000E-01   1.000000E-01   1.000000E-01   1.000000E-01   9.431696E-02   9.750038E-02   8.522256E-02   6.685407E-02   7.306315E-02   9.562879E-02   1.674279E-01   2.000000E-01   2.000000E-01   2.000000E-01   2.000000E-01   2.000000E-01
   1.702943E-01   1.946854E-01   2.000000E-01   2.000000E-01   1.000000E-01   1.000000E-01   1.000000E-01   1.000000E-01   1.596636E-01   1.610387E-01   1.239289E-01   1.051147E-01   8.489110E-02   7.731177E-02   1.944201E-01   1.372647E-01   2.000000E-01   2.000000E-01   2.000000E-01   2.000000E-01
   1.718360E-01   1.748804E-01   1.952195E-01   1.997774E-01   1.000000E-01   1.000000E-01   1.000000E-01   1.000000E-01   1.676245E-01   1.058994E-01   1.387446E-01   1.039164E-01   1.422704E-01   1.474644E-01   1.918354E-01   2.000000E-01   2.000000E-01   2.000000E-01   1.675808E-01   2.000000E-01
   1.500679E-01   1.587921E-01   8.820422E-02   1.048996E-01   1.000000E-01   1.000000E-01   1.000000E-01   1.000000E-01   7.998650E-02   1.281430E-01   2.000000E-01   1.973660E-01   1.865621E-01   2.000000E-01   1.534131E-01   1.864611E-01   2.000000E-01   2.000000E-01   1.337308E-01   1.972257E-01
   7.971316E-02   1.023962E-01   1.051828E-01   1.506353E-01   1.000000E-01   1.000000E-01   1.000000E-01   1.000000E-01   1.433397E-01   1.320009E-01   1.410902E-01   2.000000E-01   2.000000E-01   1.954559E-01   2.000000E-01   1.723347E-01   1.540630E-01   2.000000E-01   1.796660E-01   2.000000E-01
   9.546641E-02   6.620357E-02   1.436933E-01   1.164925E-01   1.000000E-01   1.000000E-01   1.000000E-01   1.000000E-01   7.731275E-02   8.621753E-02   8.536303E-02   1.053025E-01   1.906858E-01   2.000000E-01   1.979197E-01   1.841676E-01   2.000000E-01   1.063061E-01   2.000000E-01   1.872481E-01
   1.681735E-01   8.785080E-02   1.277491E-01   1.357135E-01   1.000000E-01   1.000000E-01   1.000000E-01   1.000000E-01   6.087243E-02   5.706088E-02   7.761365E-02   1.119398E-01   2.000000E-01   2.000000E-01   2.000000E-01   2.000000E-01   2.000000E-01   2.000000E-01   2.000000E-01   2.000000E-01
   1.476192E-01   1.339531E-01   1.781461E-01   1.910900E-01   1.000000E-01   1.000000E-01   2.000000E-01   1.584186E-01   8.845425E-02   6.540317E-02   6.616277E-02   1.298991E-01   1.857933E-01   2.000000E-01   2.000000E-01   2.000000E-01   2.000000E-01   2.000000E-01   2.000000E-01   2.000000E-01
   2.000000E-01   2.000000E-01   2.000000E-01   2.000000E-01   2.000000E-01   1.000000E-01   1.740998E-01   1.499095E-01   8.481831E-02   6.003004E-02   8.797817E-02   1.201416E-01   2.000000E-01   2.000000E-01   2.000000E-01   2.000000E-01   2.000000E-01   2.000000E-01   2.000000E-01   1.450278E-01
   2.000000E-01   2.000000E-01   2.000000E-01   2.000000E-01   2.000000E-01   1.836169E-01   2.000000E-01   1.526950E-01   6.732658E-02   3.861903E-02   7.773636E-02   1.723424E-01   2.000000E-01   2.000000E-01   1.895009E-01   2.000000E-01   2.000000E-01   2.000000E-01   2.000000E-01   1.642249E-01
   2.000000E-01   2.000000E-01   2.000000E-01   2.000000E-01   2.000000E-01   2.000000E-01   2.000000E-01   1.645706E-01   6.853266E-02   8.096055E-02   8.657643E-02   1.243435E-01   1.791278E-01   2.000000E-01   2.000000E-01   2.000000E-01   2.000000E-01   2.000000E-01   2.000000E-01   1.633716E-01
   2.000000E-01   2.000000E-01   2.000000E-01   2.000000E-01   2.000000E-01   1.817704E-01   1.766884E-01   1.511583E-01   1.629078E-01   1.994253E-01   1.378763E-01   2.000000E-01   2.000000E-01   2.000000E-01   2.000000E-01   2.000000E-01   2.000000E-01   2.000000E-01   1.983597E-01   1.440419E-01
   1.949119E-01   2.000000E-01   2.000000E-01   2.000000E-01   1.938812E-01   2.000000E-01   1.215597E-01   1.258150E-01   1.620387E-01   1.739804E-01   2.000000E-01   2.000000E-01   2.000000E-01   2.000000E-01   2.000000E-01   2.000000E-01   2.000000E-01   2.000000E-01   2.000000E-01   1.729789E-01
   2.000000E-01   2.000000E-01   2.000000E-01   2.000000E-01   2.000000E-01   2.000000E-01   1.624151E-01   1.950934E-01   2.000000E-01   1.292814E-01   2.000000E-01   2.000000E-01   2.000000E-01   2.000000E-01   2.000000E-01   2.000000E-01   2.000000E-01   2.000000E-01   1.790423E-01   1.805794E-01
   1.121619E-01   2.000000E-01   2.000000E-01   2.000000E-01   2.000000E-01   1.096205E-01   1.216808E-01   1.007470E-01   1.179357E-01   1.393711E-01   2.000000E-01   2.000000E-01   1.860593E-01   1.580905E-01   2.000000E-01   1.884252E-01   1.328730E-01   1.902835E-01   1.976324E-01   1.649954E-01
   1.468106E-01   1.501910E-01   2.000000E-01   2.000000E-01   2.000000E-01   1.557743E-01   7.061217E-02   1.318226E-01   1.258892E-01   2.000000E-01   1.462092E-01   1.438703E-01   7.551929E-02   1.447822E-01   1.379929E-01   1.134333E-01   1.425889E-01   1.743561E-01   2.000000E-01   1.700401E-01
   2.000000E-01   2.000000E-01   1.883948E-01   2.000000E-01   2.000000E-01   1.791085E-01   8.106688E-02   1.264291E-01   1.590309E-01   1.376417E-01   2.000000E-01   1.691289E-01   1.366033E-01   1.574602E-01   1.300285E-01   1.452989E-01   1.239161E-01   1.288480E-01   1.448121E-01   9.499836E-02
   1.618208E-01   2.000000E-01   2.000000E-01   2.000000E-01   2.000000E-01   1.324082E-01   9.439316E-02   1.935268E-01   1.395640E-01   1.420008E-01   2.000000E-01   1.677604E-01   1.187736E-01   1.573987E-01   1.467216E-01   1.371292E-01   1.110337E-01   7.384463E-02   6.516897E-02   6.992662E-02
   1.000000E-01   2.000000E-01   2.000000E-01   2.000000E-01   2.000000E-01   1.329140E-01   1.037636E-01   1.423826E-01   1.611168E-01   1.989744E-01   1.807244E-01   1.419894E-01   9.162251E-02   1.571989E-01   2.000000E-01   1.521515E-01   1.380390E-01   6.448302E-02   6.300892E-02   6.760320E-02
   1.000000E-01   1.000000E-01   2.000000E-01   2.000000E-01   2.000000E-01   1.587404E-01   9.742285E-02   1.249223E-01   9.679689E-02   9.892535E-02   1.798946E-01   1.327384E-01   9.129507E-02   1.476740E-01   2.000000E-01   1.933177E-01   8.505264E-02   9.927706E-02   8.098599E-02   5.775547E-02
   1.000000E-01   1.000000E-01   1.000000E-01   2.000000E-01   1.752141E-01   1.303527E-01   1.879392E-01   1.292559E-01   1.033292E-01   6.503048E-02   1.714455E-01   1.448702E-01   1.405438E-01   1.800376E-01   2.000000E-01   2.000000E-01   1.386874E-01   6.582925E-02   8.843644E-02   1.317723E-01
   1.000000E-01   1.000000E-01   1.000000E-01   1.000000E-01   2.000000E-01   2.000000E-01   1.439491E-01   1.175631E-01   1.471426E-01   1.275362E-01   2.000000E-01   1.135573E-01   1.596055E-01   1.362785E-01   1.092457E-01   1.147374E-01   1.410598E-01   8.472814E-02   1.105348E-01   1.000000E-01
   1.000000E-01   1.000000E-01   1.000000E-01   1.000000E-01   2.000000E-01   2.000000E-01   2.000000E-01   1.940762E-01   1.270933E-01   1.527785E-01   2.000000E-01   2.000000E-01   1.506702E-01   1.496143E-01   1.873200E-01   1.020442E-01   1.150970E-01   1.110120E-01   7.470500E-02   1.000000E-01
   1.000000E-01   1.000000E-01   1.000000E-01   1.000000E-01   1.000000E-01   2.000000E-01   2.000000E-01   1.937756E-01   2.000000E-01   1.706894E-01   1.603771E-01   1.500363E-01   1.279554E-01   1.957740E-01   1.648837E-01   1.586634E-01   1.727507E-01   1.832382E-01   1.000000E-01   1.000000E-01
   1.000000E-01   1.000000E-01   1.000000E-01   1.000000E-01   1.000000E-01   2.000000E-01   2.000000E-01   2.000000E-01   1.418042E-01   1.657124E-01   1.059798E-01   1.967354E-01   1.741651E-01   1.771941E-01   1.585236E-01   2.000000E-01   1.990446E-01   1.000000E-01   1.000000E-01   1.000000E-01
   1.000000E-01   1.000000E-01   1.000000E-01   1.000000E-01   1.000000E-01   2.000000E-01   2.000000E-01   2.000000E-01   2.000000E-01   1.942009E-01   1.535510E-01   1.839935E-01   1.434365E-01   2.000000E-01   2.000000E-01   1.870033E-01   1.000000E-01   1.000000E-01   1.000000E-01   1.000000E-01
