   6.446521E-05    6.446521E-05    6.446521E-05    6.446521E-05    6.446521E-05    6.446521E-05    6.446521E-05    6.446521E-05    6.446521E-05    6.446521E-05    6.446521E-05    6.446521E-05    6.446521E-05    6.446521E-05    6.446521E-05    6.446521E-05    6.446521E-05    6.446521E-05    6.446521E-05    6.446521E-05
   6.446521E-05    6.446521E-05    6.446521E-05    6.446521E-05    6.446521E-05    6.446521E-05    6.446521E-05    6.446521E-05    6.446521E-05    6.446521E-05    6.446521E-05    6.446521E-05    6.446521E-05    6.446521E-05    6.446521E-05    6.446521E-05    6.446521E-05    6.446521E-05    6.446521E-05    6.446521E-05
   6.446521E-05    6.446521E-05    6.446521E-05    6.446521E-05    6.446521E-05    6.446521E-05    6.446521E-05    6.446521E-05    6.446521E-05    6.446521E-05    6.446521E-05    6.446521E-05    6.446521E-05    6.446521E-05    6.446521E-05    6.446521E-05    6.446521E-05    6.446521E-05    6.446521E-05    6.446521E-05
   6.446521E-05    6.446521E-05    6.446521E-05    6.446521E-05    6.446521E-05    6.446521E-05    6.446521E-05    6.446521E-05    6.446521E-05    6.446521E-05    6.446521E-05    6.446521E-05    6.446521E-05    6.446521E-05    6.446521E-05    6.446521E-05    6.446521E-05    6.446521E-05    6.446521E-05    6.446521E-05
   6.446521E-05    6.446521E-05    6.446521E-05    6.446521E-05    6.446521E-05    6.446521E-05    6.446521E-05    6.446521E-05    6.446521E-05    6.446521E-05    6.446521E-05    6.446521E-05    6.446521E-05    6.446521E-05    6.446521E-05    6.446521E-05    6.446521E-05    6.446521E-05    6.446521E-05    6.446521E-05
   6.446521E-05    6.446521E-05    6.446521E-05    6.446521E-05    6.446521E-05    6.446521E-05    6.446521E-05    6.446521E-05    6.446521E-05    6.446521E-05    6.446521E-05    6.446521E-05    6.446521E-05    6.446521E-05    6.446521E-05    6.446521E-05    6.446521E-05    6.446521E-05    6.446521E-05    6.446521E-05
   6.446521E-05    6.446521E-05    6.446521E-05    6.446521E-05    6.446521E-05    6.446521E-05    6.446521E-05    6.446521E-05    6.446521E-05    6.446521E-05    6.446521E-05    6.446521E-05    6.446521E-05    6.446521E-05    6.446521E-05    6.446521E-05    6.446521E-05    6.446521E-05    6.446521E-05    6.446521E-05
   6.446521E-05    6.446521E-05    6.446521E-05    6.446521E-05    6.446521E-05    6.446521E-05    6.446521E-05    6.446521E-05    6.446521E-05    6.446521E-05    6.446521E-05    6.446521E-05    6.446521E-05    6.446521E-05    6.446521E-05    6.446521E-05    6.446521E-05    6.446521E-05    6.446521E-05    6.446521E-05
   6.446521E-05    6.446521E-05    6.446521E-05    6.446521E-05    5.304705E-05    5.304705E-05    5.304705E-05    6.446521E-05    6.446521E-05    6.446521E-05    6.446521E-05    6.446521E-05    6.446521E-05    6.446521E-05    6.446521E-05    6.446521E-05    6.446521E-05    6.446521E-05    6.446521E-05    6.446521E-05
   6.446521E-05    6.446521E-05    6.446521E-05    6.446521E-05    5.304705E-05    5.304705E-05    5.304705E-05    5.304705E-05    6.446521E-05    6.446521E-05    6.446521E-05    6.446521E-05    6.446521E-05    6.446521E-05    6.446521E-05    6.446521E-05    6.446521E-05    6.446521E-05    6.446521E-05    6.446521E-05
   6.446521E-05    6.446521E-05    6.446521E-05    6.446521E-05    5.304705E-05    5.304705E-05    5.304705E-05    5.304705E-05    6.446521E-05    6.446521E-05    6.446521E-05    6.446521E-05    6.446521E-05    6.446521E-05    6.446521E-05    6.446521E-05    6.446521E-05    6.446521E-05    6.446521E-05    6.446521E-05
   6.446521E-05    6.446521E-05    6.446521E-05    6.446521E-05    5.304705E-05    5.304705E-05    5.304705E-05    5.304705E-05    6.446521E-05    6.446521E-05    6.446521E-05    6.446521E-05    6.446521E-05    6.446521E-05    6.446521E-05    6.446521E-05    6.446521E-05    6.446521E-05    6.446521E-05    6.446521E-05
   6.446521E-05    6.446521E-05    6.446521E-05    6.446521E-05    5.304705E-05    5.304705E-05    5.304705E-05    5.304705E-05    6.446521E-05    6.446521E-05    6.446521E-05    6.446521E-05    6.446521E-05    6.446521E-05    6.446521E-05    6.446521E-05    6.446521E-05    6.446521E-05    6.446521E-05    6.446521E-05
   6.446521E-05    6.446521E-05    6.446521E-05    6.446521E-05    5.304705E-05    5.304705E-05    5.304705E-05    5.304705E-05    6.446521E-05    6.446521E-05    6.446521E-05    6.446521E-05    6.446521E-05    6.446521E-05    6.446521E-05    6.446521E-05    6.446521E-05    6.446521E-05    6.446521E-05    6.446521E-05
   6.446521E-05    6.446521E-05    6.446521E-05    6.446521E-05    5.304705E-05    5.304705E-05    5.304705E-05    5.304705E-05    6.446521E-05    6.446521E-05    6.446521E-05    6.446521E-05    6.446521E-05    6.446521E-05    6.446521E-05    6.446521E-05    6.446521E-05    6.446521E-05    6.446521E-05    6.446521E-05
   6.446521E-05    6.446521E-05    6.446521E-05    6.446521E-05    5.304705E-05    5.304705E-05    5.304705E-05    5.304705E-05    6.446521E-05    6.446521E-05    6.446521E-05    6.446521E-05    6.446521E-05    6.446521E-05    6.446521E-05    6.446521E-05    6.446521E-05    6.446521E-05    6.446521E-05    6.446521E-05
   6.446521E-05    6.446521E-05    6.446521E-05    6.446521E-05    5.304705E-05    5.304705E-05    5.304705E-05    5.304705E-05    6.446521E-05    6.446521E-05    6.446521E-05    6.446521E-05    6.446521E-05    6.446521E-05    6.446521E-05    6.446521E-05    6.446521E-05    6.446521E-05    6.446521E-05    6.446521E-05
   6.446521E-05    6.446521E-05    6.446521E-05    6.446521E-05    5.304705E-05    5.304705E-05    5.304705E-05    5.304705E-05    6.446521E-05    6.446521E-05    6.446521E-05    6.446521E-05    6.446521E-05    6.446521E-05    6.446521E-05    6.446521E-05    6.446521E-05    6.446521E-05    6.446521E-05    6.446521E-05
   6.446521E-05    6.446521E-05    6.446521E-05    6.446521E-05    5.304705E-05    5.304705E-05    5.304705E-05    5.304705E-05    6.446521E-05    6.446521E-05    6.446521E-05    6.446521E-05    6.446521E-05    6.446521E-05    6.446521E-05    6.446521E-05    6.446521E-05    6.446521E-05    6.446521E-05    6.446521E-05
   6.446521E-05    6.446521E-05    6.446521E-05    6.446521E-05    5.304705E-05    5.304705E-05    5.304705E-05    5.304705E-05    6.446521E-05    6.446521E-05    6.446521E-05    6.446521E-05    6.446521E-05    6.446521E-05    6.446521E-05    6.446521E-05    6.446521E-05    6.446521E-05    6.446521E-05    6.446521E-05
   6.446521E-05    6.446521E-05    6.446521E-05    6.446521E-05    5.304705E-05    5.304705E-05    5.304705E-05    5.304705E-05    6.446521E-05    6.446521E-05    6.446521E-05    6.446521E-05    6.446521E-05    6.446521E-05    6.446521E-05    6.446521E-05    6.446521E-05    6.446521E-05    6.446521E-05    6.446521E-05
   6.446521E-05    6.446521E-05    6.446521E-05    6.446521E-05    5.304705E-05    5.304705E-05    6.446521E-05    6.446521E-05    6.446521E-05    6.446521E-05    6.446521E-05    6.446521E-05    6.446521E-05    6.446521E-05    6.446521E-05    6.446521E-05    6.446521E-05    6.446521E-05    6.446521E-05    6.446521E-05
   6.446521E-05    6.446521E-05    6.446521E-05    6.446521E-05    6.446521E-05    5.304705E-05    6.446521E-05    6.446521E-05    6.446521E-05    6.446521E-05    6.446521E-05    6.446521E-05    6.446521E-05    6.446521E-05    6.446521E-05    6.446521E-05    6.446521E-05    6.446521E-05    6.446521E-05    6.446521E-05
   6.446521E-05    6.446521E-05    6.446521E-05    6.446521E-05    6.446521E-05    6.446521E-05    6.446521E-05    6.446521E-05    6.446521E-05    6.446521E-05    6.446521E-05    6.446521E-05    6.446521E-05    6.446521E-05    6.446521E-05    6.446521E-05    6.446521E-05    6.446521E-05    6.446521E-05    6.446521E-05
   6.446521E-05    6.446521E-05    6.446521E-05    6.446521E-05    6.446521E-05    6.446521E-05    6.446521E-05    6.446521E-05    6.446521E-05    6.446521E-05    6.446521E-05    6.446521E-05    6.446521E-05    6.446521E-05    6.446521E-05    6.446521E-05    6.446521E-05    6.446521E-05    6.446521E-05    6.446521E-05
   6.446521E-05    6.446521E-05    6.446521E-05    6.446521E-05    6.446521E-05    6.446521E-05    6.446521E-05    6.446521E-05    6.446521E-05    6.446521E-05    6.446521E-05    6.446521E-05    6.446521E-05    6.446521E-05    6.446521E-05    6.446521E-05    6.446521E-05    6.446521E-05    6.446521E-05    6.446521E-05
   6.446521E-05    6.446521E-05    6.446521E-05    6.446521E-05    6.446521E-05    6.446521E-05    6.446521E-05    6.446521E-05    6.446521E-05    6.446521E-05    6.446521E-05    6.446521E-05    6.446521E-05    6.446521E-05    6.446521E-05    6.446521E-05    6.446521E-05    6.446521E-05    6.446521E-05    6.446521E-05
   6.446521E-05    6.446521E-05    6.446521E-05    6.446521E-05    6.446521E-05    6.446521E-05    6.446521E-05    6.446521E-05    6.446521E-05    6.446521E-05    6.446521E-05    6.446521E-05    6.446521E-05    6.446521E-05    6.446521E-05    6.446521E-05    6.446521E-05    6.446521E-05    6.446521E-05    6.446521E-05
   6.446521E-05    6.446521E-05    6.446521E-05    6.446521E-05    6.446521E-05    6.446521E-05    6.446521E-05    6.446521E-05    6.446521E-05    6.446521E-05    6.446521E-05    6.446521E-05    6.446521E-05    6.446521E-05    6.446521E-05    6.446521E-05    6.446521E-05    6.446521E-05    6.446521E-05    6.446521E-05
   6.446521E-05    6.446521E-05    6.446521E-05    6.446521E-05    6.446521E-05    6.446521E-05    6.446521E-05    6.446521E-05    6.446521E-05    6.446521E-05    6.446521E-05    6.446521E-05    6.446521E-05    6.446521E-05    6.446521E-05    6.446521E-05    6.446521E-05    6.446521E-05    6.446521E-05    6.446521E-05
   6.446521E-05    6.446521E-05    6.446521E-05    6.446521E-05    6.446521E-05    6.446521E-05    6.446521E-05    6.446521E-05    6.446521E-05    6.446521E-05    6.446521E-05    6.446521E-05    6.446521E-05    6.446521E-05    6.446521E-05    6.446521E-05    6.446521E-05    6.446521E-05    6.446521E-05    6.446521E-05
   6.446521E-05    6.446521E-05    6.446521E-05    6.446521E-05    6.446521E-05    6.446521E-05    6.446521E-05    6.446521E-05    6.446521E-05    6.446521E-05    6.446521E-05    6.446521E-05    6.446521E-05    6.446521E-05    6.446521E-05    6.446521E-05    6.446521E-05    6.446521E-05    6.446521E-05    6.446521E-05
   5.304705E-05    6.446521E-05    6.446521E-05    6.446521E-05    6.446521E-05    6.446521E-05    6.446521E-05    6.446521E-05    6.446521E-05    6.446521E-05    6.446521E-05    6.446521E-05    6.446521E-05    6.446521E-05    6.446521E-05    6.446521E-05    6.446521E-05    6.446521E-05    6.446521E-05    6.446521E-05
   5.304705E-05    5.304705E-05    6.446521E-05    6.446521E-05    6.446521E-05    6.446521E-05    6.446521E-05    6.446521E-05    6.446521E-05    6.446521E-05    6.446521E-05    6.446521E-05    6.446521E-05    6.446521E-05    6.446521E-05    6.446521E-05    6.446521E-05    6.446521E-05    6.446521E-05    6.446521E-05
   5.304705E-05    5.304705E-05    5.304705E-05    6.446521E-05    6.446521E-05    6.446521E-05    6.446521E-05    6.446521E-05    6.446521E-05    6.446521E-05    6.446521E-05    6.446521E-05    6.446521E-05    6.446521E-05    6.446521E-05    6.446521E-05    6.446521E-05    6.446521E-05    6.446521E-05    6.446521E-05
   5.304705E-05    5.304705E-05    5.304705E-05    5.304705E-05    6.446521E-05    6.446521E-05    6.446521E-05    6.446521E-05    6.446521E-05    6.446521E-05    6.446521E-05    6.446521E-05    6.446521E-05    6.446521E-05    6.446521E-05    6.446521E-05    6.446521E-05    6.446521E-05    6.446521E-05    5.304705E-05
   5.304705E-05    5.304705E-05    5.304705E-05    5.304705E-05    6.446521E-05    6.446521E-05    6.446521E-05    6.446521E-05    6.446521E-05    6.446521E-05    6.446521E-05    6.446521E-05    6.446521E-05    6.446521E-05    6.446521E-05    6.446521E-05    6.446521E-05    6.446521E-05    6.446521E-05    5.304705E-05
   5.304705E-05    5.304705E-05    5.304705E-05    5.304705E-05    5.304705E-05    6.446521E-05    6.446521E-05    6.446521E-05    6.446521E-05    6.446521E-05    6.446521E-05    6.446521E-05    6.446521E-05    6.446521E-05    6.446521E-05    6.446521E-05    6.446521E-05    6.446521E-05    5.304705E-05    5.304705E-05
   5.304705E-05    5.304705E-05    5.304705E-05    5.304705E-05    5.304705E-05    6.446521E-05    6.446521E-05    6.446521E-05    6.446521E-05    6.446521E-05    6.446521E-05    6.446521E-05    6.446521E-05    6.446521E-05    6.446521E-05    6.446521E-05    6.446521E-05    5.304705E-05    5.304705E-05    5.304705E-05
   5.304705E-05    5.304705E-05    5.304705E-05    5.304705E-05    5.304705E-05    6.446521E-05    6.446521E-05    6.446521E-05    6.446521E-05    6.446521E-05    6.446521E-05    6.446521E-05    6.446521E-05    6.446521E-05    6.446521E-05    6.446521E-05    5.304705E-05    5.304705E-05    5.304705E-05    5.304705E-05
