   3.637387E+01    3.634889E+01    3.629981E+01    3.622813E+01    3.613611E+01    3.602651E+01    3.590241E+01    3.576732E+01    3.562425E+01    3.547599E+01    3.532443E+01    3.516992E+01    3.501175E+01    3.484923E+01    3.468217E+01    3.451077E+01    3.451876E+01    3.452536E+01    3.453001E+01    3.453240E+01
   3.637951E+01    3.635402E+01    3.630389E+01    3.623061E+01    3.613655E+01    3.602457E+01    3.589801E+01    3.576054E+01    3.561545E+01    3.546578E+01    3.531370E+01    3.515942E+01    3.500169E+01    3.483971E+01    3.467323E+01    3.450204E+01    3.450998E+01    3.451637E+01    3.452085E+01    3.452317E+01
   3.639115E+01    3.636466E+01    3.631244E+01    3.623595E+01    3.613769E+01    3.602088E+01    3.588930E+01    3.574713E+01    3.559801E+01    3.544546E+01    3.529220E+01    3.513825E+01    3.498113E+01    3.482014E+01    3.465507E+01    3.448534E+01    3.449246E+01    3.449824E+01    3.450241E+01    3.450461E+01
   3.640961E+01    3.638172E+01    3.632647E+01    3.624508E+01    3.614014E+01    3.601562E+01    3.587610E+01    3.572662E+01    3.557164E+01    3.541472E+01    3.525960E+01    3.510576E+01    3.494911E+01    3.478965E+01    3.462705E+01    3.446061E+01    3.446583E+01    3.447062E+01    3.447449E+01    3.447668E+01
   3.643612E+01    3.640666E+01    3.634772E+01    3.625969E+01    3.614492E+01    3.600894E+01    3.585763E+01    3.569737E+01    3.553456E+01    3.537276E+01    3.521464E+01    3.505973E+01    3.490431E+01    3.474730E+01    3.458841E+01    3.442739E+01    3.442942E+01    3.443306E+01    3.443698E+01    3.443949E+01
   3.647206E+01    3.644147E+01    3.637905E+01    3.628293E+01    3.615361E+01    3.600125E+01    3.583277E+01    3.565554E+01    3.548178E+01    3.531502E+01    3.515545E+01    3.500041E+01    3.484665E+01    3.469276E+01    3.453855E+01    3.438449E+01    3.438203E+01    3.438487E+01    3.438997E+01    3.439359E+01
   3.651836E+01    3.648830E+01    3.642507E+01    3.632139E+01    3.616831E+01    3.599360E+01    3.580140E+01    3.559571E+01    3.540818E+01    3.523836E+01    3.507993E+01    3.492704E+01    3.477605E+01    3.462579E+01    3.447659E+01    3.432970E+01    3.432022E+01    3.432451E+01    3.433382E+01    3.434035E+01
   3.657428E+01    3.654839E+01    3.649256E+01    3.639182E+01    3.618798E+01    3.598822E+01    3.576896E+01    3.550429E+01    3.530394E+01    3.513848E+01    3.498707E+01    3.483971E+01    3.469274E+01    3.454621E+01    3.440156E+01    3.425941E+01    3.423579E+01    3.424947E+01    3.427009E+01    3.428283E+01
   3.663521E+01    3.661818E+01    3.658621E+01    3.654918E+01    1.000000E+30    1.000000E+30    1.000000E+30    3.533618E+01    3.515268E+01    3.501294E+01    3.487868E+01    3.474058E+01    3.459784E+01    3.445419E+01    3.431419E+01    3.416954E+01    3.410543E+01    3.415799E+01    3.420399E+01    3.422732E+01
   3.669161E+01    3.668193E+01    3.666535E+01    3.665023E+01    1.000000E+30    1.000000E+30    1.000000E+30    1.000000E+30    3.494609E+01    3.487041E+01    3.476295E+01    3.463528E+01    3.449337E+01    3.434845E+01    3.422209E+01    3.406810E+01    3.384902E+01    3.406362E+01    3.415032E+01    3.418439E+01
   3.673518E+01    3.673025E+01    3.672217E+01    3.671514E+01    1.000000E+30    1.000000E+30    1.000000E+30    1.000000E+30    3.480056E+01    3.474768E+01    3.465654E+01    3.453388E+01    3.438186E+01    3.421416E+01    3.414762E+01    3.406647E+01    3.402312E+01    3.408699E+01    3.413887E+01    3.416472E+01
   3.676050E+01    3.675800E+01    3.675397E+01    3.675046E+01    1.000000E+30    1.000000E+30    1.000000E+30    1.000000E+30    3.469388E+01    3.465130E+01    3.457096E+01    3.445182E+01    3.427594E+01    3.396822E+01    3.407786E+01    3.406618E+01    3.407919E+01    3.411213E+01    3.414285E+01    3.416000E+01
   3.676533E+01    3.676389E+01    3.676161E+01    3.675971E+01    1.000000E+30    1.000000E+30    1.000000E+30    1.000000E+30    3.461601E+01    3.458082E+01    3.451350E+01    3.441615E+01    3.429024E+01    3.415112E+01    3.411926E+01    3.408444E+01    3.410564E+01    3.412927E+01    3.414980E+01    3.416148E+01
   3.674934E+01    3.674834E+01    3.674683E+01    3.674563E+01    1.000000E+30    1.000000E+30    1.000000E+30    1.000000E+30    3.455962E+01    3.453042E+01    3.447516E+01    3.439815E+01    3.430613E+01    3.421421E+01    3.415321E+01    3.410043E+01    3.412015E+01    3.413936E+01    3.415496E+01    3.416371E+01
   3.671300E+01    3.671216E+01    3.671096E+01    3.671004E+01    1.000000E+30    1.000000E+30    1.000000E+30    1.000000E+30    3.451861E+01    3.449383E+01    3.444737E+01    3.438404E+01    3.431014E+01    3.423473E+01    3.416849E+01    3.410730E+01    3.412571E+01    3.414293E+01    3.415636E+01    3.416374E+01
   3.665700E+01    3.665616E+01    3.665498E+01    3.665410E+01    1.000000E+30    1.000000E+30    1.000000E+30    1.000000E+30    3.448845E+01    3.446638E+01    3.442518E+01    3.436913E+01    3.430351E+01    3.423463E+01    3.416814E+01    3.410440E+01    3.412302E+01    3.414013E+01    3.415317E+01    3.416023E+01
   3.658197E+01    3.658094E+01    3.657950E+01    3.657845E+01    1.000000E+30    1.000000E+30    1.000000E+30    1.000000E+30    3.446628E+01    3.444519E+01    3.440576E+01    3.435192E+01    3.428841E+01    3.422078E+01    3.415448E+01    3.409204E+01    3.411240E+01    3.413115E+01    3.414528E+01    3.415283E+01
   3.648858E+01    3.648705E+01    3.648488E+01    3.648329E+01    1.000000E+30    1.000000E+30    1.000000E+30    1.000000E+30    3.445104E+01    3.442917E+01    3.438835E+01    3.433238E+01    3.426576E+01    3.419440E+01    3.412645E+01    3.406953E+01    3.409403E+01    3.411658E+01    3.413328E+01    3.414206E+01
   3.637754E+01    3.637495E+01    3.637113E+01    3.636825E+01    1.000000E+30    1.000000E+30    1.000000E+30    1.000000E+30    3.444343E+01    3.441882E+01    3.437354E+01    3.431147E+01    3.423621E+01    3.415350E+01    3.407701E+01    3.403438E+01    3.406831E+01    3.409784E+01    3.411862E+01    3.412924E+01
   3.625002E+01    3.624527E+01    3.623793E+01    3.623199E+01    1.000000E+30    1.000000E+30    1.000000E+30    1.000000E+30    3.444610E+01    3.441579E+01    3.436297E+01    3.429171E+01    3.420258E+01    3.409536E+01    3.398353E+01    3.398314E+01    3.403775E+01    3.407789E+01    3.410367E+01    3.411628E+01
   3.610829E+01    3.609947E+01    3.608480E+01    3.607137E+01    1.000000E+30    1.000000E+30    1.000000E+30    1.000000E+30    3.446465E+01    3.442189E+01    3.435827E+01    3.427786E+01    3.417558E+01    3.403063E+01    3.376797E+01    3.392353E+01    3.401242E+01    3.406239E+01    3.409148E+01    3.410521E+01
   3.595649E+01    3.594075E+01    3.591170E+01    3.587854E+01    1.000000E+30    1.000000E+30    3.465781E+01    3.460241E+01    3.451136E+01    3.443555E+01    3.435786E+01    3.427392E+01    3.417949E+01    3.407095E+01    3.395975E+01    3.396060E+01    3.401662E+01    3.405781E+01    3.408426E+01    3.409720E+01
   3.580102E+01    3.577626E+01    3.572386E+01    3.563310E+01    3.546400E+01    1.000000E+30    3.469698E+01    3.462345E+01    3.452928E+01    3.443811E+01    3.435136E+01    3.426843E+01    3.418570E+01    3.410245E+01    3.402845E+01    3.398912E+01    3.402619E+01    3.405799E+01    3.408019E+01    3.409149E+01
   3.565098E+01    3.562034E+01    3.555564E+01    3.544752E+01    3.527669E+01    3.501938E+01    3.479345E+01    3.465064E+01    3.453078E+01    3.442342E+01    3.432887E+01    3.425068E+01    3.418038E+01    3.411345E+01    3.405218E+01    3.400173E+01    3.403158E+01    3.405778E+01    3.407667E+01    3.408649E+01
   3.551216E+01    3.547939E+01    3.541199E+01    3.530617E+01    3.515784E+01    3.497273E+01    3.479268E+01    3.464118E+01    3.450655E+01    3.438312E+01    3.427744E+01    3.421260E+01    3.415984E+01    3.410769E+01    3.405497E+01    3.400289E+01    3.403115E+01    3.405491E+01    3.407190E+01    3.408075E+01
   3.538673E+01    3.535391E+01    3.528793E+01    3.518851E+01    3.505783E+01    3.490465E+01    3.474824E+01    3.460089E+01    3.445795E+01    3.431236E+01    3.417191E+01    3.414961E+01    3.412676E+01    3.409147E+01    3.404709E+01    3.399694E+01    3.402580E+01    3.404888E+01    3.406503E+01    3.407337E+01
   3.527478E+01    3.524242E+01    3.517819E+01    3.508348E+01    3.496199E+01    3.482227E+01    3.467833E+01    3.454149E+01    3.439915E+01    3.422360E+01    3.393293E+01    3.407374E+01    3.409402E+01    3.407338E+01    3.403504E+01    3.398710E+01    3.401684E+01    3.403990E+01    3.405577E+01    3.406391E+01
   3.517598E+01    3.514372E+01    3.508002E+01    3.498636E+01    3.486577E+01    3.472569E+01    3.458360E+01    3.447162E+01    3.436077E+01    3.423823E+01    3.411345E+01    3.410338E+01    3.408994E+01    3.406202E+01    3.402277E+01    3.397525E+01    3.400520E+01    3.402831E+01    3.404415E+01    3.405225E+01
   3.509034E+01    3.505749E+01    3.499301E+01    3.489746E+01    3.477047E+01    3.461254E+01    3.444026E+01    3.438460E+01    3.432146E+01    3.424318E+01    3.416666E+01    3.412338E+01    3.408842E+01    3.405123E+01    3.400905E+01    3.396138E+01    3.399110E+01    3.401428E+01    3.403024E+01    3.403843E+01
   3.501860E+01    3.498417E+01    3.491846E+01    3.482161E+01    3.468803E+01    3.449597E+01    3.416339E+01    3.429027E+01    3.428318E+01    3.423325E+01    3.417385E+01    3.412266E+01    3.407761E+01    3.403485E+01    3.399128E+01    3.394464E+01    3.397434E+01    3.399787E+01    3.401421E+01    3.402262E+01
   3.496254E+01    3.492359E+01    3.485679E+01    3.476456E+01    3.464635E+01    3.450209E+01    3.434768E+01    3.431264E+01    3.427280E+01    3.421923E+01    3.416012E+01    3.410378E+01    3.405329E+01    3.400898E+01    3.396721E+01    3.392413E+01    3.395469E+01    3.397918E+01    3.399630E+01    3.400518E+01
   3.492682E+01    3.487252E+01    3.480259E+01    3.471581E+01    3.461370E+01    3.450166E+01    3.439470E+01    3.432397E+01    3.426179E+01    3.419757E+01    3.413137E+01    3.406749E+01    3.401198E+01    3.397050E+01    3.393523E+01    3.389934E+01    3.393218E+01    3.395848E+01    3.397695E+01    3.398665E+01
   1.000000E+30    3.481902E+01    3.474753E+01    3.466534E+01    3.457438E+01    3.448010E+01    3.438999E+01    3.431212E+01    3.423925E+01    3.416537E+01    3.408870E+01    3.401194E+01    3.394620E+01    3.391596E+01    3.389477E+01    3.387062E+01    3.390740E+01    3.393636E+01    3.395681E+01    3.396796E+01
   1.000000E+30    1.000000E+30    3.468585E+01    3.460697E+01    3.452228E+01    3.443894E+01    3.435828E+01    3.428138E+01    3.420486E+01    3.412425E+01    3.403534E+01    3.393529E+01    3.383483E+01    3.384264E+01    3.384828E+01    3.384010E+01    3.388176E+01    3.391361E+01    3.393652E+01    3.395068E+01
   1.000000E+30    1.000000E+30    1.000000E+30    3.453817E+01    3.445324E+01    3.438021E+01    3.430865E+01    3.423690E+01    3.416226E+01    3.408047E+01    3.398338E+01    3.384929E+01    3.360412E+01    3.376181E+01    3.380678E+01    3.381269E+01    3.385744E+01    3.389085E+01    3.391569E+01    3.393794E+01
   1.000000E+30    1.000000E+30    1.000000E+30    1.000000E+30    3.435731E+01    3.430568E+01    3.424556E+01    3.418234E+01    3.411512E+01    3.404171E+01    3.395905E+01    3.386468E+01    3.376970E+01    3.378359E+01    3.379569E+01    3.379445E+01    3.383618E+01    3.386793E+01    3.388832E+01    1.000000E+30
   1.000000E+30    1.000000E+30    1.000000E+30    1.000000E+30    3.429862E+01    3.422592E+01    3.417255E+01    3.411958E+01    3.406302E+01    3.400199E+01    3.393699E+01    3.387138E+01    3.381660E+01    3.379804E+01    3.378962E+01    3.377945E+01    3.381688E+01    3.384789E+01    3.387246E+01    1.000000E+30
   1.000000E+30    1.000000E+30    1.000000E+30    1.000000E+30    1.000000E+30    3.411372E+01    3.408674E+01    3.404887E+01    3.400462E+01    3.395622E+01    3.390610E+01    3.385807E+01    3.381840E+01    3.379381E+01    3.377734E+01    3.376243E+01    3.379625E+01    3.382606E+01    1.000000E+30    1.000000E+30
   1.000000E+30    1.000000E+30    1.000000E+30    1.000000E+30    1.000000E+30    3.401657E+01    3.400035E+01    3.397352E+01    3.393999E+01    3.390258E+01    3.386410E+01    3.382764E+01    3.379663E+01    3.377335E+01    3.375591E+01    3.374110E+01    3.377218E+01    1.000000E+30    1.000000E+30    1.000000E+30
   1.000000E+30    1.000000E+30    1.000000E+30    1.000000E+30    1.000000E+30    3.392487E+01    3.391398E+01    3.389458E+01    3.386938E+01    3.384103E+01    3.381176E+01    3.378381E+01    3.375917E+01    3.373939E+01    3.372461E+01    3.371523E+01    1.000000E+30    1.000000E+30    1.000000E+30    1.000000E+30
