   2.484849E-05    2.193482E-05    1.424300E-05    2.284180E-05    2.873040E-05    3.742119E-05    4.682272E-05    4.608768E-05    2.823976E-05    2.389183E-05    1.920530E-05    1.851425E-05    1.951959E-05    1.619729E-05    2.015705E-05    2.149286E-05    3.144402E-05    3.469726E-05    4.497312E-05    3.549859E-05
   3.370715E-05    2.745685E-05    2.735955E-05    3.033659E-05    3.121200E-05    3.653494E-05    4.707745E-05    4.784030E-05    2.771987E-05    1.895172E-05    1.744727E-05    9.708237E-06    1.116688E-05    1.500513E-05    1.765203E-05    2.703036E-05    5.602015E-05    5.175677E-05    4.258811E-05    4.648149E-05
   3.834912E-05    3.984756E-05    2.849445E-05    2.978114E-05    2.709131E-05    4.499587E-05    4.710684E-05    4.021526E-05    1.995586E-05    1.908862E-05    1.924060E-05    1.241753E-05    1.764317E-05    1.528086E-05    3.251951E-05    3.669175E-05    3.889360E-05    2.426648E-05    4.963081E-05    4.059898E-05
   2.906695E-05    3.808594E-05    3.202263E-05    1.990793E-05    3.062781E-05    3.297728E-05    4.501841E-05    4.072762E-05    2.302937E-05    1.714465E-05    1.602941E-05    9.276486E-06    1.446980E-05    1.167942E-05    2.147987E-05    2.561726E-05    2.826689E-05    2.476910E-05    2.834536E-05    2.697896E-05
   2.179823E-05    2.350771E-05    3.409578E-05    1.732944E-05    2.083670E-05    4.495920E-05    3.011146E-05    3.966150E-05    2.116434E-05    2.133358E-05    2.467441E-05    1.352892E-05    1.065236E-05    1.199166E-05    2.142088E-05    2.728658E-05    3.323862E-05    1.842684E-05    4.096816E-05    4.674097E-05
   2.851406E-05    3.271537E-05    4.455132E-05    2.050891E-05    2.049274E-05    2.184489E-05    4.129878E-05    3.792837E-05    2.412411E-05    1.537548E-05    2.198243E-05    1.446403E-05    1.298782E-05    1.094025E-05    1.423359E-05    2.246086E-05    2.614351E-05    1.503020E-05    1.677153E-05    3.125828E-05
   3.514090E-05    4.242272E-05    2.868140E-05    2.722800E-05    1.911344E-05    2.718844E-05    2.941104E-05    3.705807E-05    1.709167E-05    1.270351E-05    2.034821E-05    9.097668E-06    7.436304E-06    7.026110E-06    6.887542E-06    9.372765E-06    1.400469E-05    2.234695E-05    1.959996E-05    2.672824E-05
   4.286880E-05    3.967077E-05    5.579236E-05    4.721935E-05    2.677900E-05    3.055846E-05    2.970848E-05    3.720767E-05    1.889954E-05    1.778737E-05    1.986914E-05    1.037658E-05    8.948103E-06    9.743090E-06    7.912580E-06    9.008702E-06    1.403124E-05    1.579661E-05    1.263756E-05    2.294997E-05
   3.877966E-05    2.605640E-05    4.552281E-05    3.760973E-05    5.304705E-05    5.304705E-05    5.304705E-05    3.070740E-05    2.529638E-05    1.147814E-05    1.377602E-05    1.548348E-05    6.363766E-06    5.178588E-06    6.744179E-06    9.853037E-06    8.506735E-06    1.569066E-05    1.355105E-05    1.190436E-05
   3.430808E-05    2.441000E-05    2.837828E-05    3.947264E-05    5.304705E-05    5.304705E-05    5.304705E-05    5.304705E-05    1.952598E-05    2.079164E-05    2.149666E-05    1.256631E-05    6.727417E-06    5.238146E-06    6.417185E-06    1.386466E-05    9.978770E-06    1.249603E-05    1.606518E-05    1.179496E-05
   3.717957E-05    3.494696E-05    3.588897E-05    8.329681E-05    5.304705E-05    5.304705E-05    5.304705E-05    5.304705E-05    2.485184E-05    2.705443E-05    2.291820E-05    1.533290E-05    1.052621E-05    1.144639E-05    1.411232E-05    1.550237E-05    1.350170E-05    1.775909E-05    1.392752E-05    1.338321E-05
   2.337427E-05    3.904461E-05    5.869903E-05    7.527545E-05    5.304705E-05    5.304705E-05    5.304705E-05    5.304705E-05    3.309539E-05    1.739822E-05    1.330701E-05    2.024248E-05    1.296940E-05    1.246075E-05    1.836030E-05    1.712858E-05    2.624308E-05    1.736736E-05    1.111420E-05    1.337958E-05
   3.402536E-05    3.110823E-05    4.333306E-05    6.164729E-05    5.304705E-05    5.304705E-05    5.304705E-05    5.304705E-05    2.631530E-05    2.433725E-05    1.592790E-05    2.549197E-05    1.903526E-05    1.638747E-05    1.174999E-05    1.620013E-05    1.851263E-05    1.160331E-05    1.345071E-05    6.753478E-06
   3.294399E-05    5.296691E-05    5.682505E-05    7.357919E-05    5.304705E-05    5.304705E-05    5.304705E-05    5.304705E-05    5.799635E-05    2.556512E-05    2.377313E-05    1.872459E-05    1.472095E-05    1.443289E-05    1.765806E-05    1.432664E-05    1.420722E-05    1.112518E-05    1.361953E-05    1.774715E-05
   4.360912E-05    4.786741E-05    6.952820E-05    8.920177E-05    5.304705E-05    5.304705E-05    5.304705E-05    5.304705E-05    4.692275E-05    2.716389E-05    1.966269E-05    2.486564E-05    1.754251E-05    1.417956E-05    1.739452E-05    1.082273E-05    1.178032E-05    1.372607E-05    1.656468E-05    2.535548E-05
   4.832438E-05    5.265391E-05    8.234494E-05    9.008730E-05    5.304705E-05    5.304705E-05    5.304705E-05    5.304705E-05    3.817918E-05    1.874215E-05    1.098674E-05    1.245142E-05    1.306240E-05    8.032852E-06    1.742085E-05    1.220353E-05    1.162076E-05    1.689380E-05    2.098636E-05    3.555841E-05
   5.058487E-05    9.489895E-05    1.190256E-04    6.479341E-05    5.304705E-05    5.304705E-05    5.304705E-05    5.304705E-05    2.238304E-05    1.840811E-05    1.441853E-05    1.752950E-05    1.746014E-05    1.336654E-05    1.117025E-05    1.146297E-05    1.968712E-05    1.510328E-05    2.655843E-05    3.965054E-05
   7.489601E-05    5.197062E-05    6.015155E-05    5.115537E-05    5.304705E-05    5.304705E-05    5.304705E-05    5.304705E-05    2.703105E-05    1.729642E-05    2.441298E-05    2.776413E-05    1.642123E-05    9.894367E-06    9.276224E-06    1.749899E-05    2.388165E-05    3.087560E-05    4.171824E-05    5.355118E-05
   7.062778E-05    6.016399E-05    5.068459E-05    4.748256E-05    5.304705E-05    5.304705E-05    5.304705E-05    5.304705E-05    3.394811E-05    1.563406E-05    1.872363E-05    4.113516E-05    2.477254E-05    1.353444E-05    1.481079E-05    1.658840E-05    2.882430E-05    3.369468E-05    3.457439E-05    4.013184E-05
   8.691673E-05    6.223524E-05    3.340241E-05    4.084490E-05    5.304705E-05    5.304705E-05    5.304705E-05    5.304705E-05    1.689625E-05    1.945176E-05    1.111185E-05    2.608668E-05    1.928430E-05    2.003793E-05    1.990539E-05    1.871433E-05    2.318145E-05    2.687486E-05    3.823506E-05    2.472399E-05
   3.436309E-05    4.492016E-05    1.704031E-05    2.906609E-05    5.304705E-05    5.304705E-05    5.304705E-05    5.304705E-05    3.107945E-05    2.680692E-05    2.201935E-05    3.244224E-05    4.734723E-05    2.954356E-05    2.254987E-05    2.205800E-05    1.830583E-05    2.206589E-05    2.274925E-05    2.603663E-05
   2.179903E-05    2.027569E-05    1.855180E-05    1.754347E-05    5.304705E-05    5.304705E-05    2.331045E-05    2.635825E-05    3.898504E-05    2.779007E-05    3.011961E-05    3.760868E-05    6.299998E-05    7.333004E-05    2.841734E-05    2.028846E-05    1.809523E-05    1.563501E-05    1.469044E-05    2.358007E-05
   1.802909E-05    1.904427E-05    1.867878E-05    2.095703E-05    3.378079E-05    5.304705E-05    2.016164E-05    2.399955E-05    3.218510E-05    4.735792E-05    6.567981E-05    4.690644E-05    4.113447E-05    3.604795E-05    3.124049E-05    2.521815E-05    3.102921E-05    1.931687E-05    1.350787E-05    2.038581E-05
   1.419769E-05    3.261591E-05    2.171256E-05    3.057888E-05    2.098670E-05    3.390899E-05    1.599608E-05    2.952134E-05    4.776896E-05    5.064841E-05    6.520379E-05    6.028399E-05    4.763524E-05    5.209887E-05    4.047526E-05    3.030935E-05    3.126437E-05    1.535240E-05    2.020288E-05    1.862575E-05
   1.708618E-05    3.703331E-05    3.753888E-05    4.148979E-05    2.983744E-05    3.033452E-05    2.005198E-05    3.017031E-05    5.399000E-05    4.658274E-05    5.294824E-05    6.816323E-05    8.617637E-05    4.921764E-05    4.738166E-05    2.780187E-05    2.567409E-05    2.479658E-05    2.565426E-05    2.755529E-05
   2.500034E-05    4.164771E-05    5.501267E-05    4.630304E-05    3.002796E-05    2.314924E-05    3.180086E-05    4.262166E-05    5.015403E-05    5.432965E-05    5.670373E-05    7.272447E-05    5.953242E-05    5.486088E-05    3.963767E-05    3.683099E-05    2.838358E-05    3.185412E-05    2.057767E-05    2.947652E-05
   3.499030E-05    3.936362E-05    4.566197E-05    5.185108E-05    3.711889E-05    3.010158E-05    3.660086E-05    3.853129E-05    6.758474E-05    8.387741E-05    5.459702E-05    6.718846E-05    5.595315E-05    3.614956E-05    4.323315E-05    3.999496E-05    2.682675E-05    3.004437E-05    3.295404E-05    2.404446E-05
   5.721257E-05    5.696876E-05    6.788980E-05    4.103132E-05    5.990837E-05    6.098155E-05    4.223510E-05    3.013843E-05    5.947553E-05    8.394610E-05    8.055720E-05    4.772780E-05    4.173619E-05    3.350996E-05    3.113573E-05    3.320511E-05    2.025816E-05    1.860585E-05    2.370201E-05    2.304536E-05
   1.193459E-04    1.140570E-04    7.681673E-05    4.447741E-05    2.327890E-05    2.616800E-05    4.300970E-05    3.012810E-05    3.486906E-05    6.322126E-05    5.811835E-05    6.894356E-05    6.289125E-05    2.679015E-05    2.126417E-05    2.039872E-05    1.295452E-05    1.754463E-05    1.536556E-05    3.077232E-05
   1.219236E-04    1.219717E-04    5.588166E-05    5.296552E-05    2.315893E-05    2.771651E-05    5.240781E-05    4.145280E-05    5.233070E-05    2.966528E-05    4.077963E-05    5.264267E-05    3.382025E-05    2.279769E-05    1.723742E-05    1.814063E-05    1.339634E-05    1.293701E-05    1.274704E-05    2.079070E-05
   1.016938E-04    1.401873E-04    5.691946E-05    2.942130E-05    2.465642E-05    2.606249E-05    3.957576E-05    3.043956E-05    2.438045E-05    2.489332E-05    3.522562E-05    4.721588E-05    3.931687E-05    3.217980E-05    2.303550E-05    2.062989E-05    9.509719E-06    1.583307E-05    1.404116E-05    1.221420E-05
   1.051210E-04    1.392861E-04    1.139182E-04    5.774332E-05    5.603960E-05    4.853060E-05    3.262707E-05    3.269931E-05    4.135490E-05    3.071731E-05    5.904229E-05    3.297432E-05    5.906466E-05    6.542563E-05    3.496014E-05    2.317132E-05    2.192596E-05    1.983132E-05    1.220115E-05    1.409400E-05
   5.304705E-05    1.111783E-04    9.574091E-05    5.868898E-05    4.725851E-05    4.553149E-05    3.476047E-05    5.062874E-05    3.501085E-05    3.718835E-05    5.643667E-05    6.518655E-05    7.321321E-05    3.441677E-05    2.679719E-05    1.977781E-05    2.900284E-05    1.829272E-05    1.906455E-05    1.689549E-05
   5.304705E-05    5.304705E-05    1.354720E-04    6.073992E-05    5.512306E-05    5.742650E-05    4.402093E-05    4.454917E-05    3.632864E-05    5.191619E-05    6.222471E-05    7.078271E-05    5.820960E-05    5.643542E-05    2.211042E-05    1.628265E-05    1.875632E-05    2.332480E-05    1.903628E-05    2.142473E-05
   5.304705E-05    5.304705E-05    5.304705E-05    5.441424E-05    4.642835E-05    5.494851E-05    9.806185E-05    6.594904E-05    3.858730E-05    4.892106E-05    9.159392E-05    4.600067E-05    7.036098E-05    3.646633E-05    1.717492E-05    2.182663E-05    2.204172E-05    2.213175E-05    1.743586E-05    3.072944E-05
   5.304705E-05    5.304705E-05    5.304705E-05    5.304705E-05    4.041332E-05    6.234265E-05    7.010468E-05    6.541641E-05    6.092741E-05    4.986986E-05    5.383046E-05    4.216757E-05    3.885662E-05    2.431239E-05    2.646989E-05    2.428858E-05    2.521424E-05    3.539455E-05    2.376053E-05    5.304705E-05
   5.304705E-05    5.304705E-05    5.304705E-05    5.304705E-05    2.989438E-05    3.934028E-05    4.303242E-05    5.968904E-05    5.729843E-05    3.653724E-05    3.919544E-05    3.069046E-05    2.790292E-05    3.661149E-05    3.754512E-05    3.618616E-05    4.746157E-05    2.953974E-05    2.201997E-05    5.304705E-05
   5.304705E-05    5.304705E-05    5.304705E-05    5.304705E-05    5.304705E-05    3.617701E-05    4.290792E-05    5.576997E-05    4.651932E-05    2.730944E-05    3.747904E-05    2.944516E-05    2.540636E-05    4.072727E-05    3.375596E-05    3.675773E-05    2.170938E-05    1.808721E-05    5.304705E-05    5.304705E-05
   5.304705E-05    5.304705E-05    5.304705E-05    5.304705E-05    5.304705E-05    2.987944E-05    4.106032E-05    3.884104E-05    3.529241E-05    1.600658E-05    3.601961E-05    3.761507E-05    2.313896E-05    3.520248E-05    4.064957E-05    3.036122E-05    1.799840E-05    5.304705E-05    5.304705E-05    5.304705E-05
   5.304705E-05    5.304705E-05    5.304705E-05    5.304705E-05    5.304705E-05    4.365738E-05    2.343262E-05    2.961448E-05    2.936028E-05    5.442196E-05    4.703849E-05    5.340890E-05    2.588695E-05    1.887276E-05    2.426097E-05    1.556948E-05    5.304705E-05    5.304705E-05    5.304705E-05    5.304705E-05
