 3.21613774294 3.21613774294 3.21613774294 3.21613774294 3.21613774294 3.21613774294 3.21613774294 3.21613774294 3.21613774294 3.21613774294 3.21613774294 3.21613774294 3.21613774294 3.21613774294 3.21613774294 3.21613774294 3.21613774294 3.21613774294 3.21613774294 3.21613774294
 3.21613774294 3.21613774294 3.21613774294 3.21613774294 3.21613774294 3.21613774294 3.21613774294 3.21613774294 3.21613774294 3.21613774294 3.21613774294 3.21613774294 3.21613774294 3.21613774294 3.21613774294 3.21613774294 3.21613774294 3.21613774294 3.21613774294 3.21613774294
 3.21613774294 3.21613774294 3.21613774294 3.21613774294 3.21613774294 3.21613774294 3.21613774294 3.21613774294 3.21613774294 3.21613774294 3.21613774294 3.21613774294 3.21613774294 3.21613774294 3.21613774294 3.21613774294 3.21613774294 3.21613774294 3.21613774294 3.21613774294
 3.21613774294 3.21613774294 3.21613774294 3.21613774294 3.21613774294 3.21613774294 3.21613774294 3.21613774294 3.21613774294 3.21613774294 3.21613774294 3.21613774294 3.21613774294 3.21613774294 3.21613774294 3.21613774294 3.21613774294 3.21613774294 3.21613774294 3.21613774294
 3.21613774294 3.21613774294 3.21613774294 3.21613774294 3.21613774294 3.21613774294 3.21613774294 3.21613774294 3.21613774294 3.21613774294 3.21613774294 3.21613774294 3.21613774294 3.21613774294 3.21613774294 3.21613774294 3.21613774294 3.21613774294 3.21613774294 3.21613774294
 3.21613774294 3.21613774294 3.21613774294 3.21613774294 3.21613774294 3.21613774294 3.21613774294 3.21613774294 3.21613774294 3.21613774294 3.21613774294 3.21613774294 3.21613774294 3.21613774294 3.21613774294 3.21613774294 3.21613774294 3.21613774294 3.21613774294 3.21613774294
 3.21613774294 3.21613774294 3.21613774294 3.21613774294 3.21613774294 3.21613774294 3.21613774294 3.21613774294 3.21613774294 3.21613774294 3.21613774294 3.21613774294 3.21613774294 3.21613774294 3.21613774294 3.21613774294 3.21613774294 3.21613774294 3.21613774294 3.21613774294
 3.21613774294 3.21613774294 3.21613774294 3.21613774294 3.21613774294 3.21613774294 3.21613774294 3.21613774294 3.21613774294 3.21613774294 3.21613774294 3.21613774294 3.21613774294 3.21613774294 3.21613774294 3.21613774294 3.21613774294 3.21613774294 3.21613774294 3.21613774294
 3.21613774294 3.21613774294 3.21613774294 3.21613774294 3.21613774294 3.21613774294 3.21613774294 3.21613774294 3.21613774294 3.21613774294 3.21613774294 3.21613774294 3.21613774294 3.21613774294 3.21613774294 3.21613774294 3.21613774294 3.21613774294 3.21613774294 3.21613774294
 3.21613774294 3.21613774294 3.21613774294 3.21613774294 3.21613774294 3.21613774294 3.21613774294 3.21613774294 3.21613774294 3.21613774294 3.21613774294 3.21613774294 3.21613774294 3.21613774294 3.21613774294 3.21613774294 3.21613774294 3.21613774294 3.21613774294 3.21613774294
 3.21613774294 3.21613774294 3.21613774294 3.21613774294 3.21613774294 3.21613774294 3.21613774294 3.21613774294 3.21613774294 3.21613774294 3.21613774294 3.21613774294 3.21613774294 3.21613774294 3.21613774294 3.21613774294 3.21613774294 3.21613774294 3.21613774294 3.21613774294
 3.21613774294 3.21613774294 3.21613774294 3.21613774294 3.21613774294 3.21613774294 3.21613774294 3.21613774294 3.21613774294 3.21613774294 3.21613774294 3.21613774294 3.21613774294 3.21613774294 3.21613774294 3.21613774294 3.21613774294 3.21613774294 3.21613774294 3.21613774294
 3.21613774294 3.21613774294 3.21613774294 3.21613774294 3.21613774294 3.21613774294 3.21613774294 3.21613774294 3.21613774294 3.21613774294 3.21613774294 3.21613774294 3.21613774294 3.21613774294 3.21613774294 3.21613774294 3.21613774294 3.21613774294 3.21613774294 3.21613774294
 3.21613774294 3.21613774294 3.21613774294 3.21613774294 3.21613774294 3.21613774294 3.21613774294 3.21613774294 3.21613774294 3.21613774294 3.21613774294 3.21613774294 3.21613774294 3.21613774294 3.21613774294 3.21613774294 3.21613774294 3.21613774294 3.21613774294 3.21613774294
 3.21613774294 3.21613774294 3.21613774294 3.21613774294 3.21613774294 3.21613774294 3.21613774294 3.21613774294 3.21613774294 3.21613774294 3.21613774294 3.21613774294 3.21613774294 3.21613774294 3.21613774294 3.21613774294 3.21613774294 3.21613774294 3.21613774294 3.21613774294
 3.21613774294 3.21613774294 3.21613774294 3.21613774294 3.21613774294 3.21613774294 3.21613774294 3.21613774294 3.21613774294 3.21613774294 3.21613774294 3.21613774294 3.21613774294 3.21613774294 3.21613774294 3.21613774294 3.21613774294 3.21613774294 3.21613774294 3.21613774294
 3.21613774294 3.21613774294 3.21613774294 3.21613774294 3.21613774294 3.21613774294 3.21613774294 3.21613774294 3.21613774294 3.21613774294 3.21613774294 3.21613774294 3.21613774294 3.21613774294 3.21613774294 3.21613774294 3.21613774294 3.21613774294 3.21613774294 3.21613774294
 3.21613774294 3.21613774294 3.21613774294 3.21613774294 3.21613774294 3.21613774294 3.21613774294 3.21613774294 3.21613774294 3.21613774294 3.21613774294 3.21613774294 3.21613774294 3.21613774294 3.21613774294 3.21613774294 3.21613774294 3.21613774294 3.21613774294 3.21613774294
 3.21613774294 3.21613774294 3.21613774294 3.21613774294 3.21613774294 3.21613774294 3.21613774294 3.21613774294 3.21613774294 3.21613774294 3.21613774294 3.21613774294 3.21613774294 3.21613774294 3.21613774294 3.21613774294 3.21613774294 3.21613774294 3.21613774294 3.21613774294
 3.21613774294 3.21613774294 3.21613774294 3.21613774294 3.21613774294 3.21613774294 3.21613774294 3.21613774294 3.21613774294 3.21613774294 3.21613774294 3.21613774294 3.21613774294 3.21613774294 3.21613774294 3.21613774294 3.21613774294 3.21613774294 3.21613774294 3.21613774294
 3.21613774294 3.21613774294 3.21613774294 3.21613774294 3.21613774294 3.21613774294 3.21613774294 3.21613774294 3.21613774294 3.21613774294 3.21613774294 3.21613774294 3.21613774294 3.21613774294 3.21613774294 3.21613774294 3.21613774294 3.21613774294 3.21613774294 3.21613774294
 3.21613774294 3.21613774294 3.21613774294 3.21613774294 3.21613774294 3.21613774294 3.21613774294 3.21613774294 3.21613774294 3.21613774294 3.21613774294 3.21613774294 3.21613774294 3.21613774294 3.21613774294 3.21613774294 3.21613774294 3.21613774294 3.21613774294 3.21613774294
 3.21613774294 3.21613774294 3.21613774294 3.21613774294 3.21613774294 3.21613774294 3.21613774294 3.21613774294 3.21613774294 3.21613774294 3.21613774294 3.21613774294 3.21613774294 3.21613774294 3.21613774294 3.21613774294 3.21613774294 3.21613774294 3.21613774294 3.21613774294
 3.21613774294 3.21613774294 3.21613774294 3.21613774294 3.21613774294 3.21613774294 3.21613774294 3.21613774294 3.21613774294 3.21613774294 3.21613774294 3.21613774294 3.21613774294 3.21613774294 3.21613774294 3.21613774294 3.21613774294 3.21613774294 3.21613774294 3.21613774294
 3.21613774294 3.21613774294 3.21613774294 3.21613774294 3.21613774294 3.21613774294 3.21613774294 3.21613774294 3.21613774294 3.21613774294 3.21613774294 3.21613774294 3.21613774294 3.21613774294 3.21613774294 3.21613774294 3.21613774294 3.21613774294 3.21613774294 3.21613774294
 3.21613774294 3.21613774294 3.21613774294 3.21613774294 3.21613774294 3.21613774294 3.21613774294 3.21613774294 3.21613774294 3.21613774294 3.21613774294 3.21613774294 3.21613774294 3.21613774294 3.21613774294 3.21613774294 3.21613774294 3.21613774294 3.21613774294 3.21613774294
 3.21613774294 3.21613774294 3.21613774294 3.21613774294 3.21613774294 3.21613774294 3.21613774294 3.21613774294 3.21613774294 3.21613774294 3.21613774294 3.21613774294 3.21613774294 3.21613774294 3.21613774294 3.21613774294 3.21613774294 3.21613774294 3.21613774294 3.21613774294
 3.21613774294 3.21613774294 3.21613774294 3.21613774294 3.21613774294 3.21613774294 3.21613774294 3.21613774294 3.21613774294 3.21613774294 3.21613774294 3.21613774294 3.21613774294 3.21613774294 3.21613774294 3.21613774294 3.21613774294 3.21613774294 3.21613774294 3.21613774294
 3.21613774294 3.21613774294 3.21613774294 3.21613774294 3.21613774294 3.21613774294 3.21613774294 3.21613774294 3.21613774294 3.21613774294 3.21613774294 3.21613774294 3.21613774294 3.21613774294 3.21613774294 3.21613774294 3.21613774294 3.21613774294 3.21613774294 3.21613774294
 3.21613774294 3.21613774294 3.21613774294 3.21613774294 3.21613774294 3.21613774294 3.21613774294 3.21613774294 3.21613774294 3.21613774294 3.21613774294 3.21613774294 3.21613774294 3.21613774294 3.21613774294 3.21613774294 3.21613774294 3.21613774294 3.21613774294 3.21613774294
 3.21613774294 3.21613774294 3.21613774294 3.21613774294 3.21613774294 3.21613774294 3.21613774294 3.21613774294 3.21613774294 3.21613774294 3.21613774294 3.21613774294 3.21613774294 3.21613774294 3.21613774294 3.21613774294 3.21613774294 3.21613774294 3.21613774294 3.21613774294
 3.21613774294 3.21613774294 3.21613774294 3.21613774294 3.21613774294 3.21613774294 3.21613774294 3.21613774294 3.21613774294 3.21613774294 3.21613774294 3.21613774294 3.21613774294 3.21613774294 3.21613774294 3.21613774294 3.21613774294 3.21613774294 3.21613774294 3.21613774294
 3.21613774294 3.21613774294 3.21613774294 3.21613774294 3.21613774294 3.21613774294 3.21613774294 3.21613774294 3.21613774294 3.21613774294 3.21613774294 3.21613774294 3.21613774294 3.21613774294 3.21613774294 3.21613774294 3.21613774294 3.21613774294 3.21613774294 3.21613774294
 3.21613774294 3.21613774294 3.21613774294 3.21613774294 3.21613774294 3.21613774294 3.21613774294 3.21613774294 3.21613774294 3.21613774294 3.21613774294 3.21613774294 3.21613774294 3.21613774294 3.21613774294 3.21613774294 3.21613774294 3.21613774294 3.21613774294 3.21613774294
 3.21613774294 3.21613774294 3.21613774294 3.21613774294 3.21613774294 3.21613774294 3.21613774294 3.21613774294 3.21613774294 3.21613774294 3.21613774294 3.21613774294 3.21613774294 3.21613774294 3.21613774294 3.21613774294 3.21613774294 3.21613774294 3.21613774294 3.21613774294
 3.21613774294 3.21613774294 3.21613774294 3.21613774294 3.21613774294 3.21613774294 3.21613774294 3.21613774294 3.21613774294 3.21613774294 3.21613774294 3.21613774294 3.21613774294 3.21613774294 3.21613774294 3.21613774294 3.21613774294 3.21613774294 3.21613774294 3.21613774294
 3.21613774294 3.21613774294 3.21613774294 3.21613774294 3.21613774294 3.21613774294 3.21613774294 3.21613774294 3.21613774294 3.21613774294 3.21613774294 3.21613774294 3.21613774294 3.21613774294 3.21613774294 3.21613774294 3.21613774294 3.21613774294 3.21613774294 3.21613774294
 3.21613774294 3.21613774294 3.21613774294 3.21613774294 3.21613774294 3.21613774294 3.21613774294 3.21613774294 3.21613774294 3.21613774294 3.21613774294 3.21613774294 3.21613774294 3.21613774294 3.21613774294 3.21613774294 3.21613774294 3.21613774294 3.21613774294 3.21613774294
 3.21613774294 3.21613774294 3.21613774294 3.21613774294 3.21613774294 3.21613774294 3.21613774294 3.21613774294 3.21613774294 3.21613774294 3.21613774294 3.21613774294 3.21613774294 3.21613774294 3.21613774294 3.21613774294 3.21613774294 3.21613774294 3.21613774294 3.21613774294
 3.21613774294 3.21613774294 3.21613774294 3.21613774294 3.21613774294 3.21613774294 3.21613774294 3.21613774294 3.21613774294 3.21613774294 3.21613774294 3.21613774294 3.21613774294 3.21613774294 3.21613774294 3.21613774294 3.21613774294 3.21613774294 3.21613774294 3.21613774294
