   3.663226E+01    3.660661E+01    3.655615E+01    3.648233E+01    3.638735E+01    3.627383E+01    3.614476E+01    3.600352E+01    3.585297E+01    3.569574E+01    3.553349E+01    3.536629E+01    3.519300E+01    3.501247E+01    3.482405E+01    3.462744E+01    3.465027E+01    3.466803E+01    3.468012E+01    3.468622E+01
   3.663795E+01    3.661179E+01    3.656027E+01    3.648484E+01    3.638779E+01    3.627188E+01    3.614031E+01    3.599666E+01    3.584406E+01    3.568538E+01    3.552264E+01    3.535572E+01    3.518293E+01    3.500299E+01    3.481520E+01    3.461883E+01    3.464158E+01    3.465912E+01    3.467102E+01    3.467703E+01
   3.664970E+01    3.662252E+01    3.656890E+01    3.649024E+01    3.638895E+01    3.626815E+01    3.613150E+01    3.598308E+01    3.582639E+01    3.566481E+01    3.550091E+01    3.533440E+01    3.516229E+01    3.498343E+01    3.479714E+01    3.460229E+01    3.462421E+01    3.464112E+01    3.465268E+01    3.465856E+01
   3.666834E+01    3.663975E+01    3.658308E+01    3.649947E+01    3.639142E+01    3.626282E+01    3.611814E+01    3.596233E+01    3.579971E+01    3.563369E+01    3.546797E+01    3.530166E+01    3.513010E+01    3.495288E+01    3.476920E+01    3.457777E+01    3.459776E+01    3.461366E+01    3.462488E+01    3.463072E+01
   3.669512E+01    3.666496E+01    3.660457E+01    3.651425E+01    3.639625E+01    3.625604E+01    3.609942E+01    3.593269E+01    3.576218E+01    3.559127E+01    3.542252E+01    3.525517E+01    3.508497E+01    3.491035E+01    3.473058E+01    3.454487E+01    3.456156E+01    3.457623E+01    3.458748E+01    3.459362E+01
   3.673146E+01    3.670018E+01    3.663630E+01    3.653781E+01    3.640506E+01    3.624821E+01    3.607414E+01    3.589018E+01    3.570861E+01    3.553281E+01    3.536270E+01    3.519529E+01    3.502688E+01    3.485556E+01    3.468072E+01    3.450235E+01    3.451441E+01    3.452819E+01    3.454057E+01    3.454782E+01
   3.677834E+01    3.674763E+01    3.668298E+01    3.657687E+01    3.641996E+01    3.624040E+01    3.604216E+01    3.582916E+01    3.563370E+01    3.545499E+01    3.528626E+01    3.512122E+01    3.495577E+01    3.478831E+01    3.461876E+01    3.444797E+01    3.445288E+01    3.446802E+01    3.448456E+01    3.449470E+01
   3.683502E+01    3.680859E+01    3.675156E+01    3.664856E+01    3.643996E+01    3.623487E+01    3.600899E+01    3.573553E+01    3.552724E+01    3.535335E+01    3.519213E+01    3.503301E+01    3.487190E+01    3.470846E+01    3.454377E+01    3.437812E+01    3.436883E+01    3.439326E+01    3.442102E+01    3.443733E+01
   3.689686E+01    3.687948E+01    3.684687E+01    3.680905E+01    1.000000E+30    1.000000E+30    1.000000E+30    3.556260E+01    3.537228E+01    3.522533E+01    3.508213E+01    3.493287E+01    3.477643E+01    3.461623E+01    3.445650E+01    3.428873E+01    3.423906E+01    3.430215E+01    3.435516E+01    3.438199E+01
   3.695421E+01    3.694434E+01    3.692744E+01    3.691202E+01    1.000000E+30    1.000000E+30    1.000000E+30    1.000000E+30    3.516023E+01    3.507985E+01    3.496464E+01    3.482655E+01    3.467147E+01    3.451041E+01    3.436458E+01    3.418777E+01    3.398380E+01    3.420822E+01    3.430171E+01    3.433923E+01
   3.699870E+01    3.699368E+01    3.698545E+01    3.697831E+01    1.000000E+30    1.000000E+30    1.000000E+30    1.000000E+30    3.501150E+01    3.495483E+01    3.485674E+01    3.472427E+01    3.455963E+01    3.437628E+01    3.429029E+01    3.418627E+01    3.415725E+01    3.423153E+01    3.429033E+01    3.431966E+01
   3.702491E+01    3.702237E+01    3.701828E+01    3.701472E+01    1.000000E+30    1.000000E+30    1.000000E+30    1.000000E+30    3.490284E+01    3.485686E+01    3.477002E+01    3.464153E+01    3.445355E+01    3.413121E+01    3.422078E+01    3.418616E+01    3.421322E+01    3.425666E+01    3.429438E+01    3.431502E+01
   3.703058E+01    3.702912E+01    3.702682E+01    3.702491E+01    1.000000E+30    1.000000E+30    1.000000E+30    1.000000E+30    3.482377E+01    3.478533E+01    3.471175E+01    3.460524E+01    3.446728E+01    3.431297E+01    3.426199E+01    3.420457E+01    3.423974E+01    3.427387E+01    3.430141E+01    3.431661E+01
   3.701540E+01    3.701439E+01    3.701288E+01    3.701168E+01    1.000000E+30    1.000000E+30    1.000000E+30    1.000000E+30    3.476672E+01    3.473434E+01    3.467292E+01    3.458686E+01    3.448283E+01    3.437568E+01    3.429591E+01    3.422076E+01    3.425440E+01    3.428410E+01    3.430672E+01    3.431897E+01
   3.697984E+01    3.697901E+01    3.697780E+01    3.697688E+01    1.000000E+30    1.000000E+30    1.000000E+30    1.000000E+30    3.472552E+01    3.469759E+01    3.464500E+01    3.457266E+01    3.448679E+01    3.439619E+01    3.431131E+01    3.422789E+01    3.426018E+01    3.428787E+01    3.430831E+01    3.431919E+01
   3.692459E+01    3.692375E+01    3.692256E+01    3.692168E+01    1.000000E+30    1.000000E+30    1.000000E+30    1.000000E+30    3.469561E+01    3.467040E+01    3.462306E+01    3.455798E+01    3.448036E+01    3.439629E+01    3.431123E+01    3.422530E+01    3.425776E+01    3.428531E+01    3.430534E+01    3.431588E+01
   3.685024E+01    3.684920E+01    3.684776E+01    3.684670E+01    1.000000E+30    1.000000E+30    1.000000E+30    1.000000E+30    3.467414E+01    3.464987E+01    3.460426E+01    3.454131E+01    3.446571E+01    3.438285E+01    3.429796E+01    3.421332E+01    3.424747E+01    3.427662E+01    3.429770E+01    3.430870E+01
   3.675744E+01    3.675590E+01    3.675371E+01    3.675210E+01    1.000000E+30    1.000000E+30    1.000000E+30    1.000000E+30    3.466009E+01    3.463496E+01    3.458783E+01    3.452260E+01    3.444375E+01    3.435706E+01    3.427045E+01    3.419129E+01    3.422948E+01    3.426235E+01    3.428593E+01    3.429815E+01
   3.664687E+01    3.664425E+01    3.664038E+01    3.663745E+01    1.000000E+30    1.000000E+30    1.000000E+30    1.000000E+30    3.465426E+01    3.462621E+01    3.457437E+01    3.450279E+01    3.441512E+01    3.431696E+01    3.422173E+01    3.415671E+01    3.420420E+01    3.424392E+01    3.427151E+01    3.428553E+01
   3.651965E+01    3.651483E+01    3.650738E+01    3.650135E+01    1.000000E+30    1.000000E+30    1.000000E+30    1.000000E+30    3.465955E+01    3.462538E+01    3.456553E+01    3.448440E+01    3.438259E+01    3.425979E+01    3.412920E+01    3.410612E+01    3.417408E+01    3.422427E+01    3.425676E+01    3.427273E+01
   3.637801E+01    3.636905E+01    3.635414E+01    3.634049E+01    1.000000E+30    1.000000E+30    1.000000E+30    1.000000E+30    3.468203E+01    3.463440E+01    3.456293E+01    3.447207E+01    3.435675E+01    3.419611E+01    3.391513E+01    3.404721E+01    3.414916E+01    3.420902E+01    3.424473E+01    3.426178E+01
   3.622606E+01    3.621006E+01    3.618051E+01    3.614681E+01    1.000000E+30    1.000000E+30    3.489465E+01    3.483480E+01    3.473514E+01    3.465158E+01    3.456475E+01    3.446963E+01    3.436167E+01    3.423695E+01    3.410659E+01    3.408454E+01    3.415360E+01    3.420460E+01    3.423761E+01    3.425383E+01
   3.607024E+01    3.604503E+01    3.599169E+01    3.589940E+01    3.572788E+01    1.000000E+30    3.493629E+01    3.485803E+01    3.475647E+01    3.465682E+01    3.456016E+01    3.446545E+01    3.436872E+01    3.426889E+01    3.417540E+01    3.411329E+01    3.416332E+01    3.420485E+01    3.423355E+01    3.424809E+01
   3.591970E+01    3.588843E+01    3.582238E+01    3.571196E+01    3.553721E+01    3.527274E+01    3.503807E+01    3.488813E+01    3.476043E+01    3.464412E+01    3.453917E+01    3.444872E+01    3.436403E+01    3.428022E+01    3.419928E+01    3.412606E+01    3.416875E+01    3.420460E+01    3.422992E+01    3.424296E+01
   3.578030E+01    3.574679E+01    3.567782E+01    3.556942E+01    3.541712E+01    3.522626E+01    3.503927E+01    3.488050E+01    3.473780E+01    3.460519E+01    3.448884E+01    3.441136E+01    3.434386E+01    3.427459E+01    3.420211E+01    3.412728E+01    3.416826E+01    3.420157E+01    3.422494E+01    3.423698E+01
   3.565421E+01    3.562058E+01    3.555294E+01    3.545088E+01    3.531640E+01    3.515814E+01    3.499551E+01    3.484104E+01    3.469001E+01    3.453522E+01    3.438415E+01    3.434873E+01    3.431081E+01    3.425826E+01    3.419407E+01    3.412124E+01    3.416270E+01    3.419524E+01    3.421770E+01    3.422920E+01
   3.554149E+01    3.550828E+01    3.544234E+01    3.534499E+01    3.521984E+01    3.507537E+01    3.492554E+01    3.478167E+01    3.463123E+01    3.444662E+01    3.414622E+01    3.427275E+01    3.427768E+01    3.423970E+01    3.418161E+01    3.411114E+01    3.415336E+01    3.418579E+01    3.420792E+01    3.421918E+01
   3.544174E+01    3.540859E+01    3.534311E+01    3.524679E+01    3.512261E+01    3.497796E+01    3.483016E+01    3.471106E+01    3.459190E+01    3.445994E+01    3.432434E+01    3.430105E+01    3.427253E+01    3.422746E+01    3.416863E+01    3.409881E+01    3.414112E+01    3.417353E+01    3.419556E+01    3.420677E+01
   3.535495E+01    3.532111E+01    3.525472E+01    3.515641E+01    3.502582E+01    3.486347E+01    3.468578E+01    3.462259E+01    3.455085E+01    3.446289E+01    3.437530E+01    3.431915E+01    3.426942E+01    3.421534E+01    3.415388E+01    3.408423E+01    3.412620E+01    3.415859E+01    3.418070E+01    3.419197E+01
   3.528185E+01    3.524624E+01    3.517837E+01    3.507850E+01    3.494118E+01    3.474484E+01    3.440813E+01    3.452599E+01    3.450994E+01    3.445022E+01    3.437979E+01    3.431598E+01    3.425648E+01    3.419719E+01    3.413472E+01    3.406651E+01    3.410834E+01    3.414100E+01    3.416345E+01    3.417494E+01
   3.522434E+01    3.518381E+01    3.511438E+01    3.501865E+01    3.489620E+01    3.474703E+01    3.458688E+01    3.454419E+01    3.449574E+01    3.443257E+01    3.436265E+01    3.429400E+01    3.422946E+01    3.416904E+01    3.410882E+01    3.404470E+01    3.408726E+01    3.412081E+01    3.414404E+01    3.415599E+01
   3.518744E+01    3.513057E+01    3.505724E+01    3.496627E+01    3.485926E+01    3.474168E+01    3.462844E+01    3.455034E+01    3.447984E+01    3.440629E+01    3.432961E+01    3.425385E+01    3.418476E+01    3.412769E+01    3.407453E+01    3.401819E+01    3.406294E+01    3.409827E+01    3.412286E+01    3.413568E+01
   1.000000E+30    3.507430E+01    3.499850E+01    3.491120E+01    3.481450E+01    3.471407E+01    3.461734E+01    3.453217E+01    3.445122E+01    3.436835E+01    3.428163E+01    3.419354E+01    3.411485E+01    3.406959E+01    3.403115E+01    3.398729E+01    3.403587E+01    3.407386E+01    3.410052E+01    3.411494E+01
   1.000000E+30    1.000000E+30    3.493229E+01    3.484709E+01    3.475545E+01    3.466533E+01    3.457780E+01    3.449368E+01    3.440936E+01    3.432018E+01    3.422177E+01    3.411110E+01    3.399854E+01    3.399190E+01    3.398102E+01    3.395399E+01    3.400736E+01    3.404827E+01    3.407759E+01    3.409549E+01
   1.000000E+30    1.000000E+30    1.000000E+30    3.477129E+01    3.467726E+01    3.459694E+01    3.451844E+01    3.443966E+01    3.435762E+01    3.426779E+01    3.416186E+01    3.401802E+01    3.376222E+01    3.390566E+01    3.393496E+01    3.392309E+01    3.397945E+01    3.402190E+01    3.405333E+01    3.408089E+01
   1.000000E+30    1.000000E+30    1.000000E+30    1.000000E+30    3.456814E+01    3.451006E+01    3.444323E+01    3.437340E+01    3.429935E+01    3.421857E+01    3.412779E+01    3.402433E+01    3.391896E+01    3.392037E+01    3.391816E+01    3.390051E+01    3.395377E+01    3.399438E+01    3.402038E+01    1.000000E+30
   1.000000E+30    1.000000E+30    1.000000E+30    1.000000E+30    3.450022E+01    3.441564E+01    3.435536E+01    3.429649E+01    3.423393E+01    3.416637E+01    3.409408E+01    3.402023E+01    3.395598E+01    3.392637E+01    3.390516E+01    3.388024E+01    3.392924E+01    3.396951E+01    3.400105E+01    1.000000E+30
   1.000000E+30    1.000000E+30    1.000000E+30    1.000000E+30    1.000000E+30    3.428095E+01    3.425080E+01    3.420880E+01    3.415979E+01    3.410588E+01    3.404946E+01    3.399421E+01    3.394625E+01    3.391204E+01    3.388448E+01    3.385678E+01    3.390220E+01    3.394162E+01    1.000000E+30    1.000000E+30
   1.000000E+30    1.000000E+30    1.000000E+30    1.000000E+30    1.000000E+30    3.416135E+01    3.414350E+01    3.411399E+01    3.407695E+01    3.403514E+01    3.399146E+01    3.394893E+01    3.391091E+01    3.387952E+01    3.385284E+01    3.382757E+01    3.387018E+01    1.000000E+30    1.000000E+30    1.000000E+30
   1.000000E+30    1.000000E+30    1.000000E+30    1.000000E+30    1.000000E+30    3.404547E+01    3.403392E+01    3.401311E+01    3.398546E+01    3.395390E+01    3.392065E+01    3.388789E+01    3.385750E+01    3.383108E+01    3.380892E+01    3.379195E+01    1.000000E+30    1.000000E+30    1.000000E+30    1.000000E+30
