   6.724199E-02   8.871869E-02   9.503362E-02   7.354466E-02   1.068094E-01   1.380046E-01   1.313980E-01   1.267990E-01   1.668213E-01   1.273936E-01   1.899660E-01   2.000000E-01   1.662604E-01   2.000000E-01   1.702458E-01   1.312073E-01   1.409037E-01   1.414221E-01   8.417649E-02   5.781644E-02
   7.102403E-02   7.381537E-02   9.072747E-02   9.205132E-02   1.089621E-01   1.111087E-01   7.256614E-02   9.736387E-02   1.516341E-01   1.089311E-01   1.415277E-01   2.000000E-01   1.790680E-01   1.586238E-01   1.582492E-01   1.030040E-01   1.347961E-01   1.662994E-01   1.208087E-01   1.011872E-01
   6.908075E-02   5.845942E-02   7.821128E-02   8.251734E-02   4.453927E-02   6.234192E-02   5.338788E-02   4.588822E-02   9.766796E-02   1.049431E-01   1.624961E-01   2.000000E-01   2.000000E-01   1.716568E-01   1.273394E-01   1.760031E-01   2.000000E-01   1.658456E-01   1.180375E-01   1.030531E-01
   7.366674E-02   5.763423E-02   7.057043E-02   5.711213E-02   5.560898E-02   5.256373E-02   4.521366E-02   6.377632E-02   9.663526E-02   1.123651E-01   1.166559E-01   1.808413E-01   1.536326E-01   2.000000E-01   1.573750E-01   1.380076E-01   1.846774E-01   1.172775E-01   7.810616E-02   9.558308E-02
   1.070367E-01   1.237159E-01   1.708666E-01   9.088317E-02   1.236529E-01   7.890006E-02   6.210667E-02   6.673260E-02   1.276051E-01   8.699456E-02   9.674178E-02   1.418470E-01   1.362251E-01   1.876355E-01   2.000000E-01   1.857940E-01   1.315228E-01   7.532908E-02   1.023913E-01   1.317816E-01
   1.226772E-01   1.223924E-01   1.177336E-01   1.092159E-01   1.157705E-01   9.384989E-02   8.865593E-02   1.048701E-01   6.196878E-02   7.934526E-02   9.141418E-02   2.000000E-01   1.638936E-01   2.000000E-01   1.364076E-01   1.826384E-01   8.389116E-02   7.311602E-02   7.769835E-02   1.171948E-01
   1.126379E-01   1.248828E-01   1.243997E-01   8.950399E-02   9.714619E-02   1.280090E-01   1.579302E-01   1.064028E-01   6.305200E-02   8.199387E-02   1.398171E-01   1.291708E-01   2.000000E-01   1.337712E-01   1.532436E-01   2.000000E-01   1.258103E-01   8.093181E-02   8.070164E-02   1.690509E-01
   1.787707E-01   1.699592E-01   2.000000E-01   8.876560E-02   7.534783E-02   1.059550E-01   8.712739E-02   1.287748E-01   1.115637E-01   9.718140E-02   1.600408E-01   1.373263E-01   1.688972E-01   1.481692E-01   1.590061E-01   1.227244E-01   9.388361E-02   1.058000E-01   1.422217E-01   2.000000E-01
   2.000000E-01   2.000000E-01   2.000000E-01   1.397702E-01   1.000000E-01   1.000000E-01   1.000000E-01   1.425059E-01   1.802319E-01   1.850595E-01   2.000000E-01   2.000000E-01   8.662974E-02   1.264094E-01   6.096104E-02   1.067077E-01   1.031156E-01   7.758786E-02   9.328582E-02   1.391620E-01
   2.000000E-01   2.000000E-01   1.408664E-01   1.099598E-01   1.000000E-01   1.000000E-01   1.000000E-01   1.000000E-01   1.606631E-01   1.882636E-01   2.000000E-01   2.000000E-01   1.591033E-01   8.420341E-02   6.951267E-02   7.352025E-02   7.765000E-02   1.415539E-01   8.608289E-02   1.323171E-01
   2.000000E-01   2.000000E-01   2.000000E-01   1.232792E-01   1.000000E-01   1.000000E-01   1.000000E-01   1.000000E-01   1.670450E-01   1.660080E-01   2.000000E-01   1.644546E-01   1.163429E-01   6.217107E-02   4.173172E-02   6.468582E-02   7.372811E-02   1.268443E-01   1.199364E-01   1.578378E-01
   1.904541E-01   2.000000E-01   2.000000E-01   1.331020E-01   1.000000E-01   1.000000E-01   1.000000E-01   1.000000E-01   1.542960E-01   2.000000E-01   2.000000E-01   1.551306E-01   1.037137E-01   5.790248E-02   5.093245E-02   8.017375E-02   1.196390E-01   9.288159E-02   8.896941E-02   1.644745E-01
   2.000000E-01   1.644515E-01   1.487674E-01   1.606463E-01   1.000000E-01   1.000000E-01   1.000000E-01   1.000000E-01   2.000000E-01   2.000000E-01   2.000000E-01   2.000000E-01   1.134265E-01   7.032569E-02   1.290406E-01   1.085377E-01   5.949457E-02   6.921654E-02   7.068772E-02   1.111905E-01
   1.392065E-01   1.730887E-01   1.603738E-01   2.000000E-01   1.000000E-01   1.000000E-01   1.000000E-01   1.000000E-01   2.000000E-01   2.000000E-01   2.000000E-01   1.750098E-01   1.031213E-01   1.075734E-01   9.473181E-02   9.563485E-02   5.458254E-02   4.917395E-02   6.823835E-02   9.130519E-02
   9.281342E-02   8.486862E-02   1.439154E-01   2.000000E-01   1.000000E-01   1.000000E-01   1.000000E-01   1.000000E-01   2.000000E-01   2.000000E-01   1.785088E-01   2.000000E-01   1.356643E-01   1.005090E-01   1.027188E-01   9.935273E-02   6.454569E-02   4.318660E-02   6.066595E-02   9.229707E-02
   9.030086E-02   1.562601E-01   1.210150E-01   2.000000E-01   1.000000E-01   1.000000E-01   1.000000E-01   1.000000E-01   2.000000E-01   2.000000E-01   1.621166E-01   1.366504E-01   1.872709E-01   1.230820E-01   9.409305E-02   7.372754E-02   6.300590E-02   6.778054E-02   6.481980E-02   1.334419E-01
   8.147609E-02   1.165447E-01   1.771290E-01   2.000000E-01   1.000000E-01   1.000000E-01   1.000000E-01   1.000000E-01   2.000000E-01   1.974909E-01   2.000000E-01   1.173051E-01   8.469729E-02   1.225485E-01   1.395670E-01   1.291086E-01   5.743758E-02   6.049441E-02   9.687631E-02   2.000000E-01
   8.064249E-02   7.055374E-02   1.185083E-01   1.116733E-01   1.000000E-01   1.000000E-01   1.000000E-01   1.000000E-01   1.408305E-01   1.450938E-01   1.143640E-01   1.371514E-01   8.562459E-02   9.927472E-02   6.607732E-02   8.483942E-02   1.005224E-01   1.138790E-01   1.374513E-01   2.000000E-01
   7.131156E-02   5.956851E-02   9.401332E-02   1.021034E-01   1.000000E-01   1.000000E-01   1.000000E-01   1.000000E-01   1.357259E-01   1.424894E-01   8.328561E-02   1.140900E-01   7.186239E-02   7.085917E-02   3.935462E-02   6.453278E-02   9.977536E-02   1.366935E-01   1.091688E-01   1.301568E-01
   5.904063E-02   9.871552E-02   1.187940E-01   1.632802E-01   1.000000E-01   1.000000E-01   1.000000E-01   1.000000E-01   1.605363E-01   8.039248E-02   9.508812E-02   1.138568E-01   7.016835E-02   1.197724E-01   6.891422E-02   1.032680E-01   1.480235E-01   1.942764E-01   2.000000E-01   2.000000E-01
   7.934811E-02   6.474379E-02   8.918247E-02   8.563497E-02   1.000000E-01   1.000000E-01   1.000000E-01   1.000000E-01   1.523766E-01   2.000000E-01   1.867199E-01   1.235498E-01   8.768487E-02   1.270718E-01   1.155521E-01   9.694487E-02   7.710841E-02   2.000000E-01   2.000000E-01   2.000000E-01
   7.582730E-02   6.642635E-02   6.298461E-02   7.754252E-02   1.000000E-01   1.000000E-01   2.000000E-01   2.000000E-01   2.000000E-01   2.000000E-01   2.000000E-01   2.000000E-01   1.251649E-01   1.268648E-01   1.851241E-01   2.000000E-01   1.924205E-01   1.794191E-01   2.000000E-01   1.721928E-01
   1.245503E-01   9.774667E-02   7.919991E-02   9.566946E-02   1.212607E-01   1.000000E-01   2.000000E-01   2.000000E-01   2.000000E-01   2.000000E-01   2.000000E-01   1.740941E-01   1.486919E-01   1.474246E-01   2.000000E-01   2.000000E-01   2.000000E-01   2.000000E-01   1.453545E-01   1.265380E-01
   1.372105E-01   1.309057E-01   1.371795E-01   1.413333E-01   1.140632E-01   1.946140E-01   2.000000E-01   2.000000E-01   2.000000E-01   2.000000E-01   2.000000E-01   1.919008E-01   1.676056E-01   1.592329E-01   2.000000E-01   1.901481E-01   1.939647E-01   1.968080E-01   1.405910E-01   2.000000E-01
   1.266984E-01   2.000000E-01   8.426494E-02   1.223375E-01   1.246342E-01   2.000000E-01   2.000000E-01   2.000000E-01   2.000000E-01   2.000000E-01   2.000000E-01   2.000000E-01   1.697353E-01   1.534715E-01   2.000000E-01   1.719520E-01   2.000000E-01   1.783251E-01   1.641907E-01   2.000000E-01
   1.277250E-01   1.582988E-01   7.979288E-02   9.022841E-02   1.083124E-01   1.823919E-01   2.000000E-01   2.000000E-01   2.000000E-01   2.000000E-01   2.000000E-01   1.397384E-01   1.685113E-01   1.847865E-01   1.917237E-01   2.000000E-01   2.000000E-01   2.000000E-01   2.000000E-01   2.000000E-01
   1.086094E-01   1.289987E-01   1.057833E-01   1.333922E-01   1.678933E-01   2.000000E-01   2.000000E-01   2.000000E-01   2.000000E-01   1.828887E-01   2.000000E-01   2.000000E-01   2.000000E-01   2.000000E-01   2.000000E-01   2.000000E-01   1.521673E-01   2.000000E-01   2.000000E-01   1.943066E-01
   1.968766E-01   2.000000E-01   1.923021E-01   2.000000E-01   2.000000E-01   1.996201E-01   2.000000E-01   1.597429E-01   1.714269E-01   2.000000E-01   2.000000E-01   2.000000E-01   2.000000E-01   2.000000E-01   2.000000E-01   2.000000E-01   2.000000E-01   2.000000E-01   2.000000E-01   2.000000E-01
   2.000000E-01   2.000000E-01   2.000000E-01   1.981489E-01   2.000000E-01   2.000000E-01   1.781598E-01   2.000000E-01   1.374414E-01   2.000000E-01   2.000000E-01   2.000000E-01   1.442681E-01   1.839454E-01   2.000000E-01   2.000000E-01   2.000000E-01   1.253014E-01   9.040990E-02   1.208236E-01
   2.000000E-01   2.000000E-01   2.000000E-01   2.000000E-01   2.000000E-01   2.000000E-01   1.623805E-01   2.000000E-01   1.600753E-01   1.517748E-01   2.000000E-01   1.668699E-01   1.518549E-01   1.748433E-01   1.789872E-01   1.622640E-01   2.000000E-01   1.091984E-01   1.057229E-01   8.760960E-02
   2.000000E-01   2.000000E-01   2.000000E-01   2.000000E-01   1.972187E-01   1.579508E-01   1.832933E-01   2.000000E-01   2.000000E-01   2.000000E-01   1.697016E-01   1.206352E-01   1.126150E-01   1.576404E-01   1.684790E-01   2.000000E-01   2.000000E-01   9.476298E-02   1.334276E-01   1.379010E-01
   1.329486E-01   1.479290E-01   2.000000E-01   1.973949E-01   2.000000E-01   1.710632E-01   1.731734E-01   2.000000E-01   1.691464E-01   1.256909E-01   1.528731E-01   7.420162E-02   1.186211E-01   1.853765E-01   2.000000E-01   2.000000E-01   2.000000E-01   2.000000E-01   1.750984E-01   1.560955E-01
   1.000000E-01   8.588757E-02   1.350957E-01   9.768172E-02   1.094513E-01   1.799474E-01   1.496298E-01   1.081618E-01   1.634007E-01   9.506729E-02   1.243927E-01   1.136222E-01   1.112572E-01   1.850199E-01   1.946644E-01   1.919268E-01   1.892595E-01   2.000000E-01   1.402514E-01   1.602644E-01
   1.000000E-01   1.000000E-01   9.101891E-02   7.318019E-02   7.441360E-02   1.250222E-01   9.504288E-02   8.093943E-02   9.492427E-02   6.256827E-02   6.114962E-02   9.380516E-02   1.194958E-01   2.000000E-01   1.873381E-01   1.329433E-01   1.516956E-01   1.832794E-01   1.981990E-01   1.840796E-01
   1.000000E-01   1.000000E-01   1.000000E-01   1.165930E-01   1.141118E-01   1.190931E-01   5.890541E-02   8.120958E-02   7.040252E-02   8.176202E-02   4.317276E-02   9.404565E-02   1.966003E-01   2.000000E-01   1.726925E-01   1.297676E-01   1.030567E-01   1.338770E-01   1.468587E-01   1.448687E-01
   1.000000E-01   1.000000E-01   1.000000E-01   1.000000E-01   1.364978E-01   6.739350E-02   6.251256E-02   7.114445E-02   8.988695E-02   8.945341E-02   8.173666E-02   9.637112E-02   2.000000E-01   2.000000E-01   1.986979E-01   1.136146E-01   1.524212E-01   9.290572E-02   1.253082E-01   1.000000E-01
   1.000000E-01   1.000000E-01   1.000000E-01   1.000000E-01   1.472941E-01   1.286935E-01   7.150079E-02   7.158335E-02   7.529114E-02   1.082271E-01   9.290793E-02   7.645237E-02   1.235048E-01   2.000000E-01   2.000000E-01   1.490479E-01   1.451547E-01   1.132784E-01   1.249500E-01   1.000000E-01
   1.000000E-01   1.000000E-01   1.000000E-01   1.000000E-01   1.000000E-01   1.479635E-01   1.816738E-01   1.434394E-01   1.642279E-01   1.256043E-01   1.439007E-01   1.612146E-01   1.618116E-01   1.513327E-01   2.000000E-01   2.000000E-01   1.547171E-01   2.000000E-01   1.000000E-01   1.000000E-01
   1.000000E-01   1.000000E-01   1.000000E-01   1.000000E-01   1.000000E-01   9.937872E-02   1.426886E-01   8.709408E-02   1.811518E-01   2.000000E-01   1.614341E-01   2.000000E-01   1.659749E-01   1.578777E-01   1.418413E-01   2.000000E-01   1.740038E-01   1.000000E-01   1.000000E-01   1.000000E-01
   1.000000E-01   1.000000E-01   1.000000E-01   1.000000E-01   1.000000E-01   1.206031E-01   1.316699E-01   1.917982E-01   2.000000E-01   2.000000E-01   1.614672E-01   1.810674E-01   1.581074E-01   2.000000E-01   1.246076E-01   1.447351E-01   1.000000E-01   1.000000E-01   1.000000E-01   1.000000E-01
