   3.462446E-05    3.462446E-05    3.462446E-05    3.462446E-05    3.462446E-05    3.462446E-05    3.462446E-05    3.462446E-05    3.462446E-05    3.462446E-05    3.462446E-05    3.462446E-05    3.462446E-05    3.462446E-05    3.462446E-05    3.462446E-05    3.462446E-05    3.462446E-05    3.462446E-05    3.462446E-05
   3.462446E-05    3.462446E-05    3.462446E-05    3.462446E-05    3.462446E-05    3.462446E-05    3.462446E-05    3.462446E-05    3.462446E-05    3.462446E-05    3.462446E-05    3.462446E-05    3.462446E-05    3.462446E-05    3.462446E-05    3.462446E-05    3.462446E-05    3.462446E-05    3.462446E-05    3.462446E-05
   3.462446E-05    3.462446E-05    3.462446E-05    3.462446E-05    3.462446E-05    3.462446E-05    3.462446E-05    3.462446E-05    3.462446E-05    3.462446E-05    3.462446E-05    3.462446E-05    3.462446E-05    3.462446E-05    3.462446E-05    3.462446E-05    3.462446E-05    3.462446E-05    3.462446E-05    3.462446E-05
   3.462446E-05    3.462446E-05    3.462446E-05    3.462446E-05    3.462446E-05    3.462446E-05    3.462446E-05    3.462446E-05    3.462446E-05    3.462446E-05    3.462446E-05    3.462446E-05    3.462446E-05    3.462446E-05    3.462446E-05    3.462446E-05    3.462446E-05    3.462446E-05    3.462446E-05    3.462446E-05
   3.462446E-05    3.462446E-05    3.462446E-05    3.462446E-05    3.462446E-05    3.462446E-05    3.462446E-05    3.462446E-05    3.462446E-05    3.462446E-05    3.462446E-05    3.462446E-05    3.462446E-05    3.462446E-05    3.462446E-05    3.462446E-05    3.462446E-05    3.462446E-05    3.462446E-05    3.462446E-05
   3.462446E-05    3.462446E-05    3.462446E-05    3.462446E-05    3.462446E-05    3.462446E-05    3.462446E-05    3.462446E-05    3.462446E-05    3.462446E-05    3.462446E-05    3.462446E-05    3.462446E-05    3.462446E-05    3.462446E-05    3.462446E-05    3.462446E-05    3.462446E-05    3.462446E-05    3.462446E-05
   3.462446E-05    3.462446E-05    3.462446E-05    3.462446E-05    3.462446E-05    3.462446E-05    3.462446E-05    3.462446E-05    3.462446E-05    3.462446E-05    3.462446E-05    3.462446E-05    3.462446E-05    3.462446E-05    3.462446E-05    3.462446E-05    3.462446E-05    3.462446E-05    3.462446E-05    3.462446E-05
   3.462446E-05    3.462446E-05    3.462446E-05    3.462446E-05    3.462446E-05    3.462446E-05    3.462446E-05    3.462446E-05    3.462446E-05    3.462446E-05    3.462446E-05    3.462446E-05    3.462446E-05    3.462446E-05    3.462446E-05    3.462446E-05    3.462446E-05    3.462446E-05    3.462446E-05    3.462446E-05
   3.462446E-05    3.462446E-05    3.462446E-05    3.462446E-05    2.860418E-05    2.860418E-05    2.860418E-05    3.462446E-05    3.462446E-05    3.462446E-05    3.462446E-05    3.462446E-05    3.462446E-05    3.462446E-05    3.462446E-05    3.462446E-05    3.462446E-05    3.462446E-05    3.462446E-05    3.462446E-05
   3.462446E-05    3.462446E-05    3.462446E-05    3.462446E-05    2.860418E-05    2.860418E-05    2.860418E-05    2.860418E-05    3.462446E-05    3.462446E-05    3.462446E-05    3.462446E-05    3.462446E-05    3.462446E-05    3.462446E-05    3.462446E-05    3.462446E-05    3.462446E-05    3.462446E-05    3.462446E-05
   3.462446E-05    3.462446E-05    3.462446E-05    3.462446E-05    2.860418E-05    2.860418E-05    2.860418E-05    2.860418E-05    3.462446E-05    3.462446E-05    3.462446E-05    3.462446E-05    3.462446E-05    3.462446E-05    3.462446E-05    3.462446E-05    3.462446E-05    3.462446E-05    3.462446E-05    3.462446E-05
   3.462446E-05    3.462446E-05    3.462446E-05    3.462446E-05    2.860418E-05    2.860418E-05    2.860418E-05    2.860418E-05    3.462446E-05    3.462446E-05    3.462446E-05    3.462446E-05    3.462446E-05    3.462446E-05    3.462446E-05    3.462446E-05    3.462446E-05    3.462446E-05    3.462446E-05    3.462446E-05
   3.462446E-05    3.462446E-05    3.462446E-05    3.462446E-05    2.860418E-05    2.860418E-05    2.860418E-05    2.860418E-05    3.462446E-05    3.462446E-05    3.462446E-05    3.462446E-05    3.462446E-05    3.462446E-05    3.462446E-05    3.462446E-05    3.462446E-05    3.462446E-05    3.462446E-05    3.462446E-05
   3.462446E-05    3.462446E-05    3.462446E-05    3.462446E-05    2.860418E-05    2.860418E-05    2.860418E-05    2.860418E-05    3.462446E-05    3.462446E-05    3.462446E-05    3.462446E-05    3.462446E-05    3.462446E-05    3.462446E-05    3.462446E-05    3.462446E-05    3.462446E-05    3.462446E-05    3.462446E-05
   3.462446E-05    3.462446E-05    3.462446E-05    3.462446E-05    2.860418E-05    2.860418E-05    2.860418E-05    2.860418E-05    3.462446E-05    3.462446E-05    3.462446E-05    3.462446E-05    3.462446E-05    3.462446E-05    3.462446E-05    3.462446E-05    3.462446E-05    3.462446E-05    3.462446E-05    3.462446E-05
   3.462446E-05    3.462446E-05    3.462446E-05    3.462446E-05    2.860418E-05    2.860418E-05    2.860418E-05    2.860418E-05    3.462446E-05    3.462446E-05    3.462446E-05    3.462446E-05    3.462446E-05    3.462446E-05    3.462446E-05    3.462446E-05    3.462446E-05    3.462446E-05    3.462446E-05    3.462446E-05
   3.462446E-05    3.462446E-05    3.462446E-05    3.462446E-05    2.860418E-05    2.860418E-05    2.860418E-05    2.860418E-05    3.462446E-05    3.462446E-05    3.462446E-05    3.462446E-05    3.462446E-05    3.462446E-05    3.462446E-05    3.462446E-05    3.462446E-05    3.462446E-05    3.462446E-05    3.462446E-05
   3.462446E-05    3.462446E-05    3.462446E-05    3.462446E-05    2.860418E-05    2.860418E-05    2.860418E-05    2.860418E-05    3.462446E-05    3.462446E-05    3.462446E-05    3.462446E-05    3.462446E-05    3.462446E-05    3.462446E-05    3.462446E-05    3.462446E-05    3.462446E-05    3.462446E-05    3.462446E-05
   3.462446E-05    3.462446E-05    3.462446E-05    3.462446E-05    2.860418E-05    2.860418E-05    2.860418E-05    2.860418E-05    3.462446E-05    3.462446E-05    3.462446E-05    3.462446E-05    3.462446E-05    3.462446E-05    3.462446E-05    3.462446E-05    3.462446E-05    3.462446E-05    3.462446E-05    3.462446E-05
   3.462446E-05    3.462446E-05    3.462446E-05    3.462446E-05    2.860418E-05    2.860418E-05    2.860418E-05    2.860418E-05    3.462446E-05    3.462446E-05    3.462446E-05    3.462446E-05    3.462446E-05    3.462446E-05    3.462446E-05    3.462446E-05    3.462446E-05    3.462446E-05    3.462446E-05    3.462446E-05
   3.462446E-05    3.462446E-05    3.462446E-05    3.462446E-05    2.860418E-05    2.860418E-05    2.860418E-05    2.860418E-05    3.462446E-05    3.462446E-05    3.462446E-05    3.462446E-05    3.462446E-05    3.462446E-05    3.462446E-05    3.462446E-05    3.462446E-05    3.462446E-05    3.462446E-05    3.462446E-05
   3.462446E-05    3.462446E-05    3.462446E-05    3.462446E-05    2.860418E-05    2.860418E-05    3.462446E-05    3.462446E-05    3.462446E-05    3.462446E-05    3.462446E-05    3.462446E-05    3.462446E-05    3.462446E-05    3.462446E-05    3.462446E-05    3.462446E-05    3.462446E-05    3.462446E-05    3.462446E-05
   3.462446E-05    3.462446E-05    3.462446E-05    3.462446E-05    3.462446E-05    2.860418E-05    3.462446E-05    3.462446E-05    3.462446E-05    3.462446E-05    3.462446E-05    3.462446E-05    3.462446E-05    3.462446E-05    3.462446E-05    3.462446E-05    3.462446E-05    3.462446E-05    3.462446E-05    3.462446E-05
   3.462446E-05    3.462446E-05    3.462446E-05    3.462446E-05    3.462446E-05    3.462446E-05    3.462446E-05    3.462446E-05    3.462446E-05    3.462446E-05    3.462446E-05    3.462446E-05    3.462446E-05    3.462446E-05    3.462446E-05    3.462446E-05    3.462446E-05    3.462446E-05    3.462446E-05    3.462446E-05
   3.462446E-05    3.462446E-05    3.462446E-05    3.462446E-05    3.462446E-05    3.462446E-05    3.462446E-05    3.462446E-05    3.462446E-05    3.462446E-05    3.462446E-05    3.462446E-05    3.462446E-05    3.462446E-05    3.462446E-05    3.462446E-05    3.462446E-05    3.462446E-05    3.462446E-05    3.462446E-05
   3.462446E-05    3.462446E-05    3.462446E-05    3.462446E-05    3.462446E-05    3.462446E-05    3.462446E-05    3.462446E-05    3.462446E-05    3.462446E-05    3.462446E-05    3.462446E-05    3.462446E-05    3.462446E-05    3.462446E-05    3.462446E-05    3.462446E-05    3.462446E-05    3.462446E-05    3.462446E-05
   3.462446E-05    3.462446E-05    3.462446E-05    3.462446E-05    3.462446E-05    3.462446E-05    3.462446E-05    3.462446E-05    3.462446E-05    3.462446E-05    3.462446E-05    3.462446E-05    3.462446E-05    3.462446E-05    3.462446E-05    3.462446E-05    3.462446E-05    3.462446E-05    3.462446E-05    3.462446E-05
   3.462446E-05    3.462446E-05    3.462446E-05    3.462446E-05    3.462446E-05    3.462446E-05    3.462446E-05    3.462446E-05    3.462446E-05    3.462446E-05    3.462446E-05    3.462446E-05    3.462446E-05    3.462446E-05    3.462446E-05    3.462446E-05    3.462446E-05    3.462446E-05    3.462446E-05    3.462446E-05
   3.462446E-05    3.462446E-05    3.462446E-05    3.462446E-05    3.462446E-05    3.462446E-05    3.462446E-05    3.462446E-05    3.462446E-05    3.462446E-05    3.462446E-05    3.462446E-05    3.462446E-05    3.462446E-05    3.462446E-05    3.462446E-05    3.462446E-05    3.462446E-05    3.462446E-05    3.462446E-05
   3.462446E-05    3.462446E-05    3.462446E-05    3.462446E-05    3.462446E-05    3.462446E-05    3.462446E-05    3.462446E-05    3.462446E-05    3.462446E-05    3.462446E-05    3.462446E-05    3.462446E-05    3.462446E-05    3.462446E-05    3.462446E-05    3.462446E-05    3.462446E-05    3.462446E-05    3.462446E-05
   3.462446E-05    3.462446E-05    3.462446E-05    3.462446E-05    3.462446E-05    3.462446E-05    3.462446E-05    3.462446E-05    3.462446E-05    3.462446E-05    3.462446E-05    3.462446E-05    3.462446E-05    3.462446E-05    3.462446E-05    3.462446E-05    3.462446E-05    3.462446E-05    3.462446E-05    3.462446E-05
   3.462446E-05    3.462446E-05    3.462446E-05    3.462446E-05    3.462446E-05    3.462446E-05    3.462446E-05    3.462446E-05    3.462446E-05    3.462446E-05    3.462446E-05    3.462446E-05    3.462446E-05    3.462446E-05    3.462446E-05    3.462446E-05    3.462446E-05    3.462446E-05    3.462446E-05    3.462446E-05
   2.860418E-05    3.462446E-05    3.462446E-05    3.462446E-05    3.462446E-05    3.462446E-05    3.462446E-05    3.462446E-05    3.462446E-05    3.462446E-05    3.462446E-05    3.462446E-05    3.462446E-05    3.462446E-05    3.462446E-05    3.462446E-05    3.462446E-05    3.462446E-05    3.462446E-05    3.462446E-05
   2.860418E-05    2.860418E-05    3.462446E-05    3.462446E-05    3.462446E-05    3.462446E-05    3.462446E-05    3.462446E-05    3.462446E-05    3.462446E-05    3.462446E-05    3.462446E-05    3.462446E-05    3.462446E-05    3.462446E-05    3.462446E-05    3.462446E-05    3.462446E-05    3.462446E-05    3.462446E-05
   2.860418E-05    2.860418E-05    2.860418E-05    3.462446E-05    3.462446E-05    3.462446E-05    3.462446E-05    3.462446E-05    3.462446E-05    3.462446E-05    3.462446E-05    3.462446E-05    3.462446E-05    3.462446E-05    3.462446E-05    3.462446E-05    3.462446E-05    3.462446E-05    3.462446E-05    3.462446E-05
   2.860418E-05    2.860418E-05    2.860418E-05    2.860418E-05    3.462446E-05    3.462446E-05    3.462446E-05    3.462446E-05    3.462446E-05    3.462446E-05    3.462446E-05    3.462446E-05    3.462446E-05    3.462446E-05    3.462446E-05    3.462446E-05    3.462446E-05    3.462446E-05    3.462446E-05    2.860418E-05
   2.860418E-05    2.860418E-05    2.860418E-05    2.860418E-05    3.462446E-05    3.462446E-05    3.462446E-05    3.462446E-05    3.462446E-05    3.462446E-05    3.462446E-05    3.462446E-05    3.462446E-05    3.462446E-05    3.462446E-05    3.462446E-05    3.462446E-05    3.462446E-05    3.462446E-05    2.860418E-05
   2.860418E-05    2.860418E-05    2.860418E-05    2.860418E-05    2.860418E-05    3.462446E-05    3.462446E-05    3.462446E-05    3.462446E-05    3.462446E-05    3.462446E-05    3.462446E-05    3.462446E-05    3.462446E-05    3.462446E-05    3.462446E-05    3.462446E-05    3.462446E-05    2.860418E-05    2.860418E-05
   2.860418E-05    2.860418E-05    2.860418E-05    2.860418E-05    2.860418E-05    3.462446E-05    3.462446E-05    3.462446E-05    3.462446E-05    3.462446E-05    3.462446E-05    3.462446E-05    3.462446E-05    3.462446E-05    3.462446E-05    3.462446E-05    3.462446E-05    2.860418E-05    2.860418E-05    2.860418E-05
   2.860418E-05    2.860418E-05    2.860418E-05    2.860418E-05    2.860418E-05    3.462446E-05    3.462446E-05    3.462446E-05    3.462446E-05    3.462446E-05    3.462446E-05    3.462446E-05    3.462446E-05    3.462446E-05    3.462446E-05    3.462446E-05    2.860418E-05    2.860418E-05    2.860418E-05    2.860418E-05
