   2.054315E-05    2.054315E-05    2.054315E-05    2.054315E-05    2.054315E-05    2.054315E-05    2.054315E-05    2.054315E-05    2.054315E-05    2.054315E-05    2.054315E-05    2.054315E-05    2.054315E-05    2.054315E-05    2.054315E-05    2.054315E-05    2.054315E-05    2.054315E-05    2.054315E-05    2.054315E-05
   2.054315E-05    2.054315E-05    2.054315E-05    2.054315E-05    2.054315E-05    2.054315E-05    2.054315E-05    2.054315E-05    2.054315E-05    2.054315E-05    2.054315E-05    2.054315E-05    2.054315E-05    2.054315E-05    2.054315E-05    2.054315E-05    2.054315E-05    2.054315E-05    2.054315E-05    2.054315E-05
   2.054315E-05    2.054315E-05    2.054315E-05    2.054315E-05    2.054315E-05    2.054315E-05    2.054315E-05    2.054315E-05    2.054315E-05    2.054315E-05    2.054315E-05    2.054315E-05    2.054315E-05    2.054315E-05    2.054315E-05    2.054315E-05    2.054315E-05    2.054315E-05    2.054315E-05    2.054315E-05
   2.054315E-05    2.054315E-05    2.054315E-05    2.054315E-05    2.054315E-05    2.054315E-05    2.054315E-05    2.054315E-05    2.054315E-05    2.054315E-05    2.054315E-05    2.054315E-05    2.054315E-05    2.054315E-05    2.054315E-05    2.054315E-05    2.054315E-05    2.054315E-05    2.054315E-05    2.054315E-05
   2.054315E-05    2.054315E-05    2.054315E-05    2.054315E-05    2.054315E-05    2.054315E-05    2.054315E-05    2.054315E-05    2.054315E-05    2.054315E-05    2.054315E-05    2.054315E-05    2.054315E-05    2.054315E-05    2.054315E-05    2.054315E-05    2.054315E-05    2.054315E-05    2.054315E-05    2.054315E-05
   2.054315E-05    2.054315E-05    2.054315E-05    2.054315E-05    2.054315E-05    2.054315E-05    2.054315E-05    2.054315E-05    2.054315E-05    2.054315E-05    2.054315E-05    2.054315E-05    2.054315E-05    2.054315E-05    2.054315E-05    2.054315E-05    2.054315E-05    2.054315E-05    2.054315E-05    2.054315E-05
   2.054315E-05    2.054315E-05    2.054315E-05    2.054315E-05    2.054315E-05    2.054315E-05    2.054315E-05    2.054315E-05    2.054315E-05    2.054315E-05    2.054315E-05    2.054315E-05    2.054315E-05    2.054315E-05    2.054315E-05    2.054315E-05    2.054315E-05    2.054315E-05    2.054315E-05    2.054315E-05
   2.054315E-05    2.054315E-05    2.054315E-05    2.054315E-05    2.054315E-05    2.054315E-05    2.054315E-05    2.054315E-05    2.054315E-05    2.054315E-05    2.054315E-05    2.054315E-05    2.054315E-05    2.054315E-05    2.054315E-05    2.054315E-05    2.054315E-05    2.054315E-05    2.054315E-05    2.054315E-05
   2.054315E-05    2.054315E-05    2.054315E-05    2.054315E-05    2.240923E-05    2.240923E-05    2.240923E-05    2.054315E-05    2.054315E-05    2.054315E-05    2.054315E-05    2.054315E-05    2.054315E-05    2.054315E-05    2.054315E-05    2.054315E-05    2.054315E-05    2.054315E-05    2.054315E-05    2.054315E-05
   2.054315E-05    2.054315E-05    2.054315E-05    2.054315E-05    2.240923E-05    2.240923E-05    2.240923E-05    2.240923E-05    2.054315E-05    2.054315E-05    2.054315E-05    2.054315E-05    2.054315E-05    2.054315E-05    2.054315E-05    2.054315E-05    2.054315E-05    2.054315E-05    2.054315E-05    2.054315E-05
   2.054315E-05    2.054315E-05    2.054315E-05    2.054315E-05    2.240923E-05    2.240923E-05    2.240923E-05    2.240923E-05    2.054315E-05    2.054315E-05    2.054315E-05    2.054315E-05    2.054315E-05    2.054315E-05    2.054315E-05    2.054315E-05    2.054315E-05    2.054315E-05    2.054315E-05    2.054315E-05
   2.054315E-05    2.054315E-05    2.054315E-05    2.054315E-05    2.240923E-05    2.240923E-05    2.240923E-05    2.240923E-05    2.054315E-05    2.054315E-05    2.054315E-05    2.054315E-05    2.054315E-05    2.054315E-05    2.054315E-05    2.054315E-05    2.054315E-05    2.054315E-05    2.054315E-05    2.054315E-05
   2.054315E-05    2.054315E-05    2.054315E-05    2.054315E-05    2.240923E-05    2.240923E-05    2.240923E-05    2.240923E-05    2.054315E-05    2.054315E-05    2.054315E-05    2.054315E-05    2.054315E-05    2.054315E-05    2.054315E-05    2.054315E-05    2.054315E-05    2.054315E-05    2.054315E-05    2.054315E-05
   2.054315E-05    2.054315E-05    2.054315E-05    2.054315E-05    2.240923E-05    2.240923E-05    2.240923E-05    2.240923E-05    2.054315E-05    2.054315E-05    2.054315E-05    2.054315E-05    2.054315E-05    2.054315E-05    2.054315E-05    2.054315E-05    2.054315E-05    2.054315E-05    2.054315E-05    2.054315E-05
   2.054315E-05    2.054315E-05    2.054315E-05    2.054315E-05    2.240923E-05    2.240923E-05    2.240923E-05    2.240923E-05    2.054315E-05    2.054315E-05    2.054315E-05    2.054315E-05    2.054315E-05    2.054315E-05    2.054315E-05    2.054315E-05    2.054315E-05    2.054315E-05    2.054315E-05    2.054315E-05
   2.054315E-05    2.054315E-05    2.054315E-05    2.054315E-05    2.240923E-05    2.240923E-05    2.240923E-05    2.240923E-05    2.054315E-05    2.054315E-05    2.054315E-05    2.054315E-05    2.054315E-05    2.054315E-05    2.054315E-05    2.054315E-05    2.054315E-05    2.054315E-05    2.054315E-05    2.054315E-05
   2.054315E-05    2.054315E-05    2.054315E-05    2.054315E-05    2.240923E-05    2.240923E-05    2.240923E-05    2.240923E-05    2.054315E-05    2.054315E-05    2.054315E-05    2.054315E-05    2.054315E-05    2.054315E-05    2.054315E-05    2.054315E-05    2.054315E-05    2.054315E-05    2.054315E-05    2.054315E-05
   2.054315E-05    2.054315E-05    2.054315E-05    2.054315E-05    2.240923E-05    2.240923E-05    2.240923E-05    2.240923E-05    2.054315E-05    2.054315E-05    2.054315E-05    2.054315E-05    2.054315E-05    2.054315E-05    2.054315E-05    2.054315E-05    2.054315E-05    2.054315E-05    2.054315E-05    2.054315E-05
   2.054315E-05    2.054315E-05    2.054315E-05    2.054315E-05    2.240923E-05    2.240923E-05    2.240923E-05    2.240923E-05    2.054315E-05    2.054315E-05    2.054315E-05    2.054315E-05    2.054315E-05    2.054315E-05    2.054315E-05    2.054315E-05    2.054315E-05    2.054315E-05    2.054315E-05    2.054315E-05
   2.054315E-05    2.054315E-05    2.054315E-05    2.054315E-05    2.240923E-05    2.240923E-05    2.240923E-05    2.240923E-05    2.054315E-05    2.054315E-05    2.054315E-05    2.054315E-05    2.054315E-05    2.054315E-05    2.054315E-05    2.054315E-05    2.054315E-05    2.054315E-05    2.054315E-05    2.054315E-05
   2.054315E-05    2.054315E-05    2.054315E-05    2.054315E-05    2.240923E-05    2.240923E-05    2.240923E-05    2.240923E-05    2.054315E-05    2.054315E-05    2.054315E-05    2.054315E-05    2.054315E-05    2.054315E-05    2.054315E-05    2.054315E-05    2.054315E-05    2.054315E-05    2.054315E-05    2.054315E-05
   2.054315E-05    2.054315E-05    2.054315E-05    2.054315E-05    2.240923E-05    2.240923E-05    2.054315E-05    2.054315E-05    2.054315E-05    2.054315E-05    2.054315E-05    2.054315E-05    2.054315E-05    2.054315E-05    2.054315E-05    2.054315E-05    2.054315E-05    2.054315E-05    2.054315E-05    2.054315E-05
   2.054315E-05    2.054315E-05    2.054315E-05    2.054315E-05    2.054315E-05    2.240923E-05    2.054315E-05    2.054315E-05    2.054315E-05    2.054315E-05    2.054315E-05    2.054315E-05    2.054315E-05    2.054315E-05    2.054315E-05    2.054315E-05    2.054315E-05    2.054315E-05    2.054315E-05    2.054315E-05
   2.054315E-05    2.054315E-05    2.054315E-05    2.054315E-05    2.054315E-05    2.054315E-05    2.054315E-05    2.054315E-05    2.054315E-05    2.054315E-05    2.054315E-05    2.054315E-05    2.054315E-05    2.054315E-05    2.054315E-05    2.054315E-05    2.054315E-05    2.054315E-05    2.054315E-05    2.054315E-05
   2.054315E-05    2.054315E-05    2.054315E-05    2.054315E-05    2.054315E-05    2.054315E-05    2.054315E-05    2.054315E-05    2.054315E-05    2.054315E-05    2.054315E-05    2.054315E-05    2.054315E-05    2.054315E-05    2.054315E-05    2.054315E-05    2.054315E-05    2.054315E-05    2.054315E-05    2.054315E-05
   2.054315E-05    2.054315E-05    2.054315E-05    2.054315E-05    2.054315E-05    2.054315E-05    2.054315E-05    2.054315E-05    2.054315E-05    2.054315E-05    2.054315E-05    2.054315E-05    2.054315E-05    2.054315E-05    2.054315E-05    2.054315E-05    2.054315E-05    2.054315E-05    2.054315E-05    2.054315E-05
   2.054315E-05    2.054315E-05    2.054315E-05    2.054315E-05    2.054315E-05    2.054315E-05    2.054315E-05    2.054315E-05    2.054315E-05    2.054315E-05    2.054315E-05    2.054315E-05    2.054315E-05    2.054315E-05    2.054315E-05    2.054315E-05    2.054315E-05    2.054315E-05    2.054315E-05    2.054315E-05
   2.054315E-05    2.054315E-05    2.054315E-05    2.054315E-05    2.054315E-05    2.054315E-05    2.054315E-05    2.054315E-05    2.054315E-05    2.054315E-05    2.054315E-05    2.054315E-05    2.054315E-05    2.054315E-05    2.054315E-05    2.054315E-05    2.054315E-05    2.054315E-05    2.054315E-05    2.054315E-05
   2.054315E-05    2.054315E-05    2.054315E-05    2.054315E-05    2.054315E-05    2.054315E-05    2.054315E-05    2.054315E-05    2.054315E-05    2.054315E-05    2.054315E-05    2.054315E-05    2.054315E-05    2.054315E-05    2.054315E-05    2.054315E-05    2.054315E-05    2.054315E-05    2.054315E-05    2.054315E-05
   2.054315E-05    2.054315E-05    2.054315E-05    2.054315E-05    2.054315E-05    2.054315E-05    2.054315E-05    2.054315E-05    2.054315E-05    2.054315E-05    2.054315E-05    2.054315E-05    2.054315E-05    2.054315E-05    2.054315E-05    2.054315E-05    2.054315E-05    2.054315E-05    2.054315E-05    2.054315E-05
   2.054315E-05    2.054315E-05    2.054315E-05    2.054315E-05    2.054315E-05    2.054315E-05    2.054315E-05    2.054315E-05    2.054315E-05    2.054315E-05    2.054315E-05    2.054315E-05    2.054315E-05    2.054315E-05    2.054315E-05    2.054315E-05    2.054315E-05    2.054315E-05    2.054315E-05    2.054315E-05
   2.054315E-05    2.054315E-05    2.054315E-05    2.054315E-05    2.054315E-05    2.054315E-05    2.054315E-05    2.054315E-05    2.054315E-05    2.054315E-05    2.054315E-05    2.054315E-05    2.054315E-05    2.054315E-05    2.054315E-05    2.054315E-05    2.054315E-05    2.054315E-05    2.054315E-05    2.054315E-05
   2.240923E-05    2.054315E-05    2.054315E-05    2.054315E-05    2.054315E-05    2.054315E-05    2.054315E-05    2.054315E-05    2.054315E-05    2.054315E-05    2.054315E-05    2.054315E-05    2.054315E-05    2.054315E-05    2.054315E-05    2.054315E-05    2.054315E-05    2.054315E-05    2.054315E-05    2.054315E-05
   2.240923E-05    2.240923E-05    2.054315E-05    2.054315E-05    2.054315E-05    2.054315E-05    2.054315E-05    2.054315E-05    2.054315E-05    2.054315E-05    2.054315E-05    2.054315E-05    2.054315E-05    2.054315E-05    2.054315E-05    2.054315E-05    2.054315E-05    2.054315E-05    2.054315E-05    2.054315E-05
   2.240923E-05    2.240923E-05    2.240923E-05    2.054315E-05    2.054315E-05    2.054315E-05    2.054315E-05    2.054315E-05    2.054315E-05    2.054315E-05    2.054315E-05    2.054315E-05    2.054315E-05    2.054315E-05    2.054315E-05    2.054315E-05    2.054315E-05    2.054315E-05    2.054315E-05    2.054315E-05
   2.240923E-05    2.240923E-05    2.240923E-05    2.240923E-05    2.054315E-05    2.054315E-05    2.054315E-05    2.054315E-05    2.054315E-05    2.054315E-05    2.054315E-05    2.054315E-05    2.054315E-05    2.054315E-05    2.054315E-05    2.054315E-05    2.054315E-05    2.054315E-05    2.054315E-05    2.240923E-05
   2.240923E-05    2.240923E-05    2.240923E-05    2.240923E-05    2.054315E-05    2.054315E-05    2.054315E-05    2.054315E-05    2.054315E-05    2.054315E-05    2.054315E-05    2.054315E-05    2.054315E-05    2.054315E-05    2.054315E-05    2.054315E-05    2.054315E-05    2.054315E-05    2.054315E-05    2.240923E-05
   2.240923E-05    2.240923E-05    2.240923E-05    2.240923E-05    2.240923E-05    2.054315E-05    2.054315E-05    2.054315E-05    2.054315E-05    2.054315E-05    2.054315E-05    2.054315E-05    2.054315E-05    2.054315E-05    2.054315E-05    2.054315E-05    2.054315E-05    2.054315E-05    2.240923E-05    2.240923E-05
   2.240923E-05    2.240923E-05    2.240923E-05    2.240923E-05    2.240923E-05    2.054315E-05    2.054315E-05    2.054315E-05    2.054315E-05    2.054315E-05    2.054315E-05    2.054315E-05    2.054315E-05    2.054315E-05    2.054315E-05    2.054315E-05    2.054315E-05    2.240923E-05    2.240923E-05    2.240923E-05
   2.240923E-05    2.240923E-05    2.240923E-05    2.240923E-05    2.240923E-05    2.054315E-05    2.054315E-05    2.054315E-05    2.054315E-05    2.054315E-05    2.054315E-05    2.054315E-05    2.054315E-05    2.054315E-05    2.054315E-05    2.054315E-05    2.240923E-05    2.240923E-05    2.240923E-05    2.240923E-05
