   1.416399E-04    1.416399E-04    1.416399E-04    1.416399E-04    1.416399E-04    1.416399E-04    1.416399E-04    1.416399E-04    1.416399E-04    1.416399E-04    1.416399E-04    1.416399E-04    1.416399E-04    1.416399E-04    1.416399E-04    1.416399E-04    1.416399E-04    1.416399E-04    1.416399E-04    1.416399E-04
   1.416399E-04    1.416399E-04    1.416399E-04    1.416399E-04    1.416399E-04    1.416399E-04    1.416399E-04    1.416399E-04    1.416399E-04    1.416399E-04    1.416399E-04    1.416399E-04    1.416399E-04    1.416399E-04    1.416399E-04    1.416399E-04    1.416399E-04    1.416399E-04    1.416399E-04    1.416399E-04
   1.416399E-04    1.416399E-04    1.416399E-04    1.416399E-04    1.416399E-04    1.416399E-04    1.416399E-04    1.416399E-04    1.416399E-04    1.416399E-04    1.416399E-04    1.416399E-04    1.416399E-04    1.416399E-04    1.416399E-04    1.416399E-04    1.416399E-04    1.416399E-04    1.416399E-04    1.416399E-04
   1.416399E-04    1.416399E-04    1.416399E-04    1.416399E-04    1.416399E-04    1.416399E-04    1.416399E-04    1.416399E-04    1.416399E-04    1.416399E-04    1.416399E-04    1.416399E-04    1.416399E-04    1.416399E-04    1.416399E-04    1.416399E-04    1.416399E-04    1.416399E-04    1.416399E-04    1.416399E-04
   1.416399E-04    1.416399E-04    1.416399E-04    1.416399E-04    1.416399E-04    1.416399E-04    1.416399E-04    1.416399E-04    1.416399E-04    1.416399E-04    1.416399E-04    1.416399E-04    1.416399E-04    1.416399E-04    1.416399E-04    1.416399E-04    1.416399E-04    1.416399E-04    1.416399E-04    1.416399E-04
   1.416399E-04    1.416399E-04    1.416399E-04    1.416399E-04    1.416399E-04    1.416399E-04    1.416399E-04    1.416399E-04    1.416399E-04    1.416399E-04    1.416399E-04    1.416399E-04    1.416399E-04    1.416399E-04    1.416399E-04    1.416399E-04    1.416399E-04    1.416399E-04    1.416399E-04    1.416399E-04
   1.416399E-04    1.416399E-04    1.416399E-04    1.416399E-04    1.416399E-04    1.416399E-04    1.416399E-04    1.416399E-04    1.416399E-04    1.416399E-04    1.416399E-04    1.416399E-04    1.416399E-04    1.416399E-04    1.416399E-04    1.416399E-04    1.416399E-04    1.416399E-04    1.416399E-04    1.416399E-04
   1.416399E-04    1.416399E-04    1.416399E-04    1.416399E-04    1.416399E-04    1.416399E-04    1.416399E-04    1.416399E-04    1.416399E-04    1.416399E-04    1.416399E-04    1.416399E-04    1.416399E-04    1.416399E-04    1.416399E-04    1.416399E-04    1.416399E-04    1.416399E-04    1.416399E-04    1.416399E-04
   1.416399E-04    1.416399E-04    1.416399E-04    1.416399E-04    1.445639E-04    1.445639E-04    1.445639E-04    1.416399E-04    1.416399E-04    1.416399E-04    1.416399E-04    1.416399E-04    1.416399E-04    1.416399E-04    1.416399E-04    1.416399E-04    1.416399E-04    1.416399E-04    1.416399E-04    1.416399E-04
   1.416399E-04    1.416399E-04    1.416399E-04    1.416399E-04    1.445639E-04    1.445639E-04    1.445639E-04    1.445639E-04    1.416399E-04    1.416399E-04    1.416399E-04    1.416399E-04    1.416399E-04    1.416399E-04    1.416399E-04    1.416399E-04    1.416399E-04    1.416399E-04    1.416399E-04    1.416399E-04
   1.416399E-04    1.416399E-04    1.416399E-04    1.416399E-04    1.445639E-04    1.445639E-04    1.445639E-04    1.445639E-04    1.416399E-04    1.416399E-04    1.416399E-04    1.416399E-04    1.416399E-04    1.416399E-04    1.416399E-04    1.416399E-04    1.416399E-04    1.416399E-04    1.416399E-04    1.416399E-04
   1.416399E-04    1.416399E-04    1.416399E-04    1.416399E-04    1.445639E-04    1.445639E-04    1.445639E-04    1.445639E-04    1.416399E-04    1.416399E-04    1.416399E-04    1.416399E-04    1.416399E-04    1.416399E-04    1.416399E-04    1.416399E-04    1.416399E-04    1.416399E-04    1.416399E-04    1.416399E-04
   1.416399E-04    1.416399E-04    1.416399E-04    1.416399E-04    1.445639E-04    1.445639E-04    1.445639E-04    1.445639E-04    1.416399E-04    1.416399E-04    1.416399E-04    1.416399E-04    1.416399E-04    1.416399E-04    1.416399E-04    1.416399E-04    1.416399E-04    1.416399E-04    1.416399E-04    1.416399E-04
   1.416399E-04    1.416399E-04    1.416399E-04    1.416399E-04    1.445639E-04    1.445639E-04    1.445639E-04    1.445639E-04    1.416399E-04    1.416399E-04    1.416399E-04    1.416399E-04    1.416399E-04    1.416399E-04    1.416399E-04    1.416399E-04    1.416399E-04    1.416399E-04    1.416399E-04    1.416399E-04
   1.416399E-04    1.416399E-04    1.416399E-04    1.416399E-04    1.445639E-04    1.445639E-04    1.445639E-04    1.445639E-04    1.416399E-04    1.416399E-04    1.416399E-04    1.416399E-04    1.416399E-04    1.416399E-04    1.416399E-04    1.416399E-04    1.416399E-04    1.416399E-04    1.416399E-04    1.416399E-04
   1.416399E-04    1.416399E-04    1.416399E-04    1.416399E-04    1.445639E-04    1.445639E-04    1.445639E-04    1.445639E-04    1.416399E-04    1.416399E-04    1.416399E-04    1.416399E-04    1.416399E-04    1.416399E-04    1.416399E-04    1.416399E-04    1.416399E-04    1.416399E-04    1.416399E-04    1.416399E-04
   1.416399E-04    1.416399E-04    1.416399E-04    1.416399E-04    1.445639E-04    1.445639E-04    1.445639E-04    1.445639E-04    1.416399E-04    1.416399E-04    1.416399E-04    1.416399E-04    1.416399E-04    1.416399E-04    1.416399E-04    1.416399E-04    1.416399E-04    1.416399E-04    1.416399E-04    1.416399E-04
   1.416399E-04    1.416399E-04    1.416399E-04    1.416399E-04    1.445639E-04    1.445639E-04    1.445639E-04    1.445639E-04    1.416399E-04    1.416399E-04    1.416399E-04    1.416399E-04    1.416399E-04    1.416399E-04    1.416399E-04    1.416399E-04    1.416399E-04    1.416399E-04    1.416399E-04    1.416399E-04
   1.416399E-04    1.416399E-04    1.416399E-04    1.416399E-04    1.445639E-04    1.445639E-04    1.445639E-04    1.445639E-04    1.416399E-04    1.416399E-04    1.416399E-04    1.416399E-04    1.416399E-04    1.416399E-04    1.416399E-04    1.416399E-04    1.416399E-04    1.416399E-04    1.416399E-04    1.416399E-04
   1.416399E-04    1.416399E-04    1.416399E-04    1.416399E-04    1.445639E-04    1.445639E-04    1.445639E-04    1.445639E-04    1.416399E-04    1.416399E-04    1.416399E-04    1.416399E-04    1.416399E-04    1.416399E-04    1.416399E-04    1.416399E-04    1.416399E-04    1.416399E-04    1.416399E-04    1.416399E-04
   1.416399E-04    1.416399E-04    1.416399E-04    1.416399E-04    1.445639E-04    1.445639E-04    1.445639E-04    1.445639E-04    1.416399E-04    1.416399E-04    1.416399E-04    1.416399E-04    1.416399E-04    1.416399E-04    1.416399E-04    1.416399E-04    1.416399E-04    1.416399E-04    1.416399E-04    1.416399E-04
   1.416399E-04    1.416399E-04    1.416399E-04    1.416399E-04    1.445639E-04    1.445639E-04    1.416399E-04    1.416399E-04    1.416399E-04    1.416399E-04    1.416399E-04    1.416399E-04    1.416399E-04    1.416399E-04    1.416399E-04    1.416399E-04    1.416399E-04    1.416399E-04    1.416399E-04    1.416399E-04
   1.416399E-04    1.416399E-04    1.416399E-04    1.416399E-04    1.416399E-04    1.445639E-04    1.416399E-04    1.416399E-04    1.416399E-04    1.416399E-04    1.416399E-04    1.416399E-04    1.416399E-04    1.416399E-04    1.416399E-04    1.416399E-04    1.416399E-04    1.416399E-04    1.416399E-04    1.416399E-04
   1.416399E-04    1.416399E-04    1.416399E-04    1.416399E-04    1.416399E-04    1.416399E-04    1.416399E-04    1.416399E-04    1.416399E-04    1.416399E-04    1.416399E-04    1.416399E-04    1.416399E-04    1.416399E-04    1.416399E-04    1.416399E-04    1.416399E-04    1.416399E-04    1.416399E-04    1.416399E-04
   1.416399E-04    1.416399E-04    1.416399E-04    1.416399E-04    1.416399E-04    1.416399E-04    1.416399E-04    1.416399E-04    1.416399E-04    1.416399E-04    1.416399E-04    1.416399E-04    1.416399E-04    1.416399E-04    1.416399E-04    1.416399E-04    1.416399E-04    1.416399E-04    1.416399E-04    1.416399E-04
   1.416399E-04    1.416399E-04    1.416399E-04    1.416399E-04    1.416399E-04    1.416399E-04    1.416399E-04    1.416399E-04    1.416399E-04    1.416399E-04    1.416399E-04    1.416399E-04    1.416399E-04    1.416399E-04    1.416399E-04    1.416399E-04    1.416399E-04    1.416399E-04    1.416399E-04    1.416399E-04
   1.416399E-04    1.416399E-04    1.416399E-04    1.416399E-04    1.416399E-04    1.416399E-04    1.416399E-04    1.416399E-04    1.416399E-04    1.416399E-04    1.416399E-04    1.416399E-04    1.416399E-04    1.416399E-04    1.416399E-04    1.416399E-04    1.416399E-04    1.416399E-04    1.416399E-04    1.416399E-04
   1.416399E-04    1.416399E-04    1.416399E-04    1.416399E-04    1.416399E-04    1.416399E-04    1.416399E-04    1.416399E-04    1.416399E-04    1.416399E-04    1.416399E-04    1.416399E-04    1.416399E-04    1.416399E-04    1.416399E-04    1.416399E-04    1.416399E-04    1.416399E-04    1.416399E-04    1.416399E-04
   1.416399E-04    1.416399E-04    1.416399E-04    1.416399E-04    1.416399E-04    1.416399E-04    1.416399E-04    1.416399E-04    1.416399E-04    1.416399E-04    1.416399E-04    1.416399E-04    1.416399E-04    1.416399E-04    1.416399E-04    1.416399E-04    1.416399E-04    1.416399E-04    1.416399E-04    1.416399E-04
   1.416399E-04    1.416399E-04    1.416399E-04    1.416399E-04    1.416399E-04    1.416399E-04    1.416399E-04    1.416399E-04    1.416399E-04    1.416399E-04    1.416399E-04    1.416399E-04    1.416399E-04    1.416399E-04    1.416399E-04    1.416399E-04    1.416399E-04    1.416399E-04    1.416399E-04    1.416399E-04
   1.416399E-04    1.416399E-04    1.416399E-04    1.416399E-04    1.416399E-04    1.416399E-04    1.416399E-04    1.416399E-04    1.416399E-04    1.416399E-04    1.416399E-04    1.416399E-04    1.416399E-04    1.416399E-04    1.416399E-04    1.416399E-04    1.416399E-04    1.416399E-04    1.416399E-04    1.416399E-04
   1.416399E-04    1.416399E-04    1.416399E-04    1.416399E-04    1.416399E-04    1.416399E-04    1.416399E-04    1.416399E-04    1.416399E-04    1.416399E-04    1.416399E-04    1.416399E-04    1.416399E-04    1.416399E-04    1.416399E-04    1.416399E-04    1.416399E-04    1.416399E-04    1.416399E-04    1.416399E-04
   1.445639E-04    1.416399E-04    1.416399E-04    1.416399E-04    1.416399E-04    1.416399E-04    1.416399E-04    1.416399E-04    1.416399E-04    1.416399E-04    1.416399E-04    1.416399E-04    1.416399E-04    1.416399E-04    1.416399E-04    1.416399E-04    1.416399E-04    1.416399E-04    1.416399E-04    1.416399E-04
   1.445639E-04    1.445639E-04    1.416399E-04    1.416399E-04    1.416399E-04    1.416399E-04    1.416399E-04    1.416399E-04    1.416399E-04    1.416399E-04    1.416399E-04    1.416399E-04    1.416399E-04    1.416399E-04    1.416399E-04    1.416399E-04    1.416399E-04    1.416399E-04    1.416399E-04    1.416399E-04
   1.445639E-04    1.445639E-04    1.445639E-04    1.416399E-04    1.416399E-04    1.416399E-04    1.416399E-04    1.416399E-04    1.416399E-04    1.416399E-04    1.416399E-04    1.416399E-04    1.416399E-04    1.416399E-04    1.416399E-04    1.416399E-04    1.416399E-04    1.416399E-04    1.416399E-04    1.416399E-04
   1.445639E-04    1.445639E-04    1.445639E-04    1.445639E-04    1.416399E-04    1.416399E-04    1.416399E-04    1.416399E-04    1.416399E-04    1.416399E-04    1.416399E-04    1.416399E-04    1.416399E-04    1.416399E-04    1.416399E-04    1.416399E-04    1.416399E-04    1.416399E-04    1.416399E-04    1.445639E-04
   1.445639E-04    1.445639E-04    1.445639E-04    1.445639E-04    1.416399E-04    1.416399E-04    1.416399E-04    1.416399E-04    1.416399E-04    1.416399E-04    1.416399E-04    1.416399E-04    1.416399E-04    1.416399E-04    1.416399E-04    1.416399E-04    1.416399E-04    1.416399E-04    1.416399E-04    1.445639E-04
   1.445639E-04    1.445639E-04    1.445639E-04    1.445639E-04    1.445639E-04    1.416399E-04    1.416399E-04    1.416399E-04    1.416399E-04    1.416399E-04    1.416399E-04    1.416399E-04    1.416399E-04    1.416399E-04    1.416399E-04    1.416399E-04    1.416399E-04    1.416399E-04    1.445639E-04    1.445639E-04
   1.445639E-04    1.445639E-04    1.445639E-04    1.445639E-04    1.445639E-04    1.416399E-04    1.416399E-04    1.416399E-04    1.416399E-04    1.416399E-04    1.416399E-04    1.416399E-04    1.416399E-04    1.416399E-04    1.416399E-04    1.416399E-04    1.416399E-04    1.445639E-04    1.445639E-04    1.445639E-04
   1.445639E-04    1.445639E-04    1.445639E-04    1.445639E-04    1.445639E-04    1.416399E-04    1.416399E-04    1.416399E-04    1.416399E-04    1.416399E-04    1.416399E-04    1.416399E-04    1.416399E-04    1.416399E-04    1.416399E-04    1.416399E-04    1.445639E-04    1.445639E-04    1.445639E-04    1.445639E-04
