         41.23434          27.62562          43.09764          36.08851          35.12238          41.67401          46.65045          33.83056          29.32847          35.95567          45.00689          42.23893          41.53450          42.87551          27.43509          34.46418          37.11121          42.76660          24.99401          42.23806
         45.52141          45.69160          46.38001          45.29155          37.81182          45.67164          27.81608          42.84771          38.54980          27.41828          50.00000          38.00510          20.73752          24.06887          38.44207          46.46255          38.56992          43.33112          34.74768          38.54974
         43.76132          43.63280          50.00000          39.96405          31.29195          36.51315          34.12968          33.87068          43.92579          39.58614          31.66881          35.08864          32.28134          34.92892          36.16285          34.76947          29.45288          35.17307          35.53804          37.77786
         41.43312          37.76999          39.45619          30.86149          27.95688          45.70730          25.55678          37.30070          40.05801          48.13504          44.22443          47.78452          44.04774          42.31891          44.24785          29.90736          32.43501          29.67262          43.85727          38.18799
         36.71459          39.11229          33.87293          41.96624          39.25708          46.78016          34.14669          40.04160          32.32986          36.33174          30.28228          30.80431          36.05882          36.75055          31.91024          34.98180          25.37558          32.50812          50.00000          35.60193
         38.25361          38.61852          46.17581          43.59187          45.54658          36.16309          37.32345          41.21187          32.68766          42.11156          26.72620          39.61477          29.42497          38.03291          28.74333          29.91115          32.69145          36.58785          31.93877          23.49556
         33.67479          28.64424          40.96208          37.94870          38.02012          41.01596          35.70386          45.59517          37.41224          31.29497          26.77362          27.65824          38.93567          27.48650          28.16449          33.74962          37.65413          27.99247          31.08772          29.23877
         36.90443          38.19892          44.53138          35.38011          41.22093          32.11400          28.62859          37.58576          34.94994          30.79545          35.84352          31.50370          16.50869          27.57003          37.52396          35.56814          45.77996          33.78743          34.08727          38.81163
         47.27207          38.96497          40.02890          41.27935           1.00000           1.00000           1.00000          29.80402          38.53376          37.27906          27.52663          31.88801          28.47285          44.31248          39.24848          29.43459          41.93153          27.72876          35.59812          33.37998
         40.50726          37.73903          35.53029          49.44454           1.00000           1.00000           1.00000           1.00000          42.75578          34.31594          19.89928          41.31257          24.32737          40.14545          34.27951          31.99651          33.84984          39.37821          28.29399          43.36129
         34.31223          44.40628          32.96200          37.72644           1.00000           1.00000           1.00000           1.00000          37.19368          36.33370          32.08990          32.79977          31.01003          38.24780          28.83079          24.97712          30.71232          45.22155          42.65360          41.87219
         37.67643          46.30103          46.06553          37.43363           1.00000           1.00000           1.00000           1.00000          46.98991          25.09093          41.64424          29.85426          30.72227          23.17935          25.52924          22.04986          41.88810          33.97557          29.90771          33.12121
         48.91244          38.25601          44.83287          36.80330           1.00000           1.00000           1.00000           1.00000          29.64964          37.51452          36.15706          33.79515          32.23596          41.68694          33.05667          44.11090          36.07461          39.53391          33.33604          37.89223
         39.57313          49.21600          35.65148          36.22234           1.00000           1.00000           1.00000           1.00000          40.30245          31.94321          37.58445          27.61587          22.79688          31.81556          43.95487          37.75892          30.28679          36.42921          37.80477          48.92366
         47.57773          35.44923          36.77877          30.52127           1.00000           1.00000           1.00000           1.00000          37.16364          38.77213          43.11480          31.61973          27.03768          37.84931          43.76208          29.46269          36.08079          31.54885          34.21673          34.86080
         38.48573          41.39906          43.51466          33.36632           1.00000           1.00000           1.00000           1.00000          38.76105          49.60713          43.67816          27.89855          45.57640          37.58780          23.15202          23.02754          31.72717          32.86987          42.28909          39.05241
         29.67665          41.41123          50.00000          50.00000           1.00000           1.00000           1.00000           1.00000          36.31963          33.83740          32.29610          36.82284          37.50236          38.21038          42.14073          42.02093          37.21223          28.94003          28.94133          36.30305
         44.69141          38.62756          42.63412          33.45679           1.00000           1.00000           1.00000           1.00000          43.24924          37.26552          44.17257          28.34549          37.13196          32.36227          32.60940          34.55178          33.77436          27.19286          32.85263          38.46307
         38.81700          34.74658          48.24518          50.00000           1.00000           1.00000           1.00000           1.00000          33.14954          40.55333          34.14479          28.54748          37.54031          43.16102          43.23175          40.34243          38.29615          33.62087          31.65937          29.27272
         41.96894          35.03812          39.50462          37.90576           1.00000           1.00000           1.00000           1.00000          38.83539          47.94317          30.95343          47.30616          36.82092          24.21006          34.27473          31.43017          32.40541          34.84018          23.43770          37.82113
         38.88366          27.54522          41.86447          45.97108           1.00000           1.00000           1.00000           1.00000          31.63558          37.99342          31.49023          40.01463          42.17419          38.59460          29.88790          31.53526          32.72291          39.80159          42.33514          34.34803
         35.24430          49.84622          32.39683          37.57808           1.00000           1.00000          37.67887          38.77331          41.31304          40.30057          37.21084          36.88864          34.54194          38.40166          39.92669          41.27701          48.18486          35.87454          41.09860          33.68273
         43.34184          39.75621          31.98699          36.68751          32.04986           1.00000          38.97678          30.80841          43.64387          32.01846          40.34692          35.16932          38.91758          33.41582          27.68771          32.44866          33.38321          38.26310          38.90021          24.36645
         45.22063          35.61688          47.81278          31.52222          30.27270          27.79089          43.47798          33.37145          38.05922          37.22654          32.59843          30.70519          42.94255          34.52014          44.06422          45.18713          36.59191          36.47347          33.62504          37.39075
         38.20739          30.81034          36.32625          39.47953          37.92279          36.12740          21.46434          24.84119          38.91645          26.93373          31.25879          39.78972          41.29020          28.86106          29.81703          38.34878          36.16664          32.66399          30.18463          37.44047
         37.16905          39.65100          50.00000          37.83173          35.51598          34.49558          33.33019          30.09033          28.55157          36.29683          46.87732          33.10463          33.83662          27.59673          38.82139          34.39640          45.04178          32.13407          28.72659          30.64675
         31.21387          34.83385          24.84562          43.81856          30.86683          35.81124          32.06155          35.76848          32.63619          35.72211          42.27515          29.87884          39.39142          39.99043          43.36081          25.91593          25.89021          34.89298          35.67263          42.93451
         26.32205          48.75472          37.82626          35.60665          23.23338          34.08382          36.89223          37.54306          40.38487          34.83054          28.42031          38.53849          27.47300          41.39004          35.97844          30.22780          34.77880          40.61718          29.39641          32.59175
         35.53037          30.53425          41.49015          37.03860          31.00720          32.39135          43.70702          30.84074          40.13824          41.61080          28.26849          35.74072          37.69896          40.43326          37.89970          34.00719          27.25161          34.27396          36.32761          33.22649
         37.61499          35.67475          42.46713          45.31733          35.47104          33.34190          27.18136          28.09470          40.71449          29.71718          30.66055          30.14957          30.71756          23.93149          37.78673          34.77797          37.28499          43.21308          37.07426          30.50799
         28.30667          33.44994          35.02556          43.73487          39.15511          30.38930          35.26571          35.24458          23.16438          41.15875          42.82610          30.20875          36.58917          37.91075          36.33196          34.30948          28.83826          47.83121          37.56512          37.31877
         28.31208          32.23191          41.24338          30.10218          37.07158          36.49079          38.11793          46.14624          38.63166          35.59084          37.62854          28.97790          34.12527          32.96485          28.55872          38.08174          30.83888          32.29090          41.20948          33.95515
          1.00000          37.42335          33.48308          40.77547          31.90568          38.23094          36.31937          25.83031          40.86558          40.46355          34.20321          40.53520          30.62200          48.49248          30.70463          27.59298          42.14923          30.12882          39.07356          39.01290
          1.00000           1.00000          38.63541          37.68538          37.27949          24.14923          37.38211          28.96201          40.36729          38.18206          32.63070          25.69918          24.92516          33.72702          39.59694          28.73402          37.51197          31.42798          38.62427          32.46014
          1.00000           1.00000           1.00000          32.42155          32.70551          26.79057          48.84902          36.71943          36.05899          32.81473          35.00922          41.67842          31.03386          29.74510          28.92070          38.64381          26.02574          42.17284          35.52021          35.38149
          1.00000           1.00000           1.00000           1.00000          30.76647          34.43582          39.02706          32.49868          28.54366          31.15486          34.55734          28.24907          31.15026          34.06941          36.82495          40.70696          36.75387          39.36747          43.51896           1.00000
          1.00000           1.00000           1.00000           1.00000          28.85870          36.17705          34.08676          35.15144          31.10058          30.63158          40.06280          25.42253          26.27800          30.27992          34.43918          36.36185          30.51705          34.79814          39.45483           1.00000
          1.00000           1.00000           1.00000           1.00000           1.00000          44.56234          28.28948          27.38579          40.24685          19.99813          39.96906          35.91466          44.78467          32.55217          34.66899          36.15241          25.10469          31.06869           1.00000           1.00000
          1.00000           1.00000           1.00000           1.00000           1.00000          39.47949          35.42477          46.46809          31.79522          31.73455          35.56315          31.19739          33.55115          34.52510          39.00511          35.90441          35.75373           1.00000           1.00000           1.00000
          1.00000           1.00000           1.00000           1.00000           1.00000          36.72851          40.90474          28.72737          31.17600          38.59285          25.11656          26.73030          29.00963          29.56061          36.34140          27.02692           1.00000           1.00000           1.00000           1.00000
