   9.800726E-05    9.800726E-05    9.800726E-05    9.800726E-05    9.800726E-05    9.800726E-05    9.800726E-05    9.800726E-05    9.800726E-05    9.800726E-05    9.800726E-05    9.800726E-05    9.800726E-05    9.800726E-05    9.800726E-05    9.800726E-05    9.800726E-05    9.800726E-05    9.800726E-05    9.800726E-05
   9.800726E-05    9.800726E-05    9.800726E-05    9.800726E-05    9.800726E-05    9.800726E-05    9.800726E-05    9.800726E-05    9.800726E-05    9.800726E-05    9.800726E-05    9.800726E-05    9.800726E-05    9.800726E-05    9.800726E-05    9.800726E-05    9.800726E-05    9.800726E-05    9.800726E-05    9.800726E-05
   9.800726E-05    9.800726E-05    9.800726E-05    9.800726E-05    9.800726E-05    9.800726E-05    9.800726E-05    9.800726E-05    9.800726E-05    9.800726E-05    9.800726E-05    9.800726E-05    9.800726E-05    9.800726E-05    9.800726E-05    9.800726E-05    9.800726E-05    9.800726E-05    9.800726E-05    9.800726E-05
   9.800726E-05    9.800726E-05    9.800726E-05    9.800726E-05    9.800726E-05    9.800726E-05    9.800726E-05    9.800726E-05    9.800726E-05    9.800726E-05    9.800726E-05    9.800726E-05    9.800726E-05    9.800726E-05    9.800726E-05    9.800726E-05    9.800726E-05    9.800726E-05    9.800726E-05    9.800726E-05
   9.800726E-05    9.800726E-05    9.800726E-05    9.800726E-05    9.800726E-05    9.800726E-05    9.800726E-05    9.800726E-05    9.800726E-05    9.800726E-05    9.800726E-05    9.800726E-05    9.800726E-05    9.800726E-05    9.800726E-05    9.800726E-05    9.800726E-05    9.800726E-05    9.800726E-05    9.800726E-05
   9.800726E-05    9.800726E-05    9.800726E-05    9.800726E-05    9.800726E-05    9.800726E-05    9.800726E-05    9.800726E-05    9.800726E-05    9.800726E-05    9.800726E-05    9.800726E-05    9.800726E-05    9.800726E-05    9.800726E-05    9.800726E-05    9.800726E-05    9.800726E-05    9.800726E-05    9.800726E-05
   9.800726E-05    9.800726E-05    9.800726E-05    9.800726E-05    9.800726E-05    9.800726E-05    9.800726E-05    9.800726E-05    9.800726E-05    9.800726E-05    9.800726E-05    9.800726E-05    9.800726E-05    9.800726E-05    9.800726E-05    9.800726E-05    9.800726E-05    9.800726E-05    9.800726E-05    9.800726E-05
   9.800726E-05    9.800726E-05    9.800726E-05    9.800726E-05    9.800726E-05    9.800726E-05    9.800726E-05    9.800726E-05    9.800726E-05    9.800726E-05    9.800726E-05    9.800726E-05    9.800726E-05    9.800726E-05    9.800726E-05    9.800726E-05    9.800726E-05    9.800726E-05    9.800726E-05    9.800726E-05
   9.800726E-05    9.800726E-05    9.800726E-05    9.800726E-05    9.869812E-05    9.869812E-05    9.869812E-05    9.800726E-05    9.800726E-05    9.800726E-05    9.800726E-05    9.800726E-05    9.800726E-05    9.800726E-05    9.800726E-05    9.800726E-05    9.800726E-05    9.800726E-05    9.800726E-05    9.800726E-05
   9.800726E-05    9.800726E-05    9.800726E-05    9.800726E-05    9.869812E-05    9.869812E-05    9.869812E-05    9.869812E-05    9.800726E-05    9.800726E-05    9.800726E-05    9.800726E-05    9.800726E-05    9.800726E-05    9.800726E-05    9.800726E-05    9.800726E-05    9.800726E-05    9.800726E-05    9.800726E-05
   9.800726E-05    9.800726E-05    9.800726E-05    9.800726E-05    9.869812E-05    9.869812E-05    9.869812E-05    9.869812E-05    9.800726E-05    9.800726E-05    9.800726E-05    9.800726E-05    9.800726E-05    9.800726E-05    9.800726E-05    9.800726E-05    9.800726E-05    9.800726E-05    9.800726E-05    9.800726E-05
   9.800726E-05    9.800726E-05    9.800726E-05    9.800726E-05    9.869812E-05    9.869812E-05    9.869812E-05    9.869812E-05    9.800726E-05    9.800726E-05    9.800726E-05    9.800726E-05    9.800726E-05    9.800726E-05    9.800726E-05    9.800726E-05    9.800726E-05    9.800726E-05    9.800726E-05    9.800726E-05
   9.800726E-05    9.800726E-05    9.800726E-05    9.800726E-05    9.869812E-05    9.869812E-05    9.869812E-05    9.869812E-05    9.800726E-05    9.800726E-05    9.800726E-05    9.800726E-05    9.800726E-05    9.800726E-05    9.800726E-05    9.800726E-05    9.800726E-05    9.800726E-05    9.800726E-05    9.800726E-05
   9.800726E-05    9.800726E-05    9.800726E-05    9.800726E-05    9.869812E-05    9.869812E-05    9.869812E-05    9.869812E-05    9.800726E-05    9.800726E-05    9.800726E-05    9.800726E-05    9.800726E-05    9.800726E-05    9.800726E-05    9.800726E-05    9.800726E-05    9.800726E-05    9.800726E-05    9.800726E-05
   9.800726E-05    9.800726E-05    9.800726E-05    9.800726E-05    9.869812E-05    9.869812E-05    9.869812E-05    9.869812E-05    9.800726E-05    9.800726E-05    9.800726E-05    9.800726E-05    9.800726E-05    9.800726E-05    9.800726E-05    9.800726E-05    9.800726E-05    9.800726E-05    9.800726E-05    9.800726E-05
   9.800726E-05    9.800726E-05    9.800726E-05    9.800726E-05    9.869812E-05    9.869812E-05    9.869812E-05    9.869812E-05    9.800726E-05    9.800726E-05    9.800726E-05    9.800726E-05    9.800726E-05    9.800726E-05    9.800726E-05    9.800726E-05    9.800726E-05    9.800726E-05    9.800726E-05    9.800726E-05
   9.800726E-05    9.800726E-05    9.800726E-05    9.800726E-05    9.869812E-05    9.869812E-05    9.869812E-05    9.869812E-05    9.800726E-05    9.800726E-05    9.800726E-05    9.800726E-05    9.800726E-05    9.800726E-05    9.800726E-05    9.800726E-05    9.800726E-05    9.800726E-05    9.800726E-05    9.800726E-05
   9.800726E-05    9.800726E-05    9.800726E-05    9.800726E-05    9.869812E-05    9.869812E-05    9.869812E-05    9.869812E-05    9.800726E-05    9.800726E-05    9.800726E-05    9.800726E-05    9.800726E-05    9.800726E-05    9.800726E-05    9.800726E-05    9.800726E-05    9.800726E-05    9.800726E-05    9.800726E-05
   9.800726E-05    9.800726E-05    9.800726E-05    9.800726E-05    9.869812E-05    9.869812E-05    9.869812E-05    9.869812E-05    9.800726E-05    9.800726E-05    9.800726E-05    9.800726E-05    9.800726E-05    9.800726E-05    9.800726E-05    9.800726E-05    9.800726E-05    9.800726E-05    9.800726E-05    9.800726E-05
   9.800726E-05    9.800726E-05    9.800726E-05    9.800726E-05    9.869812E-05    9.869812E-05    9.869812E-05    9.869812E-05    9.800726E-05    9.800726E-05    9.800726E-05    9.800726E-05    9.800726E-05    9.800726E-05    9.800726E-05    9.800726E-05    9.800726E-05    9.800726E-05    9.800726E-05    9.800726E-05
   9.800726E-05    9.800726E-05    9.800726E-05    9.800726E-05    9.869812E-05    9.869812E-05    9.869812E-05    9.869812E-05    9.800726E-05    9.800726E-05    9.800726E-05    9.800726E-05    9.800726E-05    9.800726E-05    9.800726E-05    9.800726E-05    9.800726E-05    9.800726E-05    9.800726E-05    9.800726E-05
   9.800726E-05    9.800726E-05    9.800726E-05    9.800726E-05    9.869812E-05    9.869812E-05    9.800726E-05    9.800726E-05    9.800726E-05    9.800726E-05    9.800726E-05    9.800726E-05    9.800726E-05    9.800726E-05    9.800726E-05    9.800726E-05    9.800726E-05    9.800726E-05    9.800726E-05    9.800726E-05
   9.800726E-05    9.800726E-05    9.800726E-05    9.800726E-05    9.800726E-05    9.869812E-05    9.800726E-05    9.800726E-05    9.800726E-05    9.800726E-05    9.800726E-05    9.800726E-05    9.800726E-05    9.800726E-05    9.800726E-05    9.800726E-05    9.800726E-05    9.800726E-05    9.800726E-05    9.800726E-05
   9.800726E-05    9.800726E-05    9.800726E-05    9.800726E-05    9.800726E-05    9.800726E-05    9.800726E-05    9.800726E-05    9.800726E-05    9.800726E-05    9.800726E-05    9.800726E-05    9.800726E-05    9.800726E-05    9.800726E-05    9.800726E-05    9.800726E-05    9.800726E-05    9.800726E-05    9.800726E-05
   9.800726E-05    9.800726E-05    9.800726E-05    9.800726E-05    9.800726E-05    9.800726E-05    9.800726E-05    9.800726E-05    9.800726E-05    9.800726E-05    9.800726E-05    9.800726E-05    9.800726E-05    9.800726E-05    9.800726E-05    9.800726E-05    9.800726E-05    9.800726E-05    9.800726E-05    9.800726E-05
   9.800726E-05    9.800726E-05    9.800726E-05    9.800726E-05    9.800726E-05    9.800726E-05    9.800726E-05    9.800726E-05    9.800726E-05    9.800726E-05    9.800726E-05    9.800726E-05    9.800726E-05    9.800726E-05    9.800726E-05    9.800726E-05    9.800726E-05    9.800726E-05    9.800726E-05    9.800726E-05
   9.800726E-05    9.800726E-05    9.800726E-05    9.800726E-05    9.800726E-05    9.800726E-05    9.800726E-05    9.800726E-05    9.800726E-05    9.800726E-05    9.800726E-05    9.800726E-05    9.800726E-05    9.800726E-05    9.800726E-05    9.800726E-05    9.800726E-05    9.800726E-05    9.800726E-05    9.800726E-05
   9.800726E-05    9.800726E-05    9.800726E-05    9.800726E-05    9.800726E-05    9.800726E-05    9.800726E-05    9.800726E-05    9.800726E-05    9.800726E-05    9.800726E-05    9.800726E-05    9.800726E-05    9.800726E-05    9.800726E-05    9.800726E-05    9.800726E-05    9.800726E-05    9.800726E-05    9.800726E-05
   9.800726E-05    9.800726E-05    9.800726E-05    9.800726E-05    9.800726E-05    9.800726E-05    9.800726E-05    9.800726E-05    9.800726E-05    9.800726E-05    9.800726E-05    9.800726E-05    9.800726E-05    9.800726E-05    9.800726E-05    9.800726E-05    9.800726E-05    9.800726E-05    9.800726E-05    9.800726E-05
   9.800726E-05    9.800726E-05    9.800726E-05    9.800726E-05    9.800726E-05    9.800726E-05    9.800726E-05    9.800726E-05    9.800726E-05    9.800726E-05    9.800726E-05    9.800726E-05    9.800726E-05    9.800726E-05    9.800726E-05    9.800726E-05    9.800726E-05    9.800726E-05    9.800726E-05    9.800726E-05
   9.800726E-05    9.800726E-05    9.800726E-05    9.800726E-05    9.800726E-05    9.800726E-05    9.800726E-05    9.800726E-05    9.800726E-05    9.800726E-05    9.800726E-05    9.800726E-05    9.800726E-05    9.800726E-05    9.800726E-05    9.800726E-05    9.800726E-05    9.800726E-05    9.800726E-05    9.800726E-05
   9.800726E-05    9.800726E-05    9.800726E-05    9.800726E-05    9.800726E-05    9.800726E-05    9.800726E-05    9.800726E-05    9.800726E-05    9.800726E-05    9.800726E-05    9.800726E-05    9.800726E-05    9.800726E-05    9.800726E-05    9.800726E-05    9.800726E-05    9.800726E-05    9.800726E-05    9.800726E-05
   9.869812E-05    9.800726E-05    9.800726E-05    9.800726E-05    9.800726E-05    9.800726E-05    9.800726E-05    9.800726E-05    9.800726E-05    9.800726E-05    9.800726E-05    9.800726E-05    9.800726E-05    9.800726E-05    9.800726E-05    9.800726E-05    9.800726E-05    9.800726E-05    9.800726E-05    9.800726E-05
   9.869812E-05    9.869812E-05    9.800726E-05    9.800726E-05    9.800726E-05    9.800726E-05    9.800726E-05    9.800726E-05    9.800726E-05    9.800726E-05    9.800726E-05    9.800726E-05    9.800726E-05    9.800726E-05    9.800726E-05    9.800726E-05    9.800726E-05    9.800726E-05    9.800726E-05    9.800726E-05
   9.869812E-05    9.869812E-05    9.869812E-05    9.800726E-05    9.800726E-05    9.800726E-05    9.800726E-05    9.800726E-05    9.800726E-05    9.800726E-05    9.800726E-05    9.800726E-05    9.800726E-05    9.800726E-05    9.800726E-05    9.800726E-05    9.800726E-05    9.800726E-05    9.800726E-05    9.800726E-05
   9.869812E-05    9.869812E-05    9.869812E-05    9.869812E-05    9.800726E-05    9.800726E-05    9.800726E-05    9.800726E-05    9.800726E-05    9.800726E-05    9.800726E-05    9.800726E-05    9.800726E-05    9.800726E-05    9.800726E-05    9.800726E-05    9.800726E-05    9.800726E-05    9.800726E-05    9.869812E-05
   9.869812E-05    9.869812E-05    9.869812E-05    9.869812E-05    9.800726E-05    9.800726E-05    9.800726E-05    9.800726E-05    9.800726E-05    9.800726E-05    9.800726E-05    9.800726E-05    9.800726E-05    9.800726E-05    9.800726E-05    9.800726E-05    9.800726E-05    9.800726E-05    9.800726E-05    9.869812E-05
   9.869812E-05    9.869812E-05    9.869812E-05    9.869812E-05    9.869812E-05    9.800726E-05    9.800726E-05    9.800726E-05    9.800726E-05    9.800726E-05    9.800726E-05    9.800726E-05    9.800726E-05    9.800726E-05    9.800726E-05    9.800726E-05    9.800726E-05    9.800726E-05    9.869812E-05    9.869812E-05
   9.869812E-05    9.869812E-05    9.869812E-05    9.869812E-05    9.869812E-05    9.800726E-05    9.800726E-05    9.800726E-05    9.800726E-05    9.800726E-05    9.800726E-05    9.800726E-05    9.800726E-05    9.800726E-05    9.800726E-05    9.800726E-05    9.800726E-05    9.869812E-05    9.869812E-05    9.869812E-05
   9.869812E-05    9.869812E-05    9.869812E-05    9.869812E-05    9.869812E-05    9.800726E-05    9.800726E-05    9.800726E-05    9.800726E-05    9.800726E-05    9.800726E-05    9.800726E-05    9.800726E-05    9.800726E-05    9.800726E-05    9.800726E-05    9.869812E-05    9.869812E-05    9.869812E-05    9.869812E-05
