   8.174211E-02   1.830279E-01   2.000000E-01   2.000000E-01   1.197604E-01   1.215718E-01   2.000000E-01   2.000000E-01   2.000000E-01   1.469008E-01   1.143471E-01   1.065679E-01   1.113428E-01   9.563625E-02   1.282470E-01   1.489792E-01   2.000000E-01   2.000000E-01   1.563988E-01   7.099457E-02
   8.152669E-02   1.990470E-01   2.000000E-01   1.508172E-01   1.008905E-01   1.161552E-01   1.345641E-01   2.000000E-01   1.868829E-01   1.870165E-01   9.577727E-02   1.886651E-01   1.387786E-01   1.259574E-01   1.729014E-01   1.590062E-01   1.636506E-01   1.438988E-01   1.869741E-01   1.294450E-01
   5.640776E-02   1.135384E-01   1.381824E-01   7.852784E-02   4.770095E-02   6.490316E-02   1.213737E-01   1.285855E-01   1.302763E-01   1.593691E-01   1.279030E-01   1.514063E-01   1.852582E-01   2.000000E-01   1.233002E-01   1.387302E-01   1.444827E-01   1.470527E-01   1.362661E-01   1.371599E-01
   4.112130E-02   8.763960E-02   6.222743E-02   4.465700E-02   5.945687E-02   5.753496E-02   7.517446E-02   1.132332E-01   1.266857E-01   1.190217E-01   1.191410E-01   1.238481E-01   1.146898E-01   2.000000E-01   1.750453E-01   8.700982E-02   1.086869E-01   1.046579E-01   8.916552E-02   1.103156E-01
   5.276480E-02   7.505899E-02   6.932511E-02   5.882751E-02   5.279140E-02   8.378741E-02   7.933198E-02   5.406448E-02   8.908908E-02   8.147365E-02   1.141979E-01   9.408603E-02   8.050319E-02   1.465778E-01   1.683887E-01   8.169185E-02   9.472438E-02   1.210957E-01   1.174271E-01   8.498538E-02
   5.443072E-02   8.492522E-02   5.039817E-02   3.167772E-02   4.436896E-02   8.107466E-02   4.468404E-02   2.886968E-02   5.881071E-02   7.555813E-02   7.059276E-02   8.840814E-02   1.259389E-01   1.451068E-01   1.083876E-01   8.217132E-02   1.039208E-01   1.019030E-01   9.459458E-02   8.470292E-02
   6.028072E-02   5.511980E-02   3.683384E-02   3.883823E-02   4.592781E-02   4.014545E-02   5.587379E-02   4.030091E-02   7.203787E-02   6.727238E-02   1.017282E-01   1.199907E-01   1.256559E-01   1.310466E-01   6.515234E-02   5.693474E-02   7.588556E-02   9.235090E-02   1.152091E-01   1.429147E-01
   5.964400E-02   4.502265E-02   3.111626E-02   3.190262E-02   2.621807E-02   6.710703E-02   4.609727E-02   9.409472E-02   7.329727E-02   1.054144E-01   8.828684E-02   7.728658E-02   7.827706E-02   8.566765E-02   1.079037E-01   5.650214E-02   8.606852E-02   1.040875E-01   1.351774E-01   1.458999E-01
   3.960334E-02   5.056751E-02   2.717657E-02   2.488317E-02   1.000000E-01   1.000000E-01   1.000000E-01   7.380480E-02   6.758403E-02   9.930772E-02   7.339165E-02   7.824656E-02   1.027033E-01   5.005025E-02   7.841895E-02   6.570046E-02   7.915668E-02   9.214736E-02   1.106034E-01   1.226959E-01
   5.170814E-02   3.742268E-02   2.275590E-02   3.582603E-02   1.000000E-01   1.000000E-01   1.000000E-01   1.000000E-01   6.076999E-02   9.556740E-02   6.412935E-02   7.231576E-02   5.896870E-02   4.603251E-02   7.162173E-02   6.464678E-02   5.949188E-02   6.862256E-02   7.445286E-02   8.398401E-02
   8.770171E-02   4.897342E-02   5.269511E-02   4.806814E-02   1.000000E-01   1.000000E-01   1.000000E-01   1.000000E-01   5.749243E-02   4.935533E-02   6.160237E-02   6.209762E-02   5.806669E-02   4.397986E-02   4.627797E-02   4.597504E-02   5.343725E-02   4.354688E-02   8.140229E-02   9.498497E-02
   7.313307E-02   4.153300E-02   9.293921E-02   1.232033E-01   1.000000E-01   1.000000E-01   1.000000E-01   1.000000E-01   4.289076E-02   6.137706E-02   6.718268E-02   5.715506E-02   9.262988E-02   5.364205E-02   4.690747E-02   4.325196E-02   3.496126E-02   2.365990E-02   6.445622E-02   8.327348E-02
   5.429601E-02   4.031132E-02   5.020109E-02   6.697823E-02   1.000000E-01   1.000000E-01   1.000000E-01   1.000000E-01   5.610239E-02   6.091704E-02   5.517298E-02   4.177558E-02   5.928311E-02   7.078730E-02   4.838697E-02   5.459634E-02   4.808695E-02   4.245042E-02   6.387940E-02   1.078696E-01
   5.270633E-02   7.679732E-02   2.944531E-02   3.343585E-02   1.000000E-01   1.000000E-01   1.000000E-01   1.000000E-01   6.287360E-02   4.385604E-02   4.040508E-02   6.442528E-02   1.013543E-01   6.601342E-02   4.362405E-02   7.280612E-02   6.397930E-02   7.005956E-02   8.276164E-02   1.320522E-01
   1.112136E-01   1.415321E-01   6.487748E-02   3.073274E-02   1.000000E-01   1.000000E-01   1.000000E-01   1.000000E-01   5.458624E-02   4.856187E-02   5.104468E-02   6.360464E-02   1.312920E-01   1.266364E-01   1.059848E-01   7.198520E-02   6.596264E-02   8.520277E-02   8.430658E-02   1.109718E-01
   1.131133E-01   1.075189E-01   9.321474E-02   6.144923E-02   1.000000E-01   1.000000E-01   1.000000E-01   1.000000E-01   5.363723E-02   5.401371E-02   5.042098E-02   9.621443E-02   1.685239E-01   2.000000E-01   1.575129E-01   1.627196E-01   1.067826E-01   7.533166E-02   8.257697E-02   1.197280E-01
   9.676221E-02   8.821668E-02   6.458763E-02   6.136510E-02   1.000000E-01   1.000000E-01   1.000000E-01   1.000000E-01   4.839071E-02   6.086099E-02   1.089934E-01   7.215332E-02   1.348813E-01   1.243208E-01   1.575937E-01   1.155958E-01   2.000000E-01   1.209427E-01   1.190076E-01   1.411170E-01
   1.039656E-01   7.667965E-02   5.414767E-02   3.988092E-02   1.000000E-01   1.000000E-01   1.000000E-01   1.000000E-01   4.847388E-02   7.165012E-02   6.906668E-02   7.534050E-02   8.474192E-02   9.008934E-02   1.581248E-01   1.878315E-01   1.552142E-01   8.286991E-02   1.171471E-01   1.067756E-01
   6.750941E-02   6.107736E-02   7.693523E-02   6.407961E-02   1.000000E-01   1.000000E-01   1.000000E-01   1.000000E-01   5.135484E-02   7.617938E-02   6.807964E-02   1.115245E-01   9.467274E-02   1.137015E-01   1.192930E-01   1.755610E-01   1.331251E-01   1.388907E-01   8.130136E-02   1.013722E-01
   4.357738E-02   1.063206E-01   7.090191E-02   7.031747E-02   1.000000E-01   1.000000E-01   1.000000E-01   1.000000E-01   5.610079E-02   6.322511E-02   7.841721E-02   9.911781E-02   1.070782E-01   1.223784E-01   1.385036E-01   1.267173E-01   1.102502E-01   9.482955E-02   7.256488E-02   6.056479E-02
   1.004585E-01   1.589257E-01   8.291404E-02   8.365346E-02   1.000000E-01   1.000000E-01   1.000000E-01   1.000000E-01   6.604206E-02   1.203279E-01   1.092839E-01   6.930146E-02   9.351702E-02   1.052156E-01   1.320677E-01   1.033647E-01   1.711723E-01   1.450074E-01   9.416117E-02   1.012831E-01
   8.014744E-02   8.578866E-02   1.244467E-01   9.405609E-02   1.000000E-01   1.000000E-01   1.644634E-01   1.221807E-01   1.097236E-01   1.353641E-01   9.394252E-02   5.368676E-02   5.559167E-02   6.544814E-02   7.187490E-02   8.803381E-02   1.377224E-01   1.350120E-01   1.048861E-01   8.755767E-02
   4.050520E-02   7.184770E-02   1.577648E-01   1.221073E-01   1.255730E-01   1.000000E-01   1.699041E-01   2.000000E-01   2.000000E-01   2.000000E-01   6.070004E-02   5.523467E-02   3.435388E-02   6.060454E-02   4.525706E-02   1.041425E-01   1.351098E-01   8.533710E-02   9.136476E-02   9.500864E-02
   5.866269E-02   8.967768E-02   9.531929E-02   1.313403E-01   1.380599E-01   1.596008E-01   1.586541E-01   1.918235E-01   2.000000E-01   2.000000E-01   1.336096E-01   5.207958E-02   4.872680E-02   8.890967E-02   1.307567E-01   1.078294E-01   1.046033E-01   1.146138E-01   1.372102E-01   1.743083E-01
   8.351196E-02   9.789713E-02   1.446984E-01   1.866322E-01   2.000000E-01   2.000000E-01   2.000000E-01   2.000000E-01   2.000000E-01   2.000000E-01   1.543252E-01   1.506013E-01   1.393530E-01   1.063209E-01   9.571576E-02   1.063453E-01   1.200896E-01   1.391732E-01   1.313730E-01   1.535116E-01
   1.039156E-01   1.147722E-01   1.731388E-01   2.000000E-01   2.000000E-01   2.000000E-01   1.760486E-01   2.000000E-01   2.000000E-01   2.000000E-01   2.000000E-01   2.000000E-01   1.256859E-01   1.099251E-01   1.150385E-01   7.731685E-02   9.315678E-02   1.517873E-01   1.193704E-01   1.053316E-01
   1.094439E-01   1.419161E-01   2.000000E-01   2.000000E-01   1.979225E-01   2.000000E-01   2.000000E-01   2.000000E-01   2.000000E-01   2.000000E-01   2.000000E-01   2.000000E-01   2.000000E-01   7.857089E-02   8.942379E-02   6.712351E-02   8.066360E-02   8.271797E-02   9.578008E-02   9.753338E-02
   1.099730E-01   1.674815E-01   1.689358E-01   2.000000E-01   2.000000E-01   2.000000E-01   2.000000E-01   2.000000E-01   2.000000E-01   2.000000E-01   2.000000E-01   2.000000E-01   2.000000E-01   1.030408E-01   7.326257E-02   7.073833E-02   7.140157E-02   7.848655E-02   9.600217E-02   1.041905E-01
   1.000932E-01   1.479532E-01   2.000000E-01   1.903378E-01   2.000000E-01   2.000000E-01   2.000000E-01   2.000000E-01   2.000000E-01   2.000000E-01   2.000000E-01   2.000000E-01   2.000000E-01   1.654812E-01   1.418741E-01   7.047676E-02   5.358007E-02   7.688753E-02   5.672220E-02   1.319121E-01
   5.390816E-02   1.163516E-01   2.000000E-01   2.000000E-01   2.000000E-01   2.000000E-01   2.000000E-01   2.000000E-01   2.000000E-01   2.000000E-01   2.000000E-01   2.000000E-01   1.806515E-01   1.238381E-01   6.596861E-02   9.252753E-02   6.346202E-02   6.089081E-02   9.760236E-02   1.394963E-01
   6.728071E-02   1.266583E-01   2.000000E-01   2.000000E-01   2.000000E-01   2.000000E-01   2.000000E-01   1.813028E-01   2.000000E-01   2.000000E-01   2.000000E-01   2.000000E-01   1.679484E-01   1.472716E-01   1.376238E-01   1.280537E-01   9.126064E-02   9.123480E-02   1.442738E-01   1.277369E-01
   6.780666E-02   1.723912E-01   1.761055E-01   2.000000E-01   2.000000E-01   2.000000E-01   2.000000E-01   2.000000E-01   2.000000E-01   2.000000E-01   2.000000E-01   2.000000E-01   2.000000E-01   2.000000E-01   1.960857E-01   1.923044E-01   1.054023E-01   9.798226E-02   2.000000E-01   2.000000E-01
   1.000000E-01   1.436984E-01   1.228118E-01   2.000000E-01   2.000000E-01   2.000000E-01   1.692026E-01   2.000000E-01   1.455031E-01   2.000000E-01   2.000000E-01   2.000000E-01   1.753944E-01   2.000000E-01   2.000000E-01   2.000000E-01   1.927902E-01   9.590123E-02   2.000000E-01   2.000000E-01
   1.000000E-01   1.000000E-01   1.545653E-01   2.000000E-01   2.000000E-01   2.000000E-01   1.770967E-01   2.000000E-01   2.000000E-01   2.000000E-01   2.000000E-01   2.000000E-01   2.000000E-01   2.000000E-01   2.000000E-01   2.000000E-01   1.889608E-01   2.000000E-01   1.459573E-01   1.853562E-01
   1.000000E-01   1.000000E-01   1.000000E-01   2.000000E-01   2.000000E-01   2.000000E-01   2.000000E-01   2.000000E-01   2.000000E-01   2.000000E-01   2.000000E-01   2.000000E-01   2.000000E-01   2.000000E-01   2.000000E-01   2.000000E-01   1.983237E-01   2.000000E-01   2.000000E-01   1.524863E-01
   1.000000E-01   1.000000E-01   1.000000E-01   1.000000E-01   1.723503E-01   2.000000E-01   2.000000E-01   2.000000E-01   2.000000E-01   2.000000E-01   2.000000E-01   2.000000E-01   2.000000E-01   2.000000E-01   2.000000E-01   2.000000E-01   2.000000E-01   1.989825E-01   2.000000E-01   1.000000E-01
   1.000000E-01   1.000000E-01   1.000000E-01   1.000000E-01   1.751366E-01   2.000000E-01   2.000000E-01   2.000000E-01   2.000000E-01   2.000000E-01   2.000000E-01   2.000000E-01   2.000000E-01   1.863959E-01   1.876742E-01   2.000000E-01   2.000000E-01   1.435078E-01   1.191170E-01   1.000000E-01
   1.000000E-01   1.000000E-01   1.000000E-01   1.000000E-01   1.000000E-01   2.000000E-01   2.000000E-01   2.000000E-01   2.000000E-01   2.000000E-01   2.000000E-01   1.564168E-01   1.047824E-01   7.061462E-02   9.372730E-02   1.614440E-01   1.238803E-01   1.418437E-01   1.000000E-01   1.000000E-01
   1.000000E-01   1.000000E-01   1.000000E-01   1.000000E-01   1.000000E-01   2.000000E-01   2.000000E-01   2.000000E-01   2.000000E-01   2.000000E-01   2.000000E-01   1.716470E-01   1.035661E-01   7.153684E-02   8.653969E-02   5.619783E-02   6.546509E-02   1.000000E-01   1.000000E-01   1.000000E-01
   1.000000E-01   1.000000E-01   1.000000E-01   1.000000E-01   1.000000E-01   1.739114E-01   1.695596E-01   2.000000E-01   2.000000E-01   1.822472E-01   2.000000E-01   2.000000E-01   1.453709E-01   7.130539E-02   8.842790E-02   7.008428E-02   1.000000E-01   1.000000E-01   1.000000E-01   1.000000E-01
