1.000000000000000021E-02 1.000000000000000021E-02 1.000000000000000021E-02 1.000000000000000021E-02 1.000000000000000021E-02 1.000000000000000021E-02 1.000000000000000021E-02 1.000000000000000021E-02 1.000000000000000021E-02 1.000000000000000021E-02 1.000000000000000021E-02 1.000000000000000021E-02 1.000000000000000021E-02 1.000000000000000021E-02 1.000000000000000021E-02 1.000000000000000021E-02 1.000000000000000021E-02 1.000000000000000021E-02 1.000000000000000021E-02 1.000000000000000021E-02
1.000000000000000021E-02 1.000000000000000021E-02 1.000000000000000021E-02 1.000000000000000021E-02 1.000000000000000021E-02 1.000000000000000021E-02 1.000000000000000021E-02 1.000000000000000021E-02 1.000000000000000021E-02 1.000000000000000021E-02 1.000000000000000021E-02 1.000000000000000021E-02 1.000000000000000021E-02 1.000000000000000021E-02 1.000000000000000021E-02 1.000000000000000021E-02 1.000000000000000021E-02 1.000000000000000021E-02 1.000000000000000021E-02 1.000000000000000021E-02
1.000000000000000021E-02 1.000000000000000021E-02 1.000000000000000021E-02 1.000000000000000021E-02 1.000000000000000021E-02 1.000000000000000021E-02 1.000000000000000021E-02 1.000000000000000021E-02 1.000000000000000021E-02 1.000000000000000021E-02 1.000000000000000021E-02 1.000000000000000021E-02 1.000000000000000021E-02 1.000000000000000021E-02 1.000000000000000021E-02 1.000000000000000021E-02 1.000000000000000021E-02 1.000000000000000021E-02 1.000000000000000021E-02 1.000000000000000021E-02
1.000000000000000021E-02 1.000000000000000021E-02 1.000000000000000021E-02 1.000000000000000021E-02 1.000000000000000021E-02 1.000000000000000021E-02 1.000000000000000021E-02 1.000000000000000021E-02 1.000000000000000021E-02 1.000000000000000021E-02 1.000000000000000021E-02 1.000000000000000021E-02 1.000000000000000021E-02 1.000000000000000021E-02 1.000000000000000021E-02 1.000000000000000021E-02 1.000000000000000021E-02 1.000000000000000021E-02 1.000000000000000021E-02 1.000000000000000021E-02
1.000000000000000021E-02 1.000000000000000021E-02 1.000000000000000021E-02 1.000000000000000021E-02 1.000000000000000021E-02 1.000000000000000021E-02 1.000000000000000021E-02 1.000000000000000021E-02 1.000000000000000021E-02 1.000000000000000021E-02 1.000000000000000021E-02 1.000000000000000021E-02 1.000000000000000021E-02 1.000000000000000021E-02 1.000000000000000021E-02 1.000000000000000021E-02 1.000000000000000021E-02 1.000000000000000021E-02 1.000000000000000021E-02 1.000000000000000021E-02
1.000000000000000021E-02 1.000000000000000021E-02 1.000000000000000021E-02 1.000000000000000021E-02 1.000000000000000021E-02 1.000000000000000021E-02 1.000000000000000021E-02 1.000000000000000021E-02 1.000000000000000021E-02 1.000000000000000021E-02 1.000000000000000021E-02 1.000000000000000021E-02 1.000000000000000021E-02 1.000000000000000021E-02 1.000000000000000021E-02 1.000000000000000021E-02 1.000000000000000021E-02 1.000000000000000021E-02 1.000000000000000021E-02 1.000000000000000021E-02
1.000000000000000021E-02 1.000000000000000021E-02 1.000000000000000021E-02 1.000000000000000021E-02 1.000000000000000021E-02 1.000000000000000021E-02 1.000000000000000021E-02 1.000000000000000021E-02 1.000000000000000021E-02 1.000000000000000021E-02 1.000000000000000021E-02 1.000000000000000021E-02 1.000000000000000021E-02 1.000000000000000021E-02 1.000000000000000021E-02 1.000000000000000021E-02 1.000000000000000021E-02 1.000000000000000021E-02 1.000000000000000021E-02 1.000000000000000021E-02
1.000000000000000021E-02 1.000000000000000021E-02 1.000000000000000021E-02 1.000000000000000021E-02 1.000000000000000021E-02 1.000000000000000021E-02 1.000000000000000021E-02 1.000000000000000021E-02 1.000000000000000021E-02 1.000000000000000021E-02 1.000000000000000021E-02 1.000000000000000021E-02 1.000000000000000021E-02 1.000000000000000021E-02 1.000000000000000021E-02 1.000000000000000021E-02 1.000000000000000021E-02 1.000000000000000021E-02 1.000000000000000021E-02 1.000000000000000021E-02
1.000000000000000021E-02 1.000000000000000021E-02 1.000000000000000021E-02 1.000000000000000021E-02 1.000000000000000021E-02 1.000000000000000021E-02 1.000000000000000021E-02 1.000000000000000021E-02 1.000000000000000021E-02 1.000000000000000021E-02 1.000000000000000021E-02 1.000000000000000021E-02 1.000000000000000021E-02 1.000000000000000021E-02 1.000000000000000021E-02 1.000000000000000021E-02 1.000000000000000021E-02 1.000000000000000021E-02 1.000000000000000021E-02 1.000000000000000021E-02
1.000000000000000021E-02 1.000000000000000021E-02 1.000000000000000021E-02 1.000000000000000021E-02 1.000000000000000021E-02 1.000000000000000021E-02 1.000000000000000021E-02 1.000000000000000021E-02 1.000000000000000021E-02 1.000000000000000021E-02 1.000000000000000021E-02 1.000000000000000021E-02 1.000000000000000021E-02 1.000000000000000021E-02 1.000000000000000021E-02 1.000000000000000021E-02 1.000000000000000021E-02 1.000000000000000021E-02 1.000000000000000021E-02 1.000000000000000021E-02
1.000000000000000021E-02 1.000000000000000021E-02 1.000000000000000021E-02 1.000000000000000021E-02 1.000000000000000021E-02 1.000000000000000021E-02 1.000000000000000021E-02 1.000000000000000021E-02 1.000000000000000021E-02 1.000000000000000021E-02 1.000000000000000021E-02 1.000000000000000021E-02 1.000000000000000021E-02 1.000000000000000021E-02 1.000000000000000021E-02 1.000000000000000021E-02 1.000000000000000021E-02 1.000000000000000021E-02 1.000000000000000021E-02 1.000000000000000021E-02
1.000000000000000021E-02 1.000000000000000021E-02 1.000000000000000021E-02 1.000000000000000021E-02 1.000000000000000021E-02 1.000000000000000021E-02 1.000000000000000021E-02 1.000000000000000021E-02 1.000000000000000021E-02 1.000000000000000021E-02 1.000000000000000021E-02 1.000000000000000021E-02 1.000000000000000021E-02 1.000000000000000021E-02 1.000000000000000021E-02 1.000000000000000021E-02 1.000000000000000021E-02 1.000000000000000021E-02 1.000000000000000021E-02 1.000000000000000021E-02
1.000000000000000021E-02 1.000000000000000021E-02 1.000000000000000021E-02 1.000000000000000021E-02 1.000000000000000021E-02 1.000000000000000021E-02 1.000000000000000021E-02 1.000000000000000021E-02 1.000000000000000021E-02 1.000000000000000021E-02 1.000000000000000021E-02 1.000000000000000021E-02 1.000000000000000021E-02 1.000000000000000021E-02 1.000000000000000021E-02 1.000000000000000021E-02 1.000000000000000021E-02 1.000000000000000021E-02 1.000000000000000021E-02 1.000000000000000021E-02
1.000000000000000021E-02 1.000000000000000021E-02 1.000000000000000021E-02 1.000000000000000021E-02 1.000000000000000021E-02 1.000000000000000021E-02 1.000000000000000021E-02 1.000000000000000021E-02 1.000000000000000021E-02 1.000000000000000021E-02 1.000000000000000021E-02 1.000000000000000021E-02 1.000000000000000021E-02 1.000000000000000021E-02 1.000000000000000021E-02 1.000000000000000021E-02 1.000000000000000021E-02 1.000000000000000021E-02 1.000000000000000021E-02 1.000000000000000021E-02
1.000000000000000021E-02 1.000000000000000021E-02 1.000000000000000021E-02 1.000000000000000021E-02 1.000000000000000021E-02 1.000000000000000021E-02 1.000000000000000021E-02 1.000000000000000021E-02 1.000000000000000021E-02 1.000000000000000021E-02 1.000000000000000021E-02 1.000000000000000021E-02 1.000000000000000021E-02 1.000000000000000021E-02 1.000000000000000021E-02 1.000000000000000021E-02 1.000000000000000021E-02 1.000000000000000021E-02 1.000000000000000021E-02 1.000000000000000021E-02
1.000000000000000021E-02 1.000000000000000021E-02 1.000000000000000021E-02 1.000000000000000021E-02 1.000000000000000021E-02 1.000000000000000021E-02 1.000000000000000021E-02 1.000000000000000021E-02 1.000000000000000021E-02 1.000000000000000021E-02 1.000000000000000021E-02 1.000000000000000021E-02 1.000000000000000021E-02 1.000000000000000021E-02 1.000000000000000021E-02 1.000000000000000021E-02 1.000000000000000021E-02 1.000000000000000021E-02 1.000000000000000021E-02 1.000000000000000021E-02
1.000000000000000021E-02 1.000000000000000021E-02 1.000000000000000021E-02 1.000000000000000021E-02 1.000000000000000021E-02 1.000000000000000021E-02 1.000000000000000021E-02 1.000000000000000021E-02 1.000000000000000021E-02 1.000000000000000021E-02 1.000000000000000021E-02 1.000000000000000021E-02 1.000000000000000021E-02 1.000000000000000021E-02 1.000000000000000021E-02 1.000000000000000021E-02 1.000000000000000021E-02 1.000000000000000021E-02 1.000000000000000021E-02 1.000000000000000021E-02
1.000000000000000021E-02 1.000000000000000021E-02 1.000000000000000021E-02 1.000000000000000021E-02 1.000000000000000021E-02 1.000000000000000021E-02 1.000000000000000021E-02 1.000000000000000021E-02 1.000000000000000021E-02 1.000000000000000021E-02 1.000000000000000021E-02 1.000000000000000021E-02 1.000000000000000021E-02 1.000000000000000021E-02 1.000000000000000021E-02 1.000000000000000021E-02 1.000000000000000021E-02 1.000000000000000021E-02 1.000000000000000021E-02 1.000000000000000021E-02
1.000000000000000021E-02 1.000000000000000021E-02 1.000000000000000021E-02 1.000000000000000021E-02 1.000000000000000021E-02 1.000000000000000021E-02 1.000000000000000021E-02 1.000000000000000021E-02 1.000000000000000021E-02 1.000000000000000021E-02 1.000000000000000021E-02 1.000000000000000021E-02 1.000000000000000021E-02 1.000000000000000021E-02 1.000000000000000021E-02 1.000000000000000021E-02 1.000000000000000021E-02 1.000000000000000021E-02 1.000000000000000021E-02 1.000000000000000021E-02
1.000000000000000021E-02 1.000000000000000021E-02 1.000000000000000021E-02 1.000000000000000021E-02 1.000000000000000021E-02 1.000000000000000021E-02 1.000000000000000021E-02 1.000000000000000021E-02 1.000000000000000021E-02 1.000000000000000021E-02 1.000000000000000021E-02 1.000000000000000021E-02 1.000000000000000021E-02 1.000000000000000021E-02 1.000000000000000021E-02 1.000000000000000021E-02 1.000000000000000021E-02 1.000000000000000021E-02 1.000000000000000021E-02 1.000000000000000021E-02
1.000000000000000021E-02 1.000000000000000021E-02 1.000000000000000021E-02 1.000000000000000021E-02 1.000000000000000021E-02 1.000000000000000021E-02 1.000000000000000021E-02 1.000000000000000021E-02 1.000000000000000021E-02 1.000000000000000021E-02 1.000000000000000021E-02 1.000000000000000021E-02 1.000000000000000021E-02 1.000000000000000021E-02 1.000000000000000021E-02 1.000000000000000021E-02 1.000000000000000021E-02 1.000000000000000021E-02 1.000000000000000021E-02 1.000000000000000021E-02
1.000000000000000021E-02 1.000000000000000021E-02 1.000000000000000021E-02 1.000000000000000021E-02 1.000000000000000021E-02 1.000000000000000021E-02 1.000000000000000021E-02 1.000000000000000021E-02 1.000000000000000021E-02 1.000000000000000021E-02 1.000000000000000021E-02 1.000000000000000021E-02 1.000000000000000021E-02 1.000000000000000021E-02 1.000000000000000021E-02 1.000000000000000021E-02 1.000000000000000021E-02 1.000000000000000021E-02 1.000000000000000021E-02 1.000000000000000021E-02
1.000000000000000021E-02 1.000000000000000021E-02 1.000000000000000021E-02 1.000000000000000021E-02 1.000000000000000021E-02 1.000000000000000021E-02 1.000000000000000021E-02 1.000000000000000021E-02 1.000000000000000021E-02 1.000000000000000021E-02 1.000000000000000021E-02 1.000000000000000021E-02 1.000000000000000021E-02 1.000000000000000021E-02 1.000000000000000021E-02 1.000000000000000021E-02 1.000000000000000021E-02 1.000000000000000021E-02 1.000000000000000021E-02 1.000000000000000021E-02
1.000000000000000021E-02 1.000000000000000021E-02 1.000000000000000021E-02 1.000000000000000021E-02 1.000000000000000021E-02 1.000000000000000021E-02 1.000000000000000021E-02 1.000000000000000021E-02 1.000000000000000021E-02 1.000000000000000021E-02 1.000000000000000021E-02 1.000000000000000021E-02 1.000000000000000021E-02 1.000000000000000021E-02 1.000000000000000021E-02 1.000000000000000021E-02 1.000000000000000021E-02 1.000000000000000021E-02 1.000000000000000021E-02 1.000000000000000021E-02
1.000000000000000021E-02 1.000000000000000021E-02 1.000000000000000021E-02 1.000000000000000021E-02 1.000000000000000021E-02 1.000000000000000021E-02 1.000000000000000021E-02 1.000000000000000021E-02 1.000000000000000021E-02 1.000000000000000021E-02 1.000000000000000021E-02 1.000000000000000021E-02 1.000000000000000021E-02 1.000000000000000021E-02 1.000000000000000021E-02 1.000000000000000021E-02 1.000000000000000021E-02 1.000000000000000021E-02 1.000000000000000021E-02 1.000000000000000021E-02
1.000000000000000021E-02 1.000000000000000021E-02 1.000000000000000021E-02 1.000000000000000021E-02 1.000000000000000021E-02 1.000000000000000021E-02 1.000000000000000021E-02 1.000000000000000021E-02 1.000000000000000021E-02 1.000000000000000021E-02 1.000000000000000021E-02 1.000000000000000021E-02 1.000000000000000021E-02 1.000000000000000021E-02 1.006396000000000027E-02 1.020443000000000044E-02 1.008810999999999909E-02 1.000000000000000021E-02 1.000000000000000021E-02 1.000000000000000021E-02
1.000000000000000021E-02 1.000000000000000021E-02 1.000000000000000021E-02 1.000000000000000021E-02 1.000000000000000021E-02 1.000000000000000021E-02 1.000000000000000021E-02 1.000000000000000021E-02 1.000000000000000021E-02 1.000000000000000021E-02 1.000000000000000021E-02 1.000000000000000021E-02 1.000000000000000021E-02 1.003581999999999912E-02 1.016280000000000135E-02 1.024648000000000052E-02 1.023429999999999999E-02 1.014950999999999874E-02 1.007173000000000096E-02 1.000465000000000035E-02
1.000000000000000021E-02 1.000000000000000021E-02 1.000000000000000021E-02 1.000000000000000021E-02 1.000000000000000021E-02 1.000000000000000021E-02 1.000000000000000021E-02 1.000000000000000021E-02 1.000000000000000021E-02 1.000000000000000021E-02 1.000000000000000021E-02 1.000000000000000021E-02 1.000000000000000021E-02 1.007289000000000101E-02 1.018573000000000048E-02 1.029007000000000012E-02 1.034330999999999966E-02 1.027465999999999970E-02 1.020242000000000197E-02 1.013484999999999907E-02
1.000000000000000021E-02 1.000000000000000021E-02 1.000000000000000021E-02 1.000000000000000021E-02 1.000000000000000021E-02 1.000000000000000021E-02 1.000000000000000021E-02 1.000000000000000021E-02 1.000000000000000021E-02 1.000000000000000021E-02 1.000000000000000021E-02 1.000000000000000021E-02 1.000000000000000021E-02 1.007249000000000165E-02 1.021341000000000089E-02 1.033838000000000118E-02 1.042162999999999944E-02 1.038500000000000013E-02 1.031782000000000012E-02 1.025142000000000067E-02
1.000000000000000021E-02 1.000000000000000021E-02 1.000000000000000021E-02 1.000000000000000021E-02 1.000000000000000021E-02 1.000000000000000021E-02 1.000000000000000021E-02 1.000000000000000021E-02 1.000000000000000021E-02 1.000000000000000021E-02 1.000000000000000021E-02 1.000000000000000021E-02 1.000000000000000021E-02 1.007644999999999895E-02 1.024785999999999926E-02 1.039515000000000057E-02 1.050105999999999956E-02 1.048836000000000039E-02 1.042358000000000000E-02 1.035768999999999926E-02
1.000000000000000021E-02 1.000000000000000021E-02 1.000000000000000021E-02 1.000000000000000021E-02 1.000000000000000021E-02 1.000000000000000021E-02 1.000000000000000021E-02 1.000000000000000021E-02 1.000000000000000021E-02 1.000000000000000021E-02 1.000000000000000021E-02 1.000000000000000021E-02 1.000000000000000021E-02 1.008769999999999979E-02 1.029290000000000066E-02 1.046465000000000069E-02 1.058851000000000063E-02 1.058759999999999910E-02 1.052264000000000151E-02 1.045582000000000109E-02
1.000000000000000021E-02 1.000000000000000021E-02 1.000000000000000021E-02 1.000000000000000021E-02 1.000000000000000021E-02 1.000000000000000021E-02 1.000000000000000021E-02 1.000000000000000021E-02 1.000000000000000021E-02 1.000000000000000021E-02 1.000000000000000021E-02 1.000000000000000021E-02 1.000000000000000021E-02 1.010923000000000030E-02 1.035279000000000060E-02 1.055158000000000137E-02 1.068827999999999966E-02 1.068326000000000171E-02 1.061590000000000103E-02 1.054664999999999943E-02
1.000000000000000021E-02 1.000000000000000021E-02 1.000000000000000021E-02 1.000000000000000021E-02 1.000000000000000021E-02 1.000000000000000021E-02 1.000000000000000021E-02 1.000000000000000021E-02 1.000000000000000021E-02 1.000000000000000021E-02 1.000000000000000021E-02 1.000000000000000021E-02 1.000000000000000021E-02 1.014227000000000010E-02 1.043125000000000129E-02 1.066097000000000052E-02 1.080331000000000000E-02 1.077452000000000097E-02 1.070279000000000022E-02 1.062985000000000145E-02
1.000000000000000021E-02 1.000000000000000021E-02 1.000000000000000021E-02 1.000000000000000021E-02 1.000000000000000021E-02 1.000000000000000021E-02 1.000000000000000021E-02 1.000000000000000021E-02 1.000000000000000021E-02 1.000000000000000021E-02 1.000000000000000021E-02 1.000000000000000021E-02 1.000000000000000021E-02 1.018254999999999855E-02 1.052896000000000040E-02 1.079801000000000025E-02 1.093256000000000089E-02 1.085916999999999959E-02 1.078136000000000025E-02 1.070411000000000105E-02
1.000000000000000021E-02 1.000000000000000021E-02 1.000000000000000021E-02 1.000000000000000021E-02 1.000000000000000021E-02 1.000000000000000021E-02 1.000000000000000021E-02 1.000000000000000021E-02 1.000000000000000021E-02 1.000000000000000021E-02 1.000000000000000021E-02 1.000000000000000021E-02 1.000000000000000021E-02 1.021228999999999887E-02 1.063329000000000010E-02 1.096784999999999947E-02 1.101666999999999924E-02 1.093242999999999993E-02 1.084827000000000014E-02 1.076745000000000133E-02
1.000000000000000021E-02 1.000000000000000021E-02 1.000000000000000021E-02 1.000000000000000021E-02 1.000000000000000021E-02 1.000000000000000021E-02 1.000000000000000021E-02 1.000000000000000021E-02 1.000000000000000021E-02 1.000000000000000021E-02 1.000000000000000021E-02 1.000000000000000021E-02 1.000000000000000021E-02 1.019309000000000014E-02 1.066953999999999993E-02 1.117540000000000026E-02 1.107804999999999901E-02 1.098626000000000116E-02 1.089966999999999846E-02 1.000000000000000021E-02
1.000000000000000021E-02 1.000000000000000021E-02 1.000000000000000021E-02 1.000000000000000021E-02 1.000000000000000021E-02 1.000000000000000021E-02 1.000000000000000021E-02 1.000000000000000021E-02 1.000000000000000021E-02 1.000000000000000021E-02 1.000000000000000021E-02 1.000000000000000021E-02 1.000000000000000021E-02 1.009794000000000143E-02 1.052103999999999887E-02 1.084276999999999984E-02 1.093099999999999974E-02 1.090292999999999991E-02 1.084618000000000040E-02 1.000000000000000021E-02
1.000000000000000021E-02 1.000000000000000021E-02 1.000000000000000021E-02 1.000000000000000021E-02 1.000000000000000021E-02 1.000000000000000021E-02 1.000000000000000021E-02 1.000000000000000021E-02 1.000000000000000021E-02 1.000000000000000021E-02 1.000000000000000021E-02 1.000000000000000021E-02 1.000000000000000021E-02 1.000000000000000021E-02 1.029986000000000096E-02 1.056434000000000192E-02 1.070220000000000025E-02 1.074036000000000088E-02 1.000000000000000021E-02 1.000000000000000021E-02
1.000000000000000021E-02 1.000000000000000021E-02 1.000000000000000021E-02 1.000000000000000021E-02 1.000000000000000021E-02 1.000000000000000021E-02 1.000000000000000021E-02 1.000000000000000021E-02 1.000000000000000021E-02 1.000000000000000021E-02 1.000000000000000021E-02 1.000000000000000021E-02 1.000000000000000021E-02 1.000000000000000021E-02 1.009930999999999850E-02 1.033151000000000035E-02 1.048313000000000023E-02 1.000000000000000021E-02 1.000000000000000021E-02 1.000000000000000021E-02
1.000000000000000021E-02 1.000000000000000021E-02 1.000000000000000021E-02 1.000000000000000021E-02 1.000000000000000021E-02 1.000000000000000021E-02 1.000000000000000021E-02 1.000000000000000021E-02 1.000000000000000021E-02 1.000000000000000021E-02 1.000000000000000021E-02 1.000000000000000021E-02 1.000000000000000021E-02 1.000000000000000021E-02 1.000000000000000021E-02 1.013698000000000030E-02 1.000000000000000021E-02 1.000000000000000021E-02 1.000000000000000021E-02 1.000000000000000021E-02
