             20.1              20.3              20.4              20.3              20.2              20.1              20.0              19.9              19.9              19.9              19.8              19.8              19.6              19.4              19.0              18.7              18.3              18.1              17.9              17.9
             20.1              20.3              20.5              20.5              20.3              20.2              20.0              19.9              19.9              19.9              19.9              19.9              19.8              19.5              19.1              18.6              18.2              17.9              17.7              17.7
             19.9              20.3              20.7              20.4              20.1              20.0              19.9              19.9              19.9              20.0              20.0              20.1              20.2              19.7              19.2              18.7              18.1              17.5              17.6              17.6
             19.7              20.0              20.1              19.9              19.7              19.6              19.5              19.6              19.7              19.9              20.1              20.2              20.2              19.9              19.4              18.8              18.2              17.8              17.6              17.6
             19.3              19.5              19.5              19.4              19.3              19.2              19.2              19.3              19.5              19.8              20.1              20.4              20.4              20.1              19.6              18.9              18.4              17.9              17.6              17.6
             18.9              19.0              19.0              18.9              18.9              18.8              18.8              18.9              19.2              19.7              20.2              20.6              20.7              20.4              19.8              19.1              18.4              17.9              17.6              17.5
             18.6              18.6              18.5              18.5              18.5              18.4              18.3              18.5              18.9              19.5              20.2              21.0              21.3              20.8              19.9              19.1              18.4              17.8              17.5              17.5
             18.3              18.2              18.1              18.1              18.1              18.1              18.0              17.9              18.5              19.2              19.9              20.9              22.2              20.7              19.7              18.8              18.2              17.6              17.4              17.4
             18.0              18.0              18.0              17.9              11.1              11.1              11.1              17.9              18.2              18.7              19.3              20.0              20.3              19.8              19.1              18.3              17.8              17.3              17.2              17.2
             17.9              17.9              17.8              17.8              11.1              11.1              11.1              11.1              17.9              18.2              18.6              18.9              19.0              18.7              18.2              17.7              17.3              16.9              16.8              16.9
             17.7              17.7              17.7              17.7              11.1              11.1              11.1              11.1              17.5              17.7              17.8              17.9              17.8              17.7              17.4              17.1              16.7              16.5              16.4              16.7
             17.4              17.5              17.6              17.5              11.1              11.1              11.1              11.1              17.2              17.2              17.2              17.0              16.8              16.8              16.7              16.5              16.2              15.9              16.2              16.6
             17.1              17.2              17.5              17.2              11.1              11.1              11.1              11.1              16.8              16.8              16.7              16.4              15.9              16.3              16.4              16.3              16.0              15.4              16.1              16.6
             16.6              16.7              16.7              16.6              11.1              11.1              11.1              11.1              16.5              16.6              16.6              16.4              16.4              16.5              16.6              16.5              16.3              16.2              16.5              16.9
             16.1              16.0              15.9              15.9              11.1              11.1              11.1              11.1              16.3              16.5              16.6              16.7              16.9              17.0              17.0              17.0              17.0              17.0              17.2              17.4
             15.6              15.3              15.1              15.2              11.1              11.1              11.1              11.1              16.1              16.4              16.7              17.1              17.5              17.6              17.7              17.7              17.8              17.8              17.9              18.0
             15.2              14.7              14.4              14.5              11.1              11.1              11.1              11.1              15.8              16.2              16.8              17.5              18.1              18.2              18.2              18.3              18.5              18.7              18.7              18.6
             14.9              14.4              13.6              14.0              11.1              11.1              11.1              11.1              15.4              15.9              16.6              17.5              18.8              18.6              18.5              18.7              19.1              19.7              19.3              19.1
             14.9              14.4              14.0              14.0              11.1              11.1              11.1              11.1              14.9              15.4              16.1              16.9              17.8              18.3              18.5              18.9              19.3              19.7              19.7              19.5
             15.1              14.7              14.3              14.1              11.1              11.1              11.1              11.1              14.3              14.8              15.4              16.1              16.9              17.6              18.2              18.7              19.2              19.7              19.9              19.8
             15.3              15.1              14.7              14.3              11.1              11.1              11.1              11.1              13.6              14.1              14.7              15.3              16.1              17.0              17.7              18.5              19.2              19.8              20.1              20.0
             15.6              15.5              15.2              14.6              11.1              11.1              12.7              12.5              12.8              13.5              14.1              14.7              15.4              16.3              17.3              18.2              19.2              20.1              20.3              20.2
             15.9              15.9              15.9              14.9              14.0              11.1              12.3              11.5              12.3              13.1              13.7              14.3              14.7              15.9              17.0              18.1              19.3              20.6              20.4              20.3
             16.2              16.2              15.8              15.0              14.1              13.2              12.5              12.1              12.3              12.9              13.5              14.1              14.9              15.9              16.9              18.0              19.2              20.2              20.5              20.4
             16.4              16.5              16.0              15.2              14.3              13.4              12.8              12.5              12.6              13.0              13.6              14.2              15.1              16.1              17.1              18.1              19.1              20.0              20.6              20.5
             16.7              16.8              16.3              15.4              14.5              13.6              12.9              12.6              12.7              13.1              13.7              14.4              15.2              16.2              17.2              18.2              19.2              20.1              20.7              20.6
             16.9              17.1              16.8              15.8              14.7              13.8              12.9              12.5              12.7              13.3              13.9              14.5              15.4              16.3              17.3              18.3              19.4              20.3              20.7              20.7
             17.1              17.3              17.5              16.1              15.0              14.0              13.0              12.1              12.9              13.5              14.2              14.8              15.5              16.5              17.4              18.5              19.6              20.8              20.8              20.8
             17.2              17.4              17.1              16.2              15.2              14.3              13.4              13.0              13.3              13.9              14.5              15.1              15.9              16.8              17.7              18.7              19.7              20.6              21.0              20.9
             17.2              17.4              16.9              16.2              15.4              14.6              13.9              13.6              13.8              14.2              14.8              15.4              16.2              17.1              18.1              19.0              19.9              20.7              21.2              21.1
             17.2              17.3              16.9              16.3              15.5              14.8              14.3              14.1              14.2              14.6              15.1              15.8              16.6              17.4              18.3              19.2              20.1              20.9              21.4              21.3
             17.1              17.3              17.1              16.4              15.7              15.0              14.5              14.3              14.5              14.9              15.5              16.1              16.9              17.7              18.5              19.4              20.4              21.3              21.6              21.4
             11.1              17.1              17.3              16.4              15.7              15.1              14.6              14.3              14.6              15.1              15.7              16.4              17.2              17.9              18.6              19.6              20.6              21.9              21.7              21.5
             11.1              11.1              16.6              16.1              15.5              14.9              14.5              14.4              14.6              15.1              15.7              16.3              17.1              17.9              18.7              19.6              20.6              21.5              21.7              21.6
             11.1              11.1              11.1              15.6              15.1              14.6              14.3              14.2              14.4              14.9              15.5              16.1              16.9              17.8              18.6              19.5              20.5              21.2              21.7              21.6
             11.1              11.1              11.1              11.1              14.8              14.3              13.9              13.9              14.1              14.7              15.3              15.9              16.7              17.6              18.5              19.4              20.4              21.2              21.6              11.1
             11.1              11.1              11.1              11.1              14.5              14.0              13.5              13.4              13.7              14.4              15.1              15.7              16.5              17.4              18.3              19.4              20.4              21.3              21.6              11.1
             11.1              11.1              11.1              11.1              11.1              13.8              13.3              12.7              13.4              14.2              14.9              15.6              16.3              17.3              18.3              19.3              20.4              21.6              11.1              11.1
             11.1              11.1              11.1              11.1              11.1              13.9              13.5              13.4              13.7              14.2              14.9              15.6              16.3              17.2              18.1              19.0              20.0              11.1              11.1              11.1
             11.1              11.1              11.1              11.1              11.1              14.1              13.9              13.9              14.1              14.5              15.1              15.7              16.4              17.1              17.9              18.7              11.1              11.1              11.1              11.1
