   1.192772E-04    1.192772E-04    1.192772E-04    1.192772E-04    1.192772E-04    1.192772E-04    1.192772E-04    1.192772E-04    1.192772E-04    1.192772E-04    1.192772E-04    1.192772E-04    1.192772E-04    1.192772E-04    1.192772E-04    1.192772E-04    1.192772E-04    1.192772E-04    1.192772E-04    1.192772E-04
   1.192772E-04    1.192772E-04    1.192772E-04    1.192772E-04    1.192772E-04    1.192772E-04    1.192772E-04    1.192772E-04    1.192772E-04    1.192772E-04    1.192772E-04    1.192772E-04    1.192772E-04    1.192772E-04    1.192772E-04    1.192772E-04    1.192772E-04    1.192772E-04    1.192772E-04    1.192772E-04
   1.192772E-04    1.192772E-04    1.192772E-04    1.192772E-04    1.192772E-04    1.192772E-04    1.192772E-04    1.192772E-04    1.192772E-04    1.192772E-04    1.192772E-04    1.192772E-04    1.192772E-04    1.192772E-04    1.192772E-04    1.192772E-04    1.192772E-04    1.192772E-04    1.192772E-04    1.192772E-04
   1.192772E-04    1.192772E-04    1.192772E-04    1.192772E-04    1.192772E-04    1.192772E-04    1.192772E-04    1.192772E-04    1.192772E-04    1.192772E-04    1.192772E-04    1.192772E-04    1.192772E-04    1.192772E-04    1.192772E-04    1.192772E-04    1.192772E-04    1.192772E-04    1.192772E-04    1.192772E-04
   1.192772E-04    1.192772E-04    1.192772E-04    1.192772E-04    1.192772E-04    1.192772E-04    1.192772E-04    1.192772E-04    1.192772E-04    1.192772E-04    1.192772E-04    1.192772E-04    1.192772E-04    1.192772E-04    1.192772E-04    1.192772E-04    1.192772E-04    1.192772E-04    1.192772E-04    1.192772E-04
   1.192772E-04    1.192772E-04    1.192772E-04    1.192772E-04    1.192772E-04    1.192772E-04    1.192772E-04    1.192772E-04    1.192772E-04    1.192772E-04    1.192772E-04    1.192772E-04    1.192772E-04    1.192772E-04    1.192772E-04    1.192772E-04    1.192772E-04    1.192772E-04    1.192772E-04    1.192772E-04
   1.192772E-04    1.192772E-04    1.192772E-04    1.192772E-04    1.192772E-04    1.192772E-04    1.192772E-04    1.192772E-04    1.192772E-04    1.192772E-04    1.192772E-04    1.192772E-04    1.192772E-04    1.192772E-04    1.192772E-04    1.192772E-04    1.192772E-04    1.192772E-04    1.192772E-04    1.192772E-04
   1.192772E-04    1.192772E-04    1.192772E-04    1.192772E-04    1.192772E-04    1.192772E-04    1.192772E-04    1.192772E-04    1.192772E-04    1.192772E-04    1.192772E-04    1.192772E-04    1.192772E-04    1.192772E-04    1.192772E-04    1.192772E-04    1.192772E-04    1.192772E-04    1.192772E-04    1.192772E-04
   1.192772E-04    1.192772E-04    1.192772E-04    1.192772E-04    1.413875E-04    1.413875E-04    1.413875E-04    1.192772E-04    1.192772E-04    1.192772E-04    1.192772E-04    1.192772E-04    1.192772E-04    1.192772E-04    1.192772E-04    1.192772E-04    1.192772E-04    1.192772E-04    1.192772E-04    1.192772E-04
   1.192772E-04    1.192772E-04    1.192772E-04    1.192772E-04    1.413875E-04    1.413875E-04    1.413875E-04    1.413875E-04    1.192772E-04    1.192772E-04    1.192772E-04    1.192772E-04    1.192772E-04    1.192772E-04    1.192772E-04    1.192772E-04    1.192772E-04    1.192772E-04    1.192772E-04    1.192772E-04
   1.192772E-04    1.192772E-04    1.192772E-04    1.192772E-04    1.413875E-04    1.413875E-04    1.413875E-04    1.413875E-04    1.192772E-04    1.192772E-04    1.192772E-04    1.192772E-04    1.192772E-04    1.192772E-04    1.192772E-04    1.192772E-04    1.192772E-04    1.192772E-04    1.192772E-04    1.192772E-04
   1.192772E-04    1.192772E-04    1.192772E-04    1.192772E-04    1.413875E-04    1.413875E-04    1.413875E-04    1.413875E-04    1.192772E-04    1.192772E-04    1.192772E-04    1.192772E-04    1.192772E-04    1.192772E-04    1.192772E-04    1.192772E-04    1.192772E-04    1.192772E-04    1.192772E-04    1.192772E-04
   1.192772E-04    1.192772E-04    1.192772E-04    1.192772E-04    1.413875E-04    1.413875E-04    1.413875E-04    1.413875E-04    1.192772E-04    1.192772E-04    1.192772E-04    1.192772E-04    1.192772E-04    1.192772E-04    1.192772E-04    1.192772E-04    1.192772E-04    1.192772E-04    1.192772E-04    1.192772E-04
   1.192772E-04    1.192772E-04    1.192772E-04    1.192772E-04    1.413875E-04    1.413875E-04    1.413875E-04    1.413875E-04    1.192772E-04    1.192772E-04    1.192772E-04    1.192772E-04    1.192772E-04    1.192772E-04    1.192772E-04    1.192772E-04    1.192772E-04    1.192772E-04    1.192772E-04    1.192772E-04
   1.192772E-04    1.192772E-04    1.192772E-04    1.192772E-04    1.413875E-04    1.413875E-04    1.413875E-04    1.413875E-04    1.192772E-04    1.192772E-04    1.192772E-04    1.192772E-04    1.192772E-04    1.192772E-04    1.192772E-04    1.192772E-04    1.192772E-04    1.192772E-04    1.192772E-04    1.192772E-04
   1.192772E-04    1.192772E-04    1.192772E-04    1.192772E-04    1.413875E-04    1.413875E-04    1.413875E-04    1.413875E-04    1.192772E-04    1.192772E-04    1.192772E-04    1.192772E-04    1.192772E-04    1.192772E-04    1.192772E-04    1.192772E-04    1.192772E-04    1.192772E-04    1.192772E-04    1.192772E-04
   1.192772E-04    1.192772E-04    1.192772E-04    1.192772E-04    1.413875E-04    1.413875E-04    1.413875E-04    1.413875E-04    1.192772E-04    1.192772E-04    1.192772E-04    1.192772E-04    1.192772E-04    1.192772E-04    1.192772E-04    1.192772E-04    1.192772E-04    1.192772E-04    1.192772E-04    1.192772E-04
   1.192772E-04    1.192772E-04    1.192772E-04    1.192772E-04    1.413875E-04    1.413875E-04    1.413875E-04    1.413875E-04    1.192772E-04    1.192772E-04    1.192772E-04    1.192772E-04    1.192772E-04    1.192772E-04    1.192772E-04    1.192772E-04    1.192772E-04    1.192772E-04    1.192772E-04    1.192772E-04
   1.192772E-04    1.192772E-04    1.192772E-04    1.192772E-04    1.413875E-04    1.413875E-04    1.413875E-04    1.413875E-04    1.192772E-04    1.192772E-04    1.192772E-04    1.192772E-04    1.192772E-04    1.192772E-04    1.192772E-04    1.192772E-04    1.192772E-04    1.192772E-04    1.192772E-04    1.192772E-04
   1.192772E-04    1.192772E-04    1.192772E-04    1.192772E-04    1.413875E-04    1.413875E-04    1.413875E-04    1.413875E-04    1.192772E-04    1.192772E-04    1.192772E-04    1.192772E-04    1.192772E-04    1.192772E-04    1.192772E-04    1.192772E-04    1.192772E-04    1.192772E-04    1.192772E-04    1.192772E-04
   1.192772E-04    1.192772E-04    1.192772E-04    1.192772E-04    1.413875E-04    1.413875E-04    1.413875E-04    1.413875E-04    1.192772E-04    1.192772E-04    1.192772E-04    1.192772E-04    1.192772E-04    1.192772E-04    1.192772E-04    1.192772E-04    1.192772E-04    1.192772E-04    1.192772E-04    1.192772E-04
   1.192772E-04    1.192772E-04    1.192772E-04    1.192772E-04    1.413875E-04    1.413875E-04    1.192772E-04    1.192772E-04    1.192772E-04    1.192772E-04    1.192772E-04    1.192772E-04    1.192772E-04    1.192772E-04    1.192772E-04    1.192772E-04    1.192772E-04    1.192772E-04    1.192772E-04    1.192772E-04
   1.192772E-04    1.192772E-04    1.192772E-04    1.192772E-04    1.192772E-04    1.413875E-04    1.192772E-04    1.192772E-04    1.192772E-04    1.192772E-04    1.192772E-04    1.192772E-04    1.192772E-04    1.192772E-04    1.192772E-04    1.192772E-04    1.192772E-04    1.192772E-04    1.192772E-04    1.192772E-04
   1.192772E-04    1.192772E-04    1.192772E-04    1.192772E-04    1.192772E-04    1.192772E-04    1.192772E-04    1.192772E-04    1.192772E-04    1.192772E-04    1.192772E-04    1.192772E-04    1.192772E-04    1.192772E-04    1.192772E-04    1.192772E-04    1.192772E-04    1.192772E-04    1.192772E-04    1.192772E-04
   1.192772E-04    1.192772E-04    1.192772E-04    1.192772E-04    1.192772E-04    1.192772E-04    1.192772E-04    1.192772E-04    1.192772E-04    1.192772E-04    1.192772E-04    1.192772E-04    1.192772E-04    1.192772E-04    1.192772E-04    1.192772E-04    1.192772E-04    1.192772E-04    1.192772E-04    1.192772E-04
   1.192772E-04    1.192772E-04    1.192772E-04    1.192772E-04    1.192772E-04    1.192772E-04    1.192772E-04    1.192772E-04    1.192772E-04    1.192772E-04    1.192772E-04    1.192772E-04    1.192772E-04    1.192772E-04    1.192772E-04    1.192772E-04    1.192772E-04    1.192772E-04    1.192772E-04    1.192772E-04
   1.192772E-04    1.192772E-04    1.192772E-04    1.192772E-04    1.192772E-04    1.192772E-04    1.192772E-04    1.192772E-04    1.192772E-04    1.192772E-04    1.192772E-04    1.192772E-04    1.192772E-04    1.192772E-04    1.192772E-04    1.192772E-04    1.192772E-04    1.192772E-04    1.192772E-04    1.192772E-04
   1.192772E-04    1.192772E-04    1.192772E-04    1.192772E-04    1.192772E-04    1.192772E-04    1.192772E-04    1.192772E-04    1.192772E-04    1.192772E-04    1.192772E-04    1.192772E-04    1.192772E-04    1.192772E-04    1.192772E-04    1.192772E-04    1.192772E-04    1.192772E-04    1.192772E-04    1.192772E-04
   1.192772E-04    1.192772E-04    1.192772E-04    1.192772E-04    1.192772E-04    1.192772E-04    1.192772E-04    1.192772E-04    1.192772E-04    1.192772E-04    1.192772E-04    1.192772E-04    1.192772E-04    1.192772E-04    1.192772E-04    1.192772E-04    1.192772E-04    1.192772E-04    1.192772E-04    1.192772E-04
   1.192772E-04    1.192772E-04    1.192772E-04    1.192772E-04    1.192772E-04    1.192772E-04    1.192772E-04    1.192772E-04    1.192772E-04    1.192772E-04    1.192772E-04    1.192772E-04    1.192772E-04    1.192772E-04    1.192772E-04    1.192772E-04    1.192772E-04    1.192772E-04    1.192772E-04    1.192772E-04
   1.192772E-04    1.192772E-04    1.192772E-04    1.192772E-04    1.192772E-04    1.192772E-04    1.192772E-04    1.192772E-04    1.192772E-04    1.192772E-04    1.192772E-04    1.192772E-04    1.192772E-04    1.192772E-04    1.192772E-04    1.192772E-04    1.192772E-04    1.192772E-04    1.192772E-04    1.192772E-04
   1.192772E-04    1.192772E-04    1.192772E-04    1.192772E-04    1.192772E-04    1.192772E-04    1.192772E-04    1.192772E-04    1.192772E-04    1.192772E-04    1.192772E-04    1.192772E-04    1.192772E-04    1.192772E-04    1.192772E-04    1.192772E-04    1.192772E-04    1.192772E-04    1.192772E-04    1.192772E-04
   1.413875E-04    1.192772E-04    1.192772E-04    1.192772E-04    1.192772E-04    1.192772E-04    1.192772E-04    1.192772E-04    1.192772E-04    1.192772E-04    1.192772E-04    1.192772E-04    1.192772E-04    1.192772E-04    1.192772E-04    1.192772E-04    1.192772E-04    1.192772E-04    1.192772E-04    1.192772E-04
   1.413875E-04    1.413875E-04    1.192772E-04    1.192772E-04    1.192772E-04    1.192772E-04    1.192772E-04    1.192772E-04    1.192772E-04    1.192772E-04    1.192772E-04    1.192772E-04    1.192772E-04    1.192772E-04    1.192772E-04    1.192772E-04    1.192772E-04    1.192772E-04    1.192772E-04    1.192772E-04
   1.413875E-04    1.413875E-04    1.413875E-04    1.192772E-04    1.192772E-04    1.192772E-04    1.192772E-04    1.192772E-04    1.192772E-04    1.192772E-04    1.192772E-04    1.192772E-04    1.192772E-04    1.192772E-04    1.192772E-04    1.192772E-04    1.192772E-04    1.192772E-04    1.192772E-04    1.192772E-04
   1.413875E-04    1.413875E-04    1.413875E-04    1.413875E-04    1.192772E-04    1.192772E-04    1.192772E-04    1.192772E-04    1.192772E-04    1.192772E-04    1.192772E-04    1.192772E-04    1.192772E-04    1.192772E-04    1.192772E-04    1.192772E-04    1.192772E-04    1.192772E-04    1.192772E-04    1.413875E-04
   1.413875E-04    1.413875E-04    1.413875E-04    1.413875E-04    1.192772E-04    1.192772E-04    1.192772E-04    1.192772E-04    1.192772E-04    1.192772E-04    1.192772E-04    1.192772E-04    1.192772E-04    1.192772E-04    1.192772E-04    1.192772E-04    1.192772E-04    1.192772E-04    1.192772E-04    1.413875E-04
   1.413875E-04    1.413875E-04    1.413875E-04    1.413875E-04    1.413875E-04    1.192772E-04    1.192772E-04    1.192772E-04    1.192772E-04    1.192772E-04    1.192772E-04    1.192772E-04    1.192772E-04    1.192772E-04    1.192772E-04    1.192772E-04    1.192772E-04    1.192772E-04    1.413875E-04    1.413875E-04
   1.413875E-04    1.413875E-04    1.413875E-04    1.413875E-04    1.413875E-04    1.192772E-04    1.192772E-04    1.192772E-04    1.192772E-04    1.192772E-04    1.192772E-04    1.192772E-04    1.192772E-04    1.192772E-04    1.192772E-04    1.192772E-04    1.192772E-04    1.413875E-04    1.413875E-04    1.413875E-04
   1.413875E-04    1.413875E-04    1.413875E-04    1.413875E-04    1.413875E-04    1.192772E-04    1.192772E-04    1.192772E-04    1.192772E-04    1.192772E-04    1.192772E-04    1.192772E-04    1.192772E-04    1.192772E-04    1.192772E-04    1.192772E-04    1.413875E-04    1.413875E-04    1.413875E-04    1.413875E-04
