   1.183524E-04    1.183524E-04    1.183524E-04    1.183524E-04    1.183524E-04    1.183524E-04    1.183524E-04    1.183524E-04    1.183524E-04    1.183524E-04    1.183524E-04    1.183524E-04    1.183524E-04    1.183524E-04    1.183524E-04    1.183524E-04    1.183524E-04    1.183524E-04    1.183524E-04    1.183524E-04
   1.183524E-04    1.183524E-04    1.183524E-04    1.183524E-04    1.183524E-04    1.183524E-04    1.183524E-04    1.183524E-04    1.183524E-04    1.183524E-04    1.183524E-04    1.183524E-04    1.183524E-04    1.183524E-04    1.183524E-04    1.183524E-04    1.183524E-04    1.183524E-04    1.183524E-04    1.183524E-04
   1.183524E-04    1.183524E-04    1.183524E-04    1.183524E-04    1.183524E-04    1.183524E-04    1.183524E-04    1.183524E-04    1.183524E-04    1.183524E-04    1.183524E-04    1.183524E-04    1.183524E-04    1.183524E-04    1.183524E-04    1.183524E-04    1.183524E-04    1.183524E-04    1.183524E-04    1.183524E-04
   1.183524E-04    1.183524E-04    1.183524E-04    1.183524E-04    1.183524E-04    1.183524E-04    1.183524E-04    1.183524E-04    1.183524E-04    1.183524E-04    1.183524E-04    1.183524E-04    1.183524E-04    1.183524E-04    1.183524E-04    1.183524E-04    1.183524E-04    1.183524E-04    1.183524E-04    1.183524E-04
   1.183524E-04    1.183524E-04    1.183524E-04    1.183524E-04    1.183524E-04    1.183524E-04    1.183524E-04    1.183524E-04    1.183524E-04    1.183524E-04    1.183524E-04    1.183524E-04    1.183524E-04    1.183524E-04    1.183524E-04    1.183524E-04    1.183524E-04    1.183524E-04    1.183524E-04    1.183524E-04
   1.183524E-04    1.183524E-04    1.183524E-04    1.183524E-04    1.183524E-04    1.183524E-04    1.183524E-04    1.183524E-04    1.183524E-04    1.183524E-04    1.183524E-04    1.183524E-04    1.183524E-04    1.183524E-04    1.183524E-04    1.183524E-04    1.183524E-04    1.183524E-04    1.183524E-04    1.183524E-04
   1.183524E-04    1.183524E-04    1.183524E-04    1.183524E-04    1.183524E-04    1.183524E-04    1.183524E-04    1.183524E-04    1.183524E-04    1.183524E-04    1.183524E-04    1.183524E-04    1.183524E-04    1.183524E-04    1.183524E-04    1.183524E-04    1.183524E-04    1.183524E-04    1.183524E-04    1.183524E-04
   1.183524E-04    1.183524E-04    1.183524E-04    1.183524E-04    1.183524E-04    1.183524E-04    1.183524E-04    1.183524E-04    1.183524E-04    1.183524E-04    1.183524E-04    1.183524E-04    1.183524E-04    1.183524E-04    1.183524E-04    1.183524E-04    1.183524E-04    1.183524E-04    1.183524E-04    1.183524E-04
   1.183524E-04    1.183524E-04    1.183524E-04    1.183524E-04    8.909820E-05    8.909820E-05    8.909820E-05    1.183524E-04    1.183524E-04    1.183524E-04    1.183524E-04    1.183524E-04    1.183524E-04    1.183524E-04    1.183524E-04    1.183524E-04    1.183524E-04    1.183524E-04    1.183524E-04    1.183524E-04
   1.183524E-04    1.183524E-04    1.183524E-04    1.183524E-04    8.909820E-05    8.909820E-05    8.909820E-05    8.909820E-05    1.183524E-04    1.183524E-04    1.183524E-04    1.183524E-04    1.183524E-04    1.183524E-04    1.183524E-04    1.183524E-04    1.183524E-04    1.183524E-04    1.183524E-04    1.183524E-04
   1.183524E-04    1.183524E-04    1.183524E-04    1.183524E-04    8.909820E-05    8.909820E-05    8.909820E-05    8.909820E-05    1.183524E-04    1.183524E-04    1.183524E-04    1.183524E-04    1.183524E-04    1.183524E-04    1.183524E-04    1.183524E-04    1.183524E-04    1.183524E-04    1.183524E-04    1.183524E-04
   1.183524E-04    1.183524E-04    1.183524E-04    1.183524E-04    8.909820E-05    8.909820E-05    8.909820E-05    8.909820E-05    1.183524E-04    1.183524E-04    1.183524E-04    1.183524E-04    1.183524E-04    1.183524E-04    1.183524E-04    1.183524E-04    1.183524E-04    1.183524E-04    1.183524E-04    1.183524E-04
   1.183524E-04    1.183524E-04    1.183524E-04    1.183524E-04    8.909820E-05    8.909820E-05    8.909820E-05    8.909820E-05    1.183524E-04    1.183524E-04    1.183524E-04    1.183524E-04    1.183524E-04    1.183524E-04    1.183524E-04    1.183524E-04    1.183524E-04    1.183524E-04    1.183524E-04    1.183524E-04
   1.183524E-04    1.183524E-04    1.183524E-04    1.183524E-04    8.909820E-05    8.909820E-05    8.909820E-05    8.909820E-05    1.183524E-04    1.183524E-04    1.183524E-04    1.183524E-04    1.183524E-04    1.183524E-04    1.183524E-04    1.183524E-04    1.183524E-04    1.183524E-04    1.183524E-04    1.183524E-04
   1.183524E-04    1.183524E-04    1.183524E-04    1.183524E-04    8.909820E-05    8.909820E-05    8.909820E-05    8.909820E-05    1.183524E-04    1.183524E-04    1.183524E-04    1.183524E-04    1.183524E-04    1.183524E-04    1.183524E-04    1.183524E-04    1.183524E-04    1.183524E-04    1.183524E-04    1.183524E-04
   1.183524E-04    1.183524E-04    1.183524E-04    1.183524E-04    8.909820E-05    8.909820E-05    8.909820E-05    8.909820E-05    1.183524E-04    1.183524E-04    1.183524E-04    1.183524E-04    1.183524E-04    1.183524E-04    1.183524E-04    1.183524E-04    1.183524E-04    1.183524E-04    1.183524E-04    1.183524E-04
   1.183524E-04    1.183524E-04    1.183524E-04    1.183524E-04    8.909820E-05    8.909820E-05    8.909820E-05    8.909820E-05    1.183524E-04    1.183524E-04    1.183524E-04    1.183524E-04    1.183524E-04    1.183524E-04    1.183524E-04    1.183524E-04    1.183524E-04    1.183524E-04    1.183524E-04    1.183524E-04
   1.183524E-04    1.183524E-04    1.183524E-04    1.183524E-04    8.909820E-05    8.909820E-05    8.909820E-05    8.909820E-05    1.183524E-04    1.183524E-04    1.183524E-04    1.183524E-04    1.183524E-04    1.183524E-04    1.183524E-04    1.183524E-04    1.183524E-04    1.183524E-04    1.183524E-04    1.183524E-04
   1.183524E-04    1.183524E-04    1.183524E-04    1.183524E-04    8.909820E-05    8.909820E-05    8.909820E-05    8.909820E-05    1.183524E-04    1.183524E-04    1.183524E-04    1.183524E-04    1.183524E-04    1.183524E-04    1.183524E-04    1.183524E-04    1.183524E-04    1.183524E-04    1.183524E-04    1.183524E-04
   1.183524E-04    1.183524E-04    1.183524E-04    1.183524E-04    8.909820E-05    8.909820E-05    8.909820E-05    8.909820E-05    1.183524E-04    1.183524E-04    1.183524E-04    1.183524E-04    1.183524E-04    1.183524E-04    1.183524E-04    1.183524E-04    1.183524E-04    1.183524E-04    1.183524E-04    1.183524E-04
   1.183524E-04    1.183524E-04    1.183524E-04    1.183524E-04    8.909820E-05    8.909820E-05    8.909820E-05    8.909820E-05    1.183524E-04    1.183524E-04    1.183524E-04    1.183524E-04    1.183524E-04    1.183524E-04    1.183524E-04    1.183524E-04    1.183524E-04    1.183524E-04    1.183524E-04    1.183524E-04
   1.183524E-04    1.183524E-04    1.183524E-04    1.183524E-04    8.909820E-05    8.909820E-05    1.183524E-04    1.183524E-04    1.183524E-04    1.183524E-04    1.183524E-04    1.183524E-04    1.183524E-04    1.183524E-04    1.183524E-04    1.183524E-04    1.183524E-04    1.183524E-04    1.183524E-04    1.183524E-04
   1.183524E-04    1.183524E-04    1.183524E-04    1.183524E-04    1.183524E-04    8.909820E-05    1.183524E-04    1.183524E-04    1.183524E-04    1.183524E-04    1.183524E-04    1.183524E-04    1.183524E-04    1.183524E-04    1.183524E-04    1.183524E-04    1.183524E-04    1.183524E-04    1.183524E-04    1.183524E-04
   1.183524E-04    1.183524E-04    1.183524E-04    1.183524E-04    1.183524E-04    1.183524E-04    1.183524E-04    1.183524E-04    1.183524E-04    1.183524E-04    1.183524E-04    1.183524E-04    1.183524E-04    1.183524E-04    1.183524E-04    1.183524E-04    1.183524E-04    1.183524E-04    1.183524E-04    1.183524E-04
   1.183524E-04    1.183524E-04    1.183524E-04    1.183524E-04    1.183524E-04    1.183524E-04    1.183524E-04    1.183524E-04    1.183524E-04    1.183524E-04    1.183524E-04    1.183524E-04    1.183524E-04    1.183524E-04    1.183524E-04    1.183524E-04    1.183524E-04    1.183524E-04    1.183524E-04    1.183524E-04
   1.183524E-04    1.183524E-04    1.183524E-04    1.183524E-04    1.183524E-04    1.183524E-04    1.183524E-04    1.183524E-04    1.183524E-04    1.183524E-04    1.183524E-04    1.183524E-04    1.183524E-04    1.183524E-04    1.183524E-04    1.183524E-04    1.183524E-04    1.183524E-04    1.183524E-04    1.183524E-04
   1.183524E-04    1.183524E-04    1.183524E-04    1.183524E-04    1.183524E-04    1.183524E-04    1.183524E-04    1.183524E-04    1.183524E-04    1.183524E-04    1.183524E-04    1.183524E-04    1.183524E-04    1.183524E-04    1.183524E-04    1.183524E-04    1.183524E-04    1.183524E-04    1.183524E-04    1.183524E-04
   1.183524E-04    1.183524E-04    1.183524E-04    1.183524E-04    1.183524E-04    1.183524E-04    1.183524E-04    1.183524E-04    1.183524E-04    1.183524E-04    1.183524E-04    1.183524E-04    1.183524E-04    1.183524E-04    1.183524E-04    1.183524E-04    1.183524E-04    1.183524E-04    1.183524E-04    1.183524E-04
   1.183524E-04    1.183524E-04    1.183524E-04    1.183524E-04    1.183524E-04    1.183524E-04    1.183524E-04    1.183524E-04    1.183524E-04    1.183524E-04    1.183524E-04    1.183524E-04    1.183524E-04    1.183524E-04    1.183524E-04    1.183524E-04    1.183524E-04    1.183524E-04    1.183524E-04    1.183524E-04
   1.183524E-04    1.183524E-04    1.183524E-04    1.183524E-04    1.183524E-04    1.183524E-04    1.183524E-04    1.183524E-04    1.183524E-04    1.183524E-04    1.183524E-04    1.183524E-04    1.183524E-04    1.183524E-04    1.183524E-04    1.183524E-04    1.183524E-04    1.183524E-04    1.183524E-04    1.183524E-04
   1.183524E-04    1.183524E-04    1.183524E-04    1.183524E-04    1.183524E-04    1.183524E-04    1.183524E-04    1.183524E-04    1.183524E-04    1.183524E-04    1.183524E-04    1.183524E-04    1.183524E-04    1.183524E-04    1.183524E-04    1.183524E-04    1.183524E-04    1.183524E-04    1.183524E-04    1.183524E-04
   1.183524E-04    1.183524E-04    1.183524E-04    1.183524E-04    1.183524E-04    1.183524E-04    1.183524E-04    1.183524E-04    1.183524E-04    1.183524E-04    1.183524E-04    1.183524E-04    1.183524E-04    1.183524E-04    1.183524E-04    1.183524E-04    1.183524E-04    1.183524E-04    1.183524E-04    1.183524E-04
   8.909820E-05    1.183524E-04    1.183524E-04    1.183524E-04    1.183524E-04    1.183524E-04    1.183524E-04    1.183524E-04    1.183524E-04    1.183524E-04    1.183524E-04    1.183524E-04    1.183524E-04    1.183524E-04    1.183524E-04    1.183524E-04    1.183524E-04    1.183524E-04    1.183524E-04    1.183524E-04
   8.909820E-05    8.909820E-05    1.183524E-04    1.183524E-04    1.183524E-04    1.183524E-04    1.183524E-04    1.183524E-04    1.183524E-04    1.183524E-04    1.183524E-04    1.183524E-04    1.183524E-04    1.183524E-04    1.183524E-04    1.183524E-04    1.183524E-04    1.183524E-04    1.183524E-04    1.183524E-04
   8.909820E-05    8.909820E-05    8.909820E-05    1.183524E-04    1.183524E-04    1.183524E-04    1.183524E-04    1.183524E-04    1.183524E-04    1.183524E-04    1.183524E-04    1.183524E-04    1.183524E-04    1.183524E-04    1.183524E-04    1.183524E-04    1.183524E-04    1.183524E-04    1.183524E-04    1.183524E-04
   8.909820E-05    8.909820E-05    8.909820E-05    8.909820E-05    1.183524E-04    1.183524E-04    1.183524E-04    1.183524E-04    1.183524E-04    1.183524E-04    1.183524E-04    1.183524E-04    1.183524E-04    1.183524E-04    1.183524E-04    1.183524E-04    1.183524E-04    1.183524E-04    1.183524E-04    8.909820E-05
   8.909820E-05    8.909820E-05    8.909820E-05    8.909820E-05    1.183524E-04    1.183524E-04    1.183524E-04    1.183524E-04    1.183524E-04    1.183524E-04    1.183524E-04    1.183524E-04    1.183524E-04    1.183524E-04    1.183524E-04    1.183524E-04    1.183524E-04    1.183524E-04    1.183524E-04    8.909820E-05
   8.909820E-05    8.909820E-05    8.909820E-05    8.909820E-05    8.909820E-05    1.183524E-04    1.183524E-04    1.183524E-04    1.183524E-04    1.183524E-04    1.183524E-04    1.183524E-04    1.183524E-04    1.183524E-04    1.183524E-04    1.183524E-04    1.183524E-04    1.183524E-04    8.909820E-05    8.909820E-05
   8.909820E-05    8.909820E-05    8.909820E-05    8.909820E-05    8.909820E-05    1.183524E-04    1.183524E-04    1.183524E-04    1.183524E-04    1.183524E-04    1.183524E-04    1.183524E-04    1.183524E-04    1.183524E-04    1.183524E-04    1.183524E-04    1.183524E-04    8.909820E-05    8.909820E-05    8.909820E-05
   8.909820E-05    8.909820E-05    8.909820E-05    8.909820E-05    8.909820E-05    1.183524E-04    1.183524E-04    1.183524E-04    1.183524E-04    1.183524E-04    1.183524E-04    1.183524E-04    1.183524E-04    1.183524E-04    1.183524E-04    1.183524E-04    8.909820E-05    8.909820E-05    8.909820E-05    8.909820E-05
