2.553360000000000042E-07 2.455938999999999768E-07 2.367810999999999735E-07 2.291422999999999779E-07 2.229223999999999845E-07 2.193263999999999833E-07 2.190212999999999894E-07 2.194574999999999916E-07 2.205611999999999964E-07 2.222470999999999837E-07 2.244337999999999725E-07 2.270495999999999899E-07 2.300354000000000033E-07 2.333464999999999911E-07 2.373760999999999864E-07 2.430093999999999975E-07 2.493660000000000109E-07 2.565135000000000026E-07 2.687474999999999519E-07 2.854806999999999843E-07
2.552312000000000018E-07 2.444293999999999666E-07 2.345441000000000045E-07 2.259065999999999908E-07 2.189007999999999983E-07 2.146929999999999757E-07 2.144363999999999971E-07 2.150295999999999656E-07 2.163598999999999944E-07 2.183090999999999918E-07 2.207762000000000020E-07 2.236777999999999887E-07 2.269440999999999893E-07 2.305187999999999902E-07 2.344529999999999885E-07 2.403691999999999843E-07 2.470662999999999735E-07 2.552989999999999887E-07 2.723762999999999798E-07 2.911365999999999998E-07
2.562237999999999680E-07 2.442081999999999699E-07 2.330146999999999696E-07 2.230571999999999944E-07 2.149310000000000073E-07 2.099367000000000061E-07 2.097468999999999867E-07 2.105512999999999936E-07 2.121599999999999887E-07 2.144118000000000168E-07 2.171919999999999771E-07 2.204134999999999904E-07 2.239999999999999941E-07 2.278806999999999714E-07 2.319994999999999990E-07 2.378918999999999784E-07 2.449673999999999943E-07 2.584437999999999971E-07 2.780754999999999412E-07 2.993334000000000194E-07
2.598633999999999975E-07 2.459777999999999965E-07 2.326765999999999912E-07 2.209996999999999775E-07 2.111773000000000152E-07 2.050286000000000073E-07 2.049539999999999968E-07 2.060590999999999979E-07 2.079952999999999805E-07 2.105673999999999774E-07 2.136719999999999826E-07 2.172339000000000061E-07 2.211782999999999735E-07 2.254208999999999986E-07 2.298701999999999906E-07 2.355936999999999823E-07 2.437691999999999750E-07 2.639677999999999611E-07 2.869884999999999629E-07 3.111849999999999903E-07
2.662715999999999952E-07 2.509876999999999678E-07 2.359187999999999989E-07 2.213575999999999677E-07 2.082626999999999872E-07 1.999390000000000012E-07 2.001516999999999750E-07 2.044331999999999992E-07 2.115428999999999851E-07 2.177395999999999945E-07 2.225833000000000050E-07 2.257155999999999860E-07 2.268869999999999855E-07 2.261056999999999704E-07 2.279542999999999807E-07 2.334931000000000038E-07 2.485788999999999999E-07 2.739886999999999764E-07 3.010499999999999594E-07 3.276776000000000092E-07
2.753188999999999865E-07 2.589397999999999772E-07 2.425879000000000093E-07 2.263536999999999869E-07 2.104082999999999903E-07 1.946400000000000012E-07 2.067321999999999855E-07 2.178617999999999848E-07 2.276998999999999887E-07 2.358883999999999962E-07 2.420515000000000152E-07 2.458167000000000071E-07 2.468468999999999947E-07 2.448835999999999893E-07 2.397937999999999724E-07 2.316116000000000012E-07 2.616683000000000138E-07 2.915036999999999582E-07 3.206906000000000010E-07 3.489079999999999635E-07
2.896330999999999494E-07 2.748858000000000063E-07 2.601728999999999646E-07 2.457712999999999609E-07 2.326389999999999962E-07 2.250951999999999760E-07 2.305125000000000069E-07 2.411358000000000118E-07 2.518299999999999991E-07 2.613005000000000044E-07 2.688646999999999895E-07 2.740004999999999527E-07 2.763164999999999848E-07 2.757086999999999680E-07 2.730140999999999777E-07 2.736952000000000274E-07 2.950402999999999503E-07 3.227020999999999922E-07 3.515775999999999519E-07 3.798378000000000053E-07
3.117209000000000236E-07 2.980269999999999991E-07 2.848975999999999398E-07 2.730195000000000315E-07 2.639145000000000039E-07 2.595836999999999741E-07 2.632443000000000009E-07 2.728086000000000226E-07 2.837830999999999863E-07 2.944578999999999569E-07 3.037942999999999769E-07 3.110855999999999888E-07 3.159151999999999912E-07 3.183966999999999860E-07 3.197885999999999840E-07 3.240393999999999760E-07 3.453203000000000008E-07 3.687096999999999416E-07 3.946872000000000033E-07 4.210208999999999766E-07
3.381104999999999623E-07 3.260442000000000153E-07 3.151449999999999808E-07 3.062970999999999985E-07 9.999999999999999547E-07 9.999999999999999547E-07 9.999999999999999547E-07 3.117787999999999913E-07 3.235766999999999834E-07 3.359236999999999814E-07 3.477091999999999912E-07 3.580998000000000260E-07 3.665648000000000161E-07 3.730661999999999714E-07 3.783420999999999796E-07 3.845719000000000186E-07 4.067081000000000101E-07 4.286356999999999714E-07 4.504154000000000219E-07 4.731875999999999404E-07
3.686894999999999875E-07 3.586205999999999707E-07 3.502571999999999688E-07 3.445283000000000027E-07 9.999999999999999547E-07 9.999999999999999547E-07 9.999999999999999547E-07 9.999999999999999547E-07 3.709850999999999753E-07 3.859011000000000011E-07 4.011335999999999756E-07 4.157903999999999616E-07 4.291088999999999892E-07 4.405571999999999766E-07 4.499652000000000037E-07 4.583295999999999803E-07 4.812932999999999969E-07 5.024106000000000691E-07 5.189050999999999923E-07 5.366326999999999028E-07
4.032399999999999500E-07 3.953653999999999624E-07 3.896399999999999871E-07 3.869861999999999795E-07 9.999999999999999547E-07 9.999999999999999547E-07 9.999999999999999547E-07 9.999999999999999547E-07 4.256705999999999788E-07 4.442627999999999751E-07 4.642025000000000037E-07 4.846057999999999546E-07 5.044089999999999211E-07 5.223271999999999472E-07 5.369308999999999603E-07 5.477503999999999336E-07 5.714955999999999760E-07 5.906031999999999691E-07 6.002944999999999494E-07 6.113229999999999744E-07
4.415060999999999753E-07 4.358922000000000073E-07 4.327774999999999722E-07 4.330675999999999755E-07 9.999999999999999547E-07 9.999999999999999547E-07 9.999999999999999547E-07 9.999999999999999547E-07 4.870586000000000254E-07 5.104495999999999467E-07 5.364934999999998932E-07 5.644495000000000411E-07 5.930119999999999899E-07 6.199621999999999873E-07 6.420196000000000059E-07 6.562668000000000251E-07 6.804248000000000486E-07 6.937441999999999528E-07 6.944152999999998852E-07 6.967455000000000235E-07
4.832351999999999833E-07 4.798471999999999532E-07 4.792141999999999502E-07 4.822214000000000355E-07 9.999999999999999547E-07 9.999999999999999547E-07 9.999999999999999547E-07 9.999999999999999547E-07 5.587079999999999496E-07 5.877020999999999961E-07 6.197004000000000451E-07 6.544453999999999768E-07 6.944132999999999359E-07 7.344296999999999633E-07 7.682505999999999667E-07 7.881202000000000297E-07 8.115554999999999246E-07 8.116093999999999936E-07 8.002055000000000248E-07 7.915558999999999789E-07
5.282056000000000695E-07 5.269287999999999558E-07 5.285627000000000165E-07 5.339627999999999379E-07 9.999999999999999547E-07 9.999999999999999547E-07 9.999999999999999547E-07 9.999999999999999547E-07 6.382318999999999752E-07 6.744257000000000038E-07 7.150910000000000073E-07 7.604870000000000255E-07 8.104215999999999014E-07 8.643005999999999831E-07 9.179652000000000122E-07 9.486196999999998980E-07 9.678189000000000267E-07 9.419809999999999432E-07 9.148244999999999475E-07 8.931450999999999870E-07
5.762481999999999176E-07 5.769092999999998917E-07 5.805285999999999749E-07 5.879164000000000035E-07 9.999999999999999547E-07 9.999999999999999547E-07 9.999999999999999547E-07 9.999999999999999547E-07 7.233798000000000253E-07 7.671985999999999385E-07 8.169952999999999678E-07 8.737273999999999679E-07 9.383628000000000386E-07 1.011203999999999848E-06 1.088324999999999867E-06 1.144513999999999974E-06 1.132428999999999903E-06 1.077992999999999904E-06 1.032637999999999853E-06 9.974264999999999615E-07
6.272648999999999538E-07 6.296558999999999916E-07 6.349396999999999638E-07 6.438619999999999986E-07 9.999999999999999547E-07 9.999999999999999547E-07 9.999999999999999547E-07 9.999999999999999547E-07 8.122031999999999946E-07 8.633194999999999638E-07 9.215222999999999878E-07 9.882195999999998634E-07 1.065196999999999900E-06 1.154757000000000022E-06 1.259895999999999889E-06 1.384546000000000042E-06 1.282723999999999833E-06 1.205099999999999905E-06 1.145505999999999828E-06 1.099469000000000010E-06
6.812422000000000172E-07 6.851474999999999483E-07 6.917684999999999651E-07 7.022306999999999011E-07 9.999999999999999547E-07 9.999999999999999547E-07 9.999999999999999547E-07 9.999999999999999547E-07 9.025724999999999249E-07 9.599232999999999358E-07 1.024663999999999970E-06 1.097962000000000127E-06 1.180857999999999892E-06 1.273395999999999844E-06 1.354292000000000094E-06 1.430961999999999946E-06 1.381915999999999866E-06 1.309548999999999996E-06 1.246755000000000102E-06 1.195281999999999943E-06
7.382588999999999748E-07 7.434825999999999397E-07 7.511415999999999159E-07 7.646895999999999258E-07 9.999999999999999547E-07 9.999999999999999547E-07 9.999999999999999547E-07 9.999999999999999547E-07 9.815900999999999296E-07 1.045303999999999869E-06 1.113701999999999870E-06 1.185946999999999972E-06 1.260661999999999857E-06 1.336044999999999970E-06 1.410285999999999901E-06 1.482522999999999993E-06 1.453569000000000143E-06 1.394262999999999969E-06 1.335611000000000061E-06 1.283433999999999950E-06
7.984860999999999333E-07 8.048772999999999383E-07 8.133342999999999193E-07 8.289252999999998900E-07 9.999999999999999547E-07 9.999999999999999547E-07 9.999999999999999547E-07 9.999999999999999547E-07 1.055229999999999848E-06 1.118651000000000108E-06 1.185794999999999800E-06 1.255859000000000049E-06 1.327575999999999976E-06 1.399418999999999993E-06 1.470045999999999901E-06 1.538883999999999766E-06 1.518348999999999801E-06 1.469108999999999871E-06 1.415556999999999922E-06 1.364826000000000127E-06
8.621835999999999913E-07 8.696552999999999642E-07 8.787520999999999454E-07 8.949848000000000323E-07 9.999999999999999547E-07 9.999999999999999547E-07 9.999999999999999547E-07 9.999999999999999547E-07 1.128540000000000125E-06 1.191500999999999970E-06 1.257581999999999965E-06 1.326092999999999909E-06 1.395875999999999813E-06 1.465518000000000061E-06 1.533736999999999780E-06 1.599792000000000115E-06 1.582046999999999873E-06 1.540141999999999763E-06 1.490312000000000064E-06 1.441232000000000104E-06
9.296950999999999801E-07 9.382355999999999367E-07 9.479054999999998981E-07 9.630834000000000700E-07 9.999999999999999547E-07 9.999999999999999547E-07 9.999999999999999547E-07 9.999999999999999547E-07 1.201414000000000014E-06 1.263778999999999924E-06 1.329071999999999978E-06 1.396752999999999881E-06 1.465702000000000057E-06 1.534400999999999897E-06 1.601263000000000063E-06 1.662932999999999847E-06 1.646978999999999914E-06 1.610082999999999794E-06 1.562301999999999903E-06 1.514210999999999926E-06
1.001450999999999985E-06 1.011130000000000134E-06 1.021390999999999832E-06 1.033667999999999909E-06 9.999999999999999547E-07 9.999999999999999547E-07 1.157477999999999957E-06 1.214659999999999946E-06 1.273453999999999963E-06 1.335015999999999942E-06 1.399782000000000060E-06 1.467375000000000075E-06 1.536643999999999767E-06 1.605760999999999922E-06 1.672466999999999805E-06 1.728123999999999838E-06 1.714674999999999808E-06 1.679989999999999944E-06 1.632735999999999990E-06 1.584715000000000039E-06
1.077987999999999978E-06 1.088964999999999958E-06 1.099908000000000058E-06 1.110822999999999808E-06 1.135123999999999967E-06 9.999999999999999547E-07 1.230624999999999970E-06 1.286626999999999997E-06 1.343834999999999857E-06 1.404262999999999874E-06 1.468705999999999970E-06 1.536911999999999965E-06 1.607698000000000027E-06 1.678867999999999890E-06 1.747104999999999894E-06 1.798647000000000052E-06 1.786420999999999900E-06 1.749988999999999882E-06 1.701910000000000024E-06 1.653073999999999811E-06
1.159990000000000053E-06 1.172563000000000042E-06 1.184365999999999953E-06 1.195270000000000035E-06 1.210949999999999815E-06 1.246830000000000055E-06 1.303693999999999948E-06 1.356584999999999862E-06 1.411105000000000062E-06 1.470070999999999744E-06 1.534341999999999963E-06 1.603687000000000058E-06 1.677020999999999939E-06 1.752104000000000030E-06 1.824539999999999899E-06 1.875944999999999875E-06 1.863110000000000065E-06 1.819406999999999875E-06 1.769365000000000042E-06 1.719081999999999908E-06
1.248335999999999909E-06 1.263061999999999826E-06 1.276143999999999890E-06 1.287140999999999998E-06 1.296003999999999857E-06 1.322308999999999853E-06 1.374833000000000013E-06 1.424786000000000143E-06 1.489597999999999837E-06 1.555541999999999861E-06 1.622227000000000011E-06 1.689656999999999974E-06 1.757953000000000124E-06 1.827206000000000010E-06 1.902211000000000065E-06 1.961788999999999912E-06 1.937976999999999911E-06 1.886484000000000046E-06 1.833990999999999895E-06 1.782181999999999778E-06
1.344095000000000046E-06 1.361992999999999853E-06 1.377404999999999859E-06 1.389466999999999931E-06 1.397296999999999863E-06 1.400061999999999954E-06 1.467446999999999945E-06 1.533876999999999832E-06 1.599269000000000078E-06 1.663755999999999906E-06 1.727659999999999947E-06 1.791459999999999870E-06 1.855745999999999867E-06 1.921183999999999900E-06 1.988475999999999865E-06 2.058319999999999971E-06 2.002897999999999860E-06 1.948263000000000086E-06 1.894484000000000012E-06 1.841816999999999928E-06
1.448229999999999939E-06 1.470865999999999878E-06 1.490456999999999831E-06 1.506030999999999862E-06 1.517418999999999964E-06 1.545585999999999901E-06 1.581329999999999774E-06 1.641373999999999991E-06 1.704845999999999965E-06 1.766790999999999929E-06 1.826482999999999958E-06 1.884408999999999943E-06 1.941431999999999778E-06 1.998168999999999977E-06 2.052986999999999933E-06 2.086187999999999702E-06 2.054808999999999828E-06 2.003245999999999726E-06 1.950450999999999920E-06 1.897904999999999788E-06
1.560524999999999768E-06 1.589842999999999925E-06 1.616112999999999802E-06 1.638568999999999854E-06 1.659629999999999939E-06 1.701712999999999880E-06 1.724829999999999967E-06 1.768782999999999858E-06 1.819118999999999760E-06 1.871272000000000055E-06 1.922659999999999986E-06 1.972672999999999654E-06 2.021237000000000194E-06 2.064292999999999888E-06 2.100487999999999717E-06 2.122914000000000000E-06 2.102726999999999900E-06 2.054118999999999840E-06 2.003023999999999950E-06 1.951001999999999672E-06
1.681451000000000039E-06 1.720007000000000031E-06 1.756054000000000009E-06 1.788762999999999962E-06 1.824434999999999965E-06 1.870451999999999867E-06 1.887063999999999963E-06 1.915087999999999764E-06 1.951848999999999970E-06 1.991189000000000004E-06 2.029607999999999813E-06 2.065502999999999831E-06 2.098358999999999606E-06 2.128274999999999965E-06 2.155741999999999849E-06 2.167844999999999570E-06 2.150288000000000070E-06 2.104108000000000116E-06 2.053849000000000010E-06 2.001947999999999895E-06
1.810917999999999964E-06 1.861586999999999952E-06 1.910791999999999763E-06 1.957219999999999787E-06 2.005217999999999950E-06 2.054365000000000278E-06 2.065981999999999712E-06 2.079671999999999830E-06 2.099045999999999723E-06 2.120648000000000131E-06 2.142255000000000041E-06 2.162813999999999821E-06 2.182072999999999716E-06 2.200289999999999647E-06 2.218030999999999567E-06 2.219981000000000032E-06 2.199876999999999893E-06 2.154714999999999664E-06 2.104010999999999768E-06 2.051365000000000052E-06
1.947801999999999855E-06 2.013614000000000047E-06 2.079682999999999922E-06 2.143845999999999701E-06 2.203917000000000027E-06 2.256593000000000148E-06 2.262821999999999932E-06 2.261668999999999657E-06 2.262212999999999850E-06 2.263946999999999858E-06 2.266508999999999851E-06 2.269753999999999851E-06 2.273792999999999746E-06 2.278986999999999971E-06 2.285880999999999689E-06 2.277984000000000025E-06 2.252971000000000117E-06 2.206240999999999804E-06 2.153802999999999900E-06 2.099385999999999791E-06
2.089705000000000010E-06 2.173599999999999823E-06 2.260549000000000081E-06 2.347368999999999954E-06 2.423218999999999830E-06 2.480919000000000141E-06 2.479884999999999974E-06 2.461126999999999721E-06 2.439679999999999993E-06 2.418685000000000035E-06 2.399886999999999949E-06 2.384015999999999978E-06 2.371393999999999695E-06 2.362344999999999995E-06 2.357357999999999767E-06 2.340218999999999523E-06 2.308552000000000170E-06 2.258278999999999677E-06 2.202799999999999899E-06 2.145576999999999837E-06
9.999999999999999547E-07 2.337017999999999890E-06 2.448789000000000078E-06 2.564258999999999668E-06 2.665665999999999645E-06 2.731868000000000015E-06 2.719504999999999893E-06 2.677160000000000131E-06 2.628350999999999816E-06 2.581034999999999845E-06 2.538730999999999733E-06 2.502427999999999887E-06 2.472169000000000013E-06 2.447959000000000036E-06 2.430229000000000208E-06 2.404802999999999700E-06 2.365268999999999817E-06 2.309750999999999597E-06 2.249839999999999876E-06 2.188901999999999969E-06
9.999999999999999547E-07 9.999999999999999547E-07 2.635886999999999891E-06 2.786325999999999773E-06 2.931632999999999872E-06 3.014841999999999806E-06 2.982198999999999770E-06 2.904708999999999941E-06 2.821316999999999825E-06 2.744603999999999633E-06 2.677881999999999732E-06 2.621064000000000050E-06 2.573183999999999757E-06 2.533491999999999748E-06 2.502266000000000074E-06 2.469707999999999631E-06 2.421139000000000012E-06 2.358508999999999987E-06 2.292822999999999884E-06 2.227691999999999643E-06
9.999999999999999547E-07 9.999999999999999547E-07 9.999999999999999547E-07 2.995430999999999951E-06 3.200148999999999945E-06 3.336309999999999995E-06 3.258567000000000170E-06 3.127385999999999944E-06 3.005051999999999769E-06 2.899814000000000134E-06 2.810811999999999745E-06 2.735618999999999583E-06 2.671827999999999909E-06 2.617551999999999668E-06 2.572159000000000050E-06 2.532892999999999942E-06 2.472608000000000061E-06 2.400224000000000145E-06 2.328494999999999887E-06 2.259783000000000112E-06
9.999999999999999547E-07 9.999999999999999547E-07 9.999999999999999547E-07 9.999999999999999547E-07 3.407670000000000020E-06 3.704026999999999714E-06 3.488306999999999685E-06 3.309190999999999976E-06 3.160092999999999629E-06 3.035477999999999806E-06 2.930726999999999850E-06 2.842012999999999788E-06 2.766190999999999838E-06 2.700677000000000248E-06 2.643351000000000096E-06 2.592459999999999909E-06 2.507039999999999717E-06 2.427481000000000162E-06 2.353028000000000098E-06 9.999999999999999547E-07
9.999999999999999547E-07 9.999999999999999547E-07 9.999999999999999547E-07 9.999999999999999547E-07 3.431666999999999835E-06 3.562471999999999847E-06 3.533880999999999852E-06 3.417598999999999870E-06 3.271698999999999709E-06 3.143389999999999986E-06 3.032528999999999507E-06 2.937015999999999596E-06 2.854575999999999501E-06 2.783349999999999787E-06 2.700449999999999700E-06 2.619350999999999987E-06 2.537736000000000007E-06 2.457683999999999761E-06 2.382976000000000069E-06 9.999999999999999547E-07
9.999999999999999547E-07 9.999999999999999547E-07 9.999999999999999547E-07 9.999999999999999547E-07 9.999999999999999547E-07 3.438410999999999647E-06 3.422483999999999824E-06 3.369123000000000065E-06 3.289111999999999469E-06 3.189735000000000047E-06 3.089022999999999986E-06 2.989295999999999797E-06 2.892522000000000018E-06 2.800727000000000248E-06 2.714681000000000140E-06 2.637960000000000151E-06 2.564261999999999539E-06 2.485803999999999672E-06 9.999999999999999547E-07 9.999999999999999547E-07
9.999999999999999547E-07 9.999999999999999547E-07 9.999999999999999547E-07 9.999999999999999547E-07 9.999999999999999547E-07 3.328911999999999918E-06 3.318104999999999972E-06 3.278327999999999946E-06 3.217298000000000041E-06 3.142154000000000172E-06 3.058412000000000136E-06 2.970457999999999877E-06 2.882117999999999974E-06 2.797048000000000126E-06 2.718831999999999738E-06 2.647466999999999787E-06 2.580983999999999919E-06 9.999999999999999547E-07 9.999999999999999547E-07 9.999999999999999547E-07
9.999999999999999547E-07 9.999999999999999547E-07 9.999999999999999547E-07 9.999999999999999547E-07 9.999999999999999547E-07 3.231453000000000077E-06 3.223673999999999859E-06 3.193155999999999824E-06 3.144369000000000116E-06 3.082364999999999583E-06 3.011763999999999545E-06 2.936565999999999880E-06 2.860278999999999589E-06 2.786012000000000000E-06 2.716365000000000038E-06 2.649526999999999900E-06 9.999999999999999547E-07 9.999999999999999547E-07 9.999999999999999547E-07 9.999999999999999547E-07
