   3.227740E-05    3.227740E-05    3.227740E-05    3.227740E-05    3.227740E-05    3.227740E-05    3.227740E-05    3.227740E-05    3.227740E-05    3.227740E-05    3.227740E-05    3.227740E-05    3.227740E-05    3.227740E-05    3.227740E-05    3.227740E-05    3.227740E-05    3.227740E-05    3.227740E-05    3.227740E-05
   3.227740E-05    3.227740E-05    3.227740E-05    3.227740E-05    3.227740E-05    3.227740E-05    3.227740E-05    3.227740E-05    3.227740E-05    3.227740E-05    3.227740E-05    3.227740E-05    3.227740E-05    3.227740E-05    3.227740E-05    3.227740E-05    3.227740E-05    3.227740E-05    3.227740E-05    3.227740E-05
   3.227740E-05    3.227740E-05    3.227740E-05    3.227740E-05    3.227740E-05    3.227740E-05    3.227740E-05    3.227740E-05    3.227740E-05    3.227740E-05    3.227740E-05    3.227740E-05    3.227740E-05    3.227740E-05    3.227740E-05    3.227740E-05    3.227740E-05    3.227740E-05    3.227740E-05    3.227740E-05
   3.227740E-05    3.227740E-05    3.227740E-05    3.227740E-05    3.227740E-05    3.227740E-05    3.227740E-05    3.227740E-05    3.227740E-05    3.227740E-05    3.227740E-05    3.227740E-05    3.227740E-05    3.227740E-05    3.227740E-05    3.227740E-05    3.227740E-05    3.227740E-05    3.227740E-05    3.227740E-05
   3.227740E-05    3.227740E-05    3.227740E-05    3.227740E-05    3.227740E-05    3.227740E-05    3.227740E-05    3.227740E-05    3.227740E-05    3.227740E-05    3.227740E-05    3.227740E-05    3.227740E-05    3.227740E-05    3.227740E-05    3.227740E-05    3.227740E-05    3.227740E-05    3.227740E-05    3.227740E-05
   3.227740E-05    3.227740E-05    3.227740E-05    3.227740E-05    3.227740E-05    3.227740E-05    3.227740E-05    3.227740E-05    3.227740E-05    3.227740E-05    3.227740E-05    3.227740E-05    3.227740E-05    3.227740E-05    3.227740E-05    3.227740E-05    3.227740E-05    3.227740E-05    3.227740E-05    3.227740E-05
   3.227740E-05    3.227740E-05    3.227740E-05    3.227740E-05    3.227740E-05    3.227740E-05    3.227740E-05    3.227740E-05    3.227740E-05    3.227740E-05    3.227740E-05    3.227740E-05    3.227740E-05    3.227740E-05    3.227740E-05    3.227740E-05    3.227740E-05    3.227740E-05    3.227740E-05    3.227740E-05
   3.227740E-05    3.227740E-05    3.227740E-05    3.227740E-05    3.227740E-05    3.227740E-05    3.227740E-05    3.227740E-05    3.227740E-05    3.227740E-05    3.227740E-05    3.227740E-05    3.227740E-05    3.227740E-05    3.227740E-05    3.227740E-05    3.227740E-05    3.227740E-05    3.227740E-05    3.227740E-05
   3.227740E-05    3.227740E-05    3.227740E-05    3.227740E-05    2.906287E-05    2.906287E-05    2.906287E-05    3.227740E-05    3.227740E-05    3.227740E-05    3.227740E-05    3.227740E-05    3.227740E-05    3.227740E-05    3.227740E-05    3.227740E-05    3.227740E-05    3.227740E-05    3.227740E-05    3.227740E-05
   3.227740E-05    3.227740E-05    3.227740E-05    3.227740E-05    2.906287E-05    2.906287E-05    2.906287E-05    2.906287E-05    3.227740E-05    3.227740E-05    3.227740E-05    3.227740E-05    3.227740E-05    3.227740E-05    3.227740E-05    3.227740E-05    3.227740E-05    3.227740E-05    3.227740E-05    3.227740E-05
   3.227740E-05    3.227740E-05    3.227740E-05    3.227740E-05    2.906287E-05    2.906287E-05    2.906287E-05    2.906287E-05    3.227740E-05    3.227740E-05    3.227740E-05    3.227740E-05    3.227740E-05    3.227740E-05    3.227740E-05    3.227740E-05    3.227740E-05    3.227740E-05    3.227740E-05    3.227740E-05
   3.227740E-05    3.227740E-05    3.227740E-05    3.227740E-05    2.906287E-05    2.906287E-05    2.906287E-05    2.906287E-05    3.227740E-05    3.227740E-05    3.227740E-05    3.227740E-05    3.227740E-05    3.227740E-05    3.227740E-05    3.227740E-05    3.227740E-05    3.227740E-05    3.227740E-05    3.227740E-05
   3.227740E-05    3.227740E-05    3.227740E-05    3.227740E-05    2.906287E-05    2.906287E-05    2.906287E-05    2.906287E-05    3.227740E-05    3.227740E-05    3.227740E-05    3.227740E-05    3.227740E-05    3.227740E-05    3.227740E-05    3.227740E-05    3.227740E-05    3.227740E-05    3.227740E-05    3.227740E-05
   3.227740E-05    3.227740E-05    3.227740E-05    3.227740E-05    2.906287E-05    2.906287E-05    2.906287E-05    2.906287E-05    3.227740E-05    3.227740E-05    3.227740E-05    3.227740E-05    3.227740E-05    3.227740E-05    3.227740E-05    3.227740E-05    3.227740E-05    3.227740E-05    3.227740E-05    3.227740E-05
   3.227740E-05    3.227740E-05    3.227740E-05    3.227740E-05    2.906287E-05    2.906287E-05    2.906287E-05    2.906287E-05    3.227740E-05    3.227740E-05    3.227740E-05    3.227740E-05    3.227740E-05    3.227740E-05    3.227740E-05    3.227740E-05    3.227740E-05    3.227740E-05    3.227740E-05    3.227740E-05
   3.227740E-05    3.227740E-05    3.227740E-05    3.227740E-05    2.906287E-05    2.906287E-05    2.906287E-05    2.906287E-05    3.227740E-05    3.227740E-05    3.227740E-05    3.227740E-05    3.227740E-05    3.227740E-05    3.227740E-05    3.227740E-05    3.227740E-05    3.227740E-05    3.227740E-05    3.227740E-05
   3.227740E-05    3.227740E-05    3.227740E-05    3.227740E-05    2.906287E-05    2.906287E-05    2.906287E-05    2.906287E-05    3.227740E-05    3.227740E-05    3.227740E-05    3.227740E-05    3.227740E-05    3.227740E-05    3.227740E-05    3.227740E-05    3.227740E-05    3.227740E-05    3.227740E-05    3.227740E-05
   3.227740E-05    3.227740E-05    3.227740E-05    3.227740E-05    2.906287E-05    2.906287E-05    2.906287E-05    2.906287E-05    3.227740E-05    3.227740E-05    3.227740E-05    3.227740E-05    3.227740E-05    3.227740E-05    3.227740E-05    3.227740E-05    3.227740E-05    3.227740E-05    3.227740E-05    3.227740E-05
   3.227740E-05    3.227740E-05    3.227740E-05    3.227740E-05    2.906287E-05    2.906287E-05    2.906287E-05    2.906287E-05    3.227740E-05    3.227740E-05    3.227740E-05    3.227740E-05    3.227740E-05    3.227740E-05    3.227740E-05    3.227740E-05    3.227740E-05    3.227740E-05    3.227740E-05    3.227740E-05
   3.227740E-05    3.227740E-05    3.227740E-05    3.227740E-05    2.906287E-05    2.906287E-05    2.906287E-05    2.906287E-05    3.227740E-05    3.227740E-05    3.227740E-05    3.227740E-05    3.227740E-05    3.227740E-05    3.227740E-05    3.227740E-05    3.227740E-05    3.227740E-05    3.227740E-05    3.227740E-05
   3.227740E-05    3.227740E-05    3.227740E-05    3.227740E-05    2.906287E-05    2.906287E-05    2.906287E-05    2.906287E-05    3.227740E-05    3.227740E-05    3.227740E-05    3.227740E-05    3.227740E-05    3.227740E-05    3.227740E-05    3.227740E-05    3.227740E-05    3.227740E-05    3.227740E-05    3.227740E-05
   3.227740E-05    3.227740E-05    3.227740E-05    3.227740E-05    2.906287E-05    2.906287E-05    3.227740E-05    3.227740E-05    3.227740E-05    3.227740E-05    3.227740E-05    3.227740E-05    3.227740E-05    3.227740E-05    3.227740E-05    3.227740E-05    3.227740E-05    3.227740E-05    3.227740E-05    3.227740E-05
   3.227740E-05    3.227740E-05    3.227740E-05    3.227740E-05    3.227740E-05    2.906287E-05    3.227740E-05    3.227740E-05    3.227740E-05    3.227740E-05    3.227740E-05    3.227740E-05    3.227740E-05    3.227740E-05    3.227740E-05    3.227740E-05    3.227740E-05    3.227740E-05    3.227740E-05    3.227740E-05
   3.227740E-05    3.227740E-05    3.227740E-05    3.227740E-05    3.227740E-05    3.227740E-05    3.227740E-05    3.227740E-05    3.227740E-05    3.227740E-05    3.227740E-05    3.227740E-05    3.227740E-05    3.227740E-05    3.227740E-05    3.227740E-05    3.227740E-05    3.227740E-05    3.227740E-05    3.227740E-05
   3.227740E-05    3.227740E-05    3.227740E-05    3.227740E-05    3.227740E-05    3.227740E-05    3.227740E-05    3.227740E-05    3.227740E-05    3.227740E-05    3.227740E-05    3.227740E-05    3.227740E-05    3.227740E-05    3.227740E-05    3.227740E-05    3.227740E-05    3.227740E-05    3.227740E-05    3.227740E-05
   3.227740E-05    3.227740E-05    3.227740E-05    3.227740E-05    3.227740E-05    3.227740E-05    3.227740E-05    3.227740E-05    3.227740E-05    3.227740E-05    3.227740E-05    3.227740E-05    3.227740E-05    3.227740E-05    3.227740E-05    3.227740E-05    3.227740E-05    3.227740E-05    3.227740E-05    3.227740E-05
   3.227740E-05    3.227740E-05    3.227740E-05    3.227740E-05    3.227740E-05    3.227740E-05    3.227740E-05    3.227740E-05    3.227740E-05    3.227740E-05    3.227740E-05    3.227740E-05    3.227740E-05    3.227740E-05    3.227740E-05    3.227740E-05    3.227740E-05    3.227740E-05    3.227740E-05    3.227740E-05
   3.227740E-05    3.227740E-05    3.227740E-05    3.227740E-05    3.227740E-05    3.227740E-05    3.227740E-05    3.227740E-05    3.227740E-05    3.227740E-05    3.227740E-05    3.227740E-05    3.227740E-05    3.227740E-05    3.227740E-05    3.227740E-05    3.227740E-05    3.227740E-05    3.227740E-05    3.227740E-05
   3.227740E-05    3.227740E-05    3.227740E-05    3.227740E-05    3.227740E-05    3.227740E-05    3.227740E-05    3.227740E-05    3.227740E-05    3.227740E-05    3.227740E-05    3.227740E-05    3.227740E-05    3.227740E-05    3.227740E-05    3.227740E-05    3.227740E-05    3.227740E-05    3.227740E-05    3.227740E-05
   3.227740E-05    3.227740E-05    3.227740E-05    3.227740E-05    3.227740E-05    3.227740E-05    3.227740E-05    3.227740E-05    3.227740E-05    3.227740E-05    3.227740E-05    3.227740E-05    3.227740E-05    3.227740E-05    3.227740E-05    3.227740E-05    3.227740E-05    3.227740E-05    3.227740E-05    3.227740E-05
   3.227740E-05    3.227740E-05    3.227740E-05    3.227740E-05    3.227740E-05    3.227740E-05    3.227740E-05    3.227740E-05    3.227740E-05    3.227740E-05    3.227740E-05    3.227740E-05    3.227740E-05    3.227740E-05    3.227740E-05    3.227740E-05    3.227740E-05    3.227740E-05    3.227740E-05    3.227740E-05
   3.227740E-05    3.227740E-05    3.227740E-05    3.227740E-05    3.227740E-05    3.227740E-05    3.227740E-05    3.227740E-05    3.227740E-05    3.227740E-05    3.227740E-05    3.227740E-05    3.227740E-05    3.227740E-05    3.227740E-05    3.227740E-05    3.227740E-05    3.227740E-05    3.227740E-05    3.227740E-05
   2.906287E-05    3.227740E-05    3.227740E-05    3.227740E-05    3.227740E-05    3.227740E-05    3.227740E-05    3.227740E-05    3.227740E-05    3.227740E-05    3.227740E-05    3.227740E-05    3.227740E-05    3.227740E-05    3.227740E-05    3.227740E-05    3.227740E-05    3.227740E-05    3.227740E-05    3.227740E-05
   2.906287E-05    2.906287E-05    3.227740E-05    3.227740E-05    3.227740E-05    3.227740E-05    3.227740E-05    3.227740E-05    3.227740E-05    3.227740E-05    3.227740E-05    3.227740E-05    3.227740E-05    3.227740E-05    3.227740E-05    3.227740E-05    3.227740E-05    3.227740E-05    3.227740E-05    3.227740E-05
   2.906287E-05    2.906287E-05    2.906287E-05    3.227740E-05    3.227740E-05    3.227740E-05    3.227740E-05    3.227740E-05    3.227740E-05    3.227740E-05    3.227740E-05    3.227740E-05    3.227740E-05    3.227740E-05    3.227740E-05    3.227740E-05    3.227740E-05    3.227740E-05    3.227740E-05    3.227740E-05
   2.906287E-05    2.906287E-05    2.906287E-05    2.906287E-05    3.227740E-05    3.227740E-05    3.227740E-05    3.227740E-05    3.227740E-05    3.227740E-05    3.227740E-05    3.227740E-05    3.227740E-05    3.227740E-05    3.227740E-05    3.227740E-05    3.227740E-05    3.227740E-05    3.227740E-05    2.906287E-05
   2.906287E-05    2.906287E-05    2.906287E-05    2.906287E-05    3.227740E-05    3.227740E-05    3.227740E-05    3.227740E-05    3.227740E-05    3.227740E-05    3.227740E-05    3.227740E-05    3.227740E-05    3.227740E-05    3.227740E-05    3.227740E-05    3.227740E-05    3.227740E-05    3.227740E-05    2.906287E-05
   2.906287E-05    2.906287E-05    2.906287E-05    2.906287E-05    2.906287E-05    3.227740E-05    3.227740E-05    3.227740E-05    3.227740E-05    3.227740E-05    3.227740E-05    3.227740E-05    3.227740E-05    3.227740E-05    3.227740E-05    3.227740E-05    3.227740E-05    3.227740E-05    2.906287E-05    2.906287E-05
   2.906287E-05    2.906287E-05    2.906287E-05    2.906287E-05    2.906287E-05    3.227740E-05    3.227740E-05    3.227740E-05    3.227740E-05    3.227740E-05    3.227740E-05    3.227740E-05    3.227740E-05    3.227740E-05    3.227740E-05    3.227740E-05    3.227740E-05    2.906287E-05    2.906287E-05    2.906287E-05
   2.906287E-05    2.906287E-05    2.906287E-05    2.906287E-05    2.906287E-05    3.227740E-05    3.227740E-05    3.227740E-05    3.227740E-05    3.227740E-05    3.227740E-05    3.227740E-05    3.227740E-05    3.227740E-05    3.227740E-05    3.227740E-05    2.906287E-05    2.906287E-05    2.906287E-05    2.906287E-05
