   6.328086E-05    6.328086E-05    6.328086E-05    6.328086E-05    6.328086E-05    6.328086E-05    6.328086E-05    6.328086E-05    6.328086E-05    6.328086E-05    6.328086E-05    6.328086E-05    6.328086E-05    6.328086E-05    6.328086E-05    6.328086E-05    6.328086E-05    6.328086E-05    6.328086E-05    6.328086E-05
   6.328086E-05    6.328086E-05    6.328086E-05    6.328086E-05    6.328086E-05    6.328086E-05    6.328086E-05    6.328086E-05    6.328086E-05    6.328086E-05    6.328086E-05    6.328086E-05    6.328086E-05    6.328086E-05    6.328086E-05    6.328086E-05    6.328086E-05    6.328086E-05    6.328086E-05    6.328086E-05
   6.328086E-05    6.328086E-05    6.328086E-05    6.328086E-05    6.328086E-05    6.328086E-05    6.328086E-05    6.328086E-05    6.328086E-05    6.328086E-05    6.328086E-05    6.328086E-05    6.328086E-05    6.328086E-05    6.328086E-05    6.328086E-05    6.328086E-05    6.328086E-05    6.328086E-05    6.328086E-05
   6.328086E-05    6.328086E-05    6.328086E-05    6.328086E-05    6.328086E-05    6.328086E-05    6.328086E-05    6.328086E-05    6.328086E-05    6.328086E-05    6.328086E-05    6.328086E-05    6.328086E-05    6.328086E-05    6.328086E-05    6.328086E-05    6.328086E-05    6.328086E-05    6.328086E-05    6.328086E-05
   6.328086E-05    6.328086E-05    6.328086E-05    6.328086E-05    6.328086E-05    6.328086E-05    6.328086E-05    6.328086E-05    6.328086E-05    6.328086E-05    6.328086E-05    6.328086E-05    6.328086E-05    6.328086E-05    6.328086E-05    6.328086E-05    6.328086E-05    6.328086E-05    6.328086E-05    6.328086E-05
   6.328086E-05    6.328086E-05    6.328086E-05    6.328086E-05    6.328086E-05    6.328086E-05    6.328086E-05    6.328086E-05    6.328086E-05    6.328086E-05    6.328086E-05    6.328086E-05    6.328086E-05    6.328086E-05    6.328086E-05    6.328086E-05    6.328086E-05    6.328086E-05    6.328086E-05    6.328086E-05
   6.328086E-05    6.328086E-05    6.328086E-05    6.328086E-05    6.328086E-05    6.328086E-05    6.328086E-05    6.328086E-05    6.328086E-05    6.328086E-05    6.328086E-05    6.328086E-05    6.328086E-05    6.328086E-05    6.328086E-05    6.328086E-05    6.328086E-05    6.328086E-05    6.328086E-05    6.328086E-05
   6.328086E-05    6.328086E-05    6.328086E-05    6.328086E-05    6.328086E-05    6.328086E-05    6.328086E-05    6.328086E-05    6.328086E-05    6.328086E-05    6.328086E-05    6.328086E-05    6.328086E-05    6.328086E-05    6.328086E-05    6.328086E-05    6.328086E-05    6.328086E-05    6.328086E-05    6.328086E-05
   6.328086E-05    6.328086E-05    6.328086E-05    6.328086E-05    5.304705E-05    5.304705E-05    5.304705E-05    6.328086E-05    6.328086E-05    6.328086E-05    6.328086E-05    6.328086E-05    6.328086E-05    6.328086E-05    6.328086E-05    6.328086E-05    6.328086E-05    6.328086E-05    6.328086E-05    6.328086E-05
   6.328086E-05    6.328086E-05    6.328086E-05    6.328086E-05    5.304705E-05    5.304705E-05    5.304705E-05    5.304705E-05    6.328086E-05    6.328086E-05    6.328086E-05    6.328086E-05    6.328086E-05    6.328086E-05    6.328086E-05    6.328086E-05    6.328086E-05    6.328086E-05    6.328086E-05    6.328086E-05
   6.328086E-05    6.328086E-05    6.328086E-05    6.328086E-05    5.304705E-05    5.304705E-05    5.304705E-05    5.304705E-05    6.328086E-05    6.328086E-05    6.328086E-05    6.328086E-05    6.328086E-05    6.328086E-05    6.328086E-05    6.328086E-05    6.328086E-05    6.328086E-05    6.328086E-05    6.328086E-05
   6.328086E-05    6.328086E-05    6.328086E-05    6.328086E-05    5.304705E-05    5.304705E-05    5.304705E-05    5.304705E-05    6.328086E-05    6.328086E-05    6.328086E-05    6.328086E-05    6.328086E-05    6.328086E-05    6.328086E-05    6.328086E-05    6.328086E-05    6.328086E-05    6.328086E-05    6.328086E-05
   6.328086E-05    6.328086E-05    6.328086E-05    6.328086E-05    5.304705E-05    5.304705E-05    5.304705E-05    5.304705E-05    6.328086E-05    6.328086E-05    6.328086E-05    6.328086E-05    6.328086E-05    6.328086E-05    6.328086E-05    6.328086E-05    6.328086E-05    6.328086E-05    6.328086E-05    6.328086E-05
   6.328086E-05    6.328086E-05    6.328086E-05    6.328086E-05    5.304705E-05    5.304705E-05    5.304705E-05    5.304705E-05    6.328086E-05    6.328086E-05    6.328086E-05    6.328086E-05    6.328086E-05    6.328086E-05    6.328086E-05    6.328086E-05    6.328086E-05    6.328086E-05    6.328086E-05    6.328086E-05
   6.328086E-05    6.328086E-05    6.328086E-05    6.328086E-05    5.304705E-05    5.304705E-05    5.304705E-05    5.304705E-05    6.328086E-05    6.328086E-05    6.328086E-05    6.328086E-05    6.328086E-05    6.328086E-05    6.328086E-05    6.328086E-05    6.328086E-05    6.328086E-05    6.328086E-05    6.328086E-05
   6.328086E-05    6.328086E-05    6.328086E-05    6.328086E-05    5.304705E-05    5.304705E-05    5.304705E-05    5.304705E-05    6.328086E-05    6.328086E-05    6.328086E-05    6.328086E-05    6.328086E-05    6.328086E-05    6.328086E-05    6.328086E-05    6.328086E-05    6.328086E-05    6.328086E-05    6.328086E-05
   6.328086E-05    6.328086E-05    6.328086E-05    6.328086E-05    5.304705E-05    5.304705E-05    5.304705E-05    5.304705E-05    6.328086E-05    6.328086E-05    6.328086E-05    6.328086E-05    6.328086E-05    6.328086E-05    6.328086E-05    6.328086E-05    6.328086E-05    6.328086E-05    6.328086E-05    6.328086E-05
   6.328086E-05    6.328086E-05    6.328086E-05    6.328086E-05    5.304705E-05    5.304705E-05    5.304705E-05    5.304705E-05    6.328086E-05    6.328086E-05    6.328086E-05    6.328086E-05    6.328086E-05    6.328086E-05    6.328086E-05    6.328086E-05    6.328086E-05    6.328086E-05    6.328086E-05    6.328086E-05
   6.328086E-05    6.328086E-05    6.328086E-05    6.328086E-05    5.304705E-05    5.304705E-05    5.304705E-05    5.304705E-05    6.328086E-05    6.328086E-05    6.328086E-05    6.328086E-05    6.328086E-05    6.328086E-05    6.328086E-05    6.328086E-05    6.328086E-05    6.328086E-05    6.328086E-05    6.328086E-05
   6.328086E-05    6.328086E-05    6.328086E-05    6.328086E-05    5.304705E-05    5.304705E-05    5.304705E-05    5.304705E-05    6.328086E-05    6.328086E-05    6.328086E-05    6.328086E-05    6.328086E-05    6.328086E-05    6.328086E-05    6.328086E-05    6.328086E-05    6.328086E-05    6.328086E-05    6.328086E-05
   6.328086E-05    6.328086E-05    6.328086E-05    6.328086E-05    5.304705E-05    5.304705E-05    5.304705E-05    5.304705E-05    6.328086E-05    6.328086E-05    6.328086E-05    6.328086E-05    6.328086E-05    6.328086E-05    6.328086E-05    6.328086E-05    6.328086E-05    6.328086E-05    6.328086E-05    6.328086E-05
   6.328086E-05    6.328086E-05    6.328086E-05    6.328086E-05    5.304705E-05    5.304705E-05    6.328086E-05    6.328086E-05    6.328086E-05    6.328086E-05    6.328086E-05    6.328086E-05    6.328086E-05    6.328086E-05    6.328086E-05    6.328086E-05    6.328086E-05    6.328086E-05    6.328086E-05    6.328086E-05
   6.328086E-05    6.328086E-05    6.328086E-05    6.328086E-05    6.328086E-05    5.304705E-05    6.328086E-05    6.328086E-05    6.328086E-05    6.328086E-05    6.328086E-05    6.328086E-05    6.328086E-05    6.328086E-05    6.328086E-05    6.328086E-05    6.328086E-05    6.328086E-05    6.328086E-05    6.328086E-05
   6.328086E-05    6.328086E-05    6.328086E-05    6.328086E-05    6.328086E-05    6.328086E-05    6.328086E-05    6.328086E-05    6.328086E-05    6.328086E-05    6.328086E-05    6.328086E-05    6.328086E-05    6.328086E-05    6.328086E-05    6.328086E-05    6.328086E-05    6.328086E-05    6.328086E-05    6.328086E-05
   6.328086E-05    6.328086E-05    6.328086E-05    6.328086E-05    6.328086E-05    6.328086E-05    6.328086E-05    6.328086E-05    6.328086E-05    6.328086E-05    6.328086E-05    6.328086E-05    6.328086E-05    6.328086E-05    6.328086E-05    6.328086E-05    6.328086E-05    6.328086E-05    6.328086E-05    6.328086E-05
   6.328086E-05    6.328086E-05    6.328086E-05    6.328086E-05    6.328086E-05    6.328086E-05    6.328086E-05    6.328086E-05    6.328086E-05    6.328086E-05    6.328086E-05    6.328086E-05    6.328086E-05    6.328086E-05    6.328086E-05    6.328086E-05    6.328086E-05    6.328086E-05    6.328086E-05    6.328086E-05
   6.328086E-05    6.328086E-05    6.328086E-05    6.328086E-05    6.328086E-05    6.328086E-05    6.328086E-05    6.328086E-05    6.328086E-05    6.328086E-05    6.328086E-05    6.328086E-05    6.328086E-05    6.328086E-05    6.328086E-05    6.328086E-05    6.328086E-05    6.328086E-05    6.328086E-05    6.328086E-05
   6.328086E-05    6.328086E-05    6.328086E-05    6.328086E-05    6.328086E-05    6.328086E-05    6.328086E-05    6.328086E-05    6.328086E-05    6.328086E-05    6.328086E-05    6.328086E-05    6.328086E-05    6.328086E-05    6.328086E-05    6.328086E-05    6.328086E-05    6.328086E-05    6.328086E-05    6.328086E-05
   6.328086E-05    6.328086E-05    6.328086E-05    6.328086E-05    6.328086E-05    6.328086E-05    6.328086E-05    6.328086E-05    6.328086E-05    6.328086E-05    6.328086E-05    6.328086E-05    6.328086E-05    6.328086E-05    6.328086E-05    6.328086E-05    6.328086E-05    6.328086E-05    6.328086E-05    6.328086E-05
   6.328086E-05    6.328086E-05    6.328086E-05    6.328086E-05    6.328086E-05    6.328086E-05    6.328086E-05    6.328086E-05    6.328086E-05    6.328086E-05    6.328086E-05    6.328086E-05    6.328086E-05    6.328086E-05    6.328086E-05    6.328086E-05    6.328086E-05    6.328086E-05    6.328086E-05    6.328086E-05
   6.328086E-05    6.328086E-05    6.328086E-05    6.328086E-05    6.328086E-05    6.328086E-05    6.328086E-05    6.328086E-05    6.328086E-05    6.328086E-05    6.328086E-05    6.328086E-05    6.328086E-05    6.328086E-05    6.328086E-05    6.328086E-05    6.328086E-05    6.328086E-05    6.328086E-05    6.328086E-05
   6.328086E-05    6.328086E-05    6.328086E-05    6.328086E-05    6.328086E-05    6.328086E-05    6.328086E-05    6.328086E-05    6.328086E-05    6.328086E-05    6.328086E-05    6.328086E-05    6.328086E-05    6.328086E-05    6.328086E-05    6.328086E-05    6.328086E-05    6.328086E-05    6.328086E-05    6.328086E-05
   5.304705E-05    6.328086E-05    6.328086E-05    6.328086E-05    6.328086E-05    6.328086E-05    6.328086E-05    6.328086E-05    6.328086E-05    6.328086E-05    6.328086E-05    6.328086E-05    6.328086E-05    6.328086E-05    6.328086E-05    6.328086E-05    6.328086E-05    6.328086E-05    6.328086E-05    6.328086E-05
   5.304705E-05    5.304705E-05    6.328086E-05    6.328086E-05    6.328086E-05    6.328086E-05    6.328086E-05    6.328086E-05    6.328086E-05    6.328086E-05    6.328086E-05    6.328086E-05    6.328086E-05    6.328086E-05    6.328086E-05    6.328086E-05    6.328086E-05    6.328086E-05    6.328086E-05    6.328086E-05
   5.304705E-05    5.304705E-05    5.304705E-05    6.328086E-05    6.328086E-05    6.328086E-05    6.328086E-05    6.328086E-05    6.328086E-05    6.328086E-05    6.328086E-05    6.328086E-05    6.328086E-05    6.328086E-05    6.328086E-05    6.328086E-05    6.328086E-05    6.328086E-05    6.328086E-05    6.328086E-05
   5.304705E-05    5.304705E-05    5.304705E-05    5.304705E-05    6.328086E-05    6.328086E-05    6.328086E-05    6.328086E-05    6.328086E-05    6.328086E-05    6.328086E-05    6.328086E-05    6.328086E-05    6.328086E-05    6.328086E-05    6.328086E-05    6.328086E-05    6.328086E-05    6.328086E-05    5.304705E-05
   5.304705E-05    5.304705E-05    5.304705E-05    5.304705E-05    6.328086E-05    6.328086E-05    6.328086E-05    6.328086E-05    6.328086E-05    6.328086E-05    6.328086E-05    6.328086E-05    6.328086E-05    6.328086E-05    6.328086E-05    6.328086E-05    6.328086E-05    6.328086E-05    6.328086E-05    5.304705E-05
   5.304705E-05    5.304705E-05    5.304705E-05    5.304705E-05    5.304705E-05    6.328086E-05    6.328086E-05    6.328086E-05    6.328086E-05    6.328086E-05    6.328086E-05    6.328086E-05    6.328086E-05    6.328086E-05    6.328086E-05    6.328086E-05    6.328086E-05    6.328086E-05    5.304705E-05    5.304705E-05
   5.304705E-05    5.304705E-05    5.304705E-05    5.304705E-05    5.304705E-05    6.328086E-05    6.328086E-05    6.328086E-05    6.328086E-05    6.328086E-05    6.328086E-05    6.328086E-05    6.328086E-05    6.328086E-05    6.328086E-05    6.328086E-05    6.328086E-05    5.304705E-05    5.304705E-05    5.304705E-05
   5.304705E-05    5.304705E-05    5.304705E-05    5.304705E-05    5.304705E-05    6.328086E-05    6.328086E-05    6.328086E-05    6.328086E-05    6.328086E-05    6.328086E-05    6.328086E-05    6.328086E-05    6.328086E-05    6.328086E-05    6.328086E-05    5.304705E-05    5.304705E-05    5.304705E-05    5.304705E-05
