   3.621116E+01    3.619145E+01    3.615295E+01    3.609663E+01    3.602376E+01    3.593624E+01    3.583624E+01    3.572627E+01    3.560869E+01    3.548571E+01    3.535813E+01    3.522560E+01    3.508625E+01    3.493739E+01    3.477625E+01    3.460062E+01    3.464051E+01    3.467142E+01    3.469240E+01    3.470295E+01
   3.621751E+01    3.619733E+01    3.615794E+01    3.610036E+01    3.602585E+01    3.593636E+01    3.583430E+01    3.572228E+01    3.560302E+01    3.547882E+01    3.535090E+01    3.521875E+01    3.508021E+01    3.493229E+01    3.477188E+01    3.459607E+01    3.463618E+01    3.466717E+01    3.468816E+01    3.469868E+01
   3.623066E+01    3.620954E+01    3.616844E+01    3.610832E+01    3.603023E+01    3.593658E+01    3.583025E+01    3.571438E+01    3.559183E+01    3.546533E+01    3.533667E+01    3.520512E+01    3.506789E+01    3.492160E+01    3.476257E+01    3.458773E+01    3.462754E+01    3.465850E+01    3.467945E+01    3.468991E+01
   3.625159E+01    3.622925E+01    3.618546E+01    3.612100E+01    3.603724E+01    3.593716E+01    3.582422E+01    3.570237E+01    3.557512E+01    3.544516E+01    3.531546E+01    3.518485E+01    3.504869E+01    3.490429E+01    3.474792E+01    3.457571E+01    3.461469E+01    3.464516E+01    3.466601E+01    3.467652E+01
   3.628153E+01    3.625774E+01    3.621049E+01    3.613993E+01    3.604764E+01    3.593798E+01    3.581549E+01    3.568515E+01    3.555184E+01    3.541833E+01    3.528669E+01    3.515612E+01    3.502206E+01    3.488057E+01    3.472783E+01    3.456000E+01    3.459730E+01    3.462711E+01    3.464798E+01    3.465867E+01
   3.632189E+01    3.629686E+01    3.624605E+01    3.616778E+01    3.606250E+01    3.593910E+01    3.580294E+01    3.565961E+01    3.551823E+01    3.538157E+01    3.524966E+01    3.512001E+01    3.498860E+01    3.485094E+01    3.470246E+01    3.453997E+01    3.457497E+01    3.460425E+01    3.462552E+01    3.463666E+01
   3.637366E+01    3.634874E+01    3.629632E+01    3.621013E+01    3.608285E+01    3.594037E+01    3.578554E+01    3.562118E+01    3.547070E+01    3.533317E+01    3.520336E+01    3.507665E+01    3.494927E+01    3.481628E+01    3.467191E+01    3.451423E+01    3.454623E+01    3.457595E+01    3.459882E+01    3.461107E+01
   3.643651E+01    3.641485E+01    3.636788E+01    3.628203E+01    3.610593E+01    3.594130E+01    3.576589E+01    3.555867E+01    3.540184E+01    3.527051E+01    3.514806E+01    3.502708E+01    3.490526E+01    3.477651E+01    3.463508E+01    3.448062E+01    3.450772E+01    3.454115E+01    3.456843E+01    3.458312E+01
   3.650685E+01    3.649253E+01    3.646555E+01    3.643413E+01    1.000000E+30    1.000000E+30    1.000000E+30    3.543582E+01    3.530004E+01    3.519162E+01    3.508471E+01    3.497343E+01    3.485600E+01    3.472902E+01    3.459091E+01    3.443707E+01    3.445021E+01    3.449889E+01    3.453623E+01    3.455511E+01
   3.657641E+01    3.656825E+01    3.655426E+01    3.654164E+01    1.000000E+30    1.000000E+30    1.000000E+30    1.000000E+30    3.516040E+01    3.510110E+01    3.501642E+01    3.491546E+01    3.480087E+01    3.467460E+01    3.454265E+01    3.438643E+01    3.434262E+01    3.445399E+01    3.450768E+01    3.453095E+01
   3.663790E+01    3.663390E+01    3.662733E+01    3.662144E+01    1.000000E+30    1.000000E+30    1.000000E+30    1.000000E+30    3.506430E+01    3.502300E+01    3.495222E+01    3.485794E+01    3.474161E+01    3.460751E+01    3.449924E+01    3.437176E+01    3.439686E+01    3.445311E+01    3.449438E+01    3.451479E+01
   3.668648E+01    3.668460E+01    3.668152E+01    3.667853E+01    1.000000E+30    1.000000E+30    1.000000E+30    1.000000E+30    3.499367E+01    3.496015E+01    3.489773E+01    3.480786E+01    3.468347E+01    3.449534E+01    3.445707E+01    3.435789E+01    3.440693E+01    3.445279E+01    3.448651E+01    3.450367E+01
   3.671961E+01    3.671857E+01    3.671683E+01    3.671534E+01    1.000000E+30    1.000000E+30    1.000000E+30    1.000000E+30    3.494072E+01    3.491153E+01    3.485617E+01    3.477646E+01    3.467238E+01    3.455069E+01    3.445952E+01    3.435327E+01    3.440644E+01    3.444932E+01    3.447933E+01    3.449435E+01
   3.673659E+01    3.673596E+01    3.673491E+01    3.673407E+01    1.000000E+30    1.000000E+30    1.000000E+30    1.000000E+30    3.490099E+01    3.487451E+01    3.482438E+01    3.475317E+01    3.466385E+01    3.456274E+01    3.446178E+01    3.435074E+01    3.440279E+01    3.444327E+01    3.447099E+01    3.448487E+01
   3.673709E+01    3.673680E+01    3.673622E+01    3.673563E+01    1.000000E+30    1.000000E+30    1.000000E+30    1.000000E+30    3.487199E+01    3.484708E+01    3.480011E+01    3.473435E+01    3.465321E+01    3.456017E+01    3.445890E+01    3.434711E+01    3.439691E+01    3.443532E+01    3.446146E+01    3.447461E+01
   3.672048E+01    3.672047E+01    3.672020E+01    3.671971E+01    1.000000E+30    1.000000E+30    1.000000E+30    1.000000E+30    3.485223E+01    3.482785E+01    3.478213E+01    3.471870E+01    3.464105E+01    3.455155E+01    3.445173E+01    3.434150E+01    3.438899E+01    3.442573E+01    3.445080E+01    3.446348E+01
   3.668618E+01    3.668621E+01    3.668613E+01    3.668555E+01    1.000000E+30    1.000000E+30    1.000000E+30    1.000000E+30    3.484109E+01    3.481616E+01    3.476972E+01    3.470591E+01    3.462862E+01    3.454003E+01    3.444109E+01    3.433302E+01    3.437899E+01    3.441469E+01    3.443914E+01    3.445160E+01
   3.663404E+01    3.663361E+01    3.663293E+01    3.663222E+01    1.000000E+30    1.000000E+30    1.000000E+30    1.000000E+30    3.483902E+01    3.481237E+01    3.476323E+01    3.469628E+01    3.461642E+01    3.452596E+01    3.442618E+01    3.432093E+01    3.436680E+01    3.440240E+01    3.442679E+01    3.443931E+01
   3.656496E+01    3.656350E+01    3.656129E+01    3.656009E+01    1.000000E+30    1.000000E+30    1.000000E+30    1.000000E+30    3.484765E+01    3.481762E+01    3.476352E+01    3.469100E+01    3.460464E+01    3.450743E+01    3.440364E+01    3.430378E+01    3.435207E+01    3.438933E+01    3.441437E+01    3.442708E+01
   3.648123E+01    3.647795E+01    3.647330E+01    3.647004E+01    1.000000E+30    1.000000E+30    1.000000E+30    1.000000E+30    3.487043E+01    3.483355E+01    3.477106E+01    3.468992E+01    3.459363E+01    3.448366E+01    3.436515E+01    3.428007E+01    3.433565E+01    3.437612E+01    3.440235E+01    3.441539E+01
   3.638564E+01    3.637933E+01    3.636936E+01    3.636086E+01    1.000000E+30    1.000000E+30    1.000000E+30    1.000000E+30    3.491466E+01    3.486196E+01    3.478594E+01    3.469405E+01    3.458676E+01    3.445808E+01    3.428127E+01    3.425295E+01    3.432107E+01    3.436461E+01    3.439156E+01    3.440472E+01
   3.628195E+01    3.627082E+01    3.625060E+01    3.622827E+01    1.000000E+30    1.000000E+30    3.519435E+01    3.512272E+01    3.499770E+01    3.490122E+01    3.480541E+01    3.470355E+01    3.459291E+01    3.447270E+01    3.434813E+01    3.426076E+01    3.431714E+01    3.435707E+01    3.438268E+01    3.439537E+01
   3.617533E+01    3.615810E+01    3.612215E+01    3.605888E+01    3.593780E+01    1.000000E+30    3.524638E+01    3.516000E+01    3.504207E+01    3.492918E+01    3.482002E+01    3.471142E+01    3.459963E+01    3.448439E+01    3.437044E+01    3.426597E+01    3.431522E+01    3.435131E+01    3.437504E+01    3.438701E+01
   3.607215E+01    3.605093E+01    3.600611E+01    3.592754E+01    3.579596E+01    3.557997E+01    3.536143E+01    3.521003E+01    3.507177E+01    3.494327E+01    3.482336E+01    3.471079E+01    3.459982E+01    3.448816E+01    3.437643E+01    3.426574E+01    3.431180E+01    3.434558E+01    3.436779E+01    3.437899E+01
   3.597611E+01    3.595325E+01    3.590584E+01    3.582789E+01    3.571120E+01    3.555293E+01    3.538233E+01    3.522605E+01    3.507821E+01    3.493796E+01    3.480837E+01    3.469805E+01    3.459180E+01    3.448418E+01    3.437422E+01    3.426177E+01    3.430633E+01    3.433881E+01    3.436004E+01    3.437067E+01
   3.588884E+01    3.586584E+01    3.581916E+01    3.574602E+01    3.564316E+01    3.551222E+01    3.536534E+01    3.521472E+01    3.506289E+01    3.491070E+01    3.476309E+01    3.467096E+01    3.457661E+01    3.447487E+01    3.436735E+01    3.425509E+01    3.429901E+01    3.433069E+01    3.435131E+01    3.436159E+01
   3.581053E+01    3.578778E+01    3.574244E+01    3.567374E+01    3.557935E+01    3.546175E+01    3.532785E+01    3.518551E+01    3.503450E+01    3.486853E+01    3.465131E+01    3.463499E+01    3.455956E+01    3.446366E+01    3.435823E+01    3.424674E+01    3.429020E+01    3.432124E+01    3.434145E+01    3.435153E+01
   3.574078E+01    3.571817E+01    3.567390E+01    3.560684E+01    3.551512E+01    3.540119E+01    3.527232E+01    3.514388E+01    3.500950E+01    3.487065E+01    3.473137E+01    3.464426E+01    3.455320E+01    3.445399E+01    3.434834E+01    3.423742E+01    3.428016E+01    3.431060E+01    3.433042E+01    3.434037E+01
   3.567931E+01    3.565634E+01    3.561163E+01    3.554334E+01    3.544959E+01    3.532902E+01    3.518750E+01    3.508875E+01    3.498095E+01    3.486447E+01    3.474824E+01    3.464599E+01    3.454577E+01    3.444325E+01    3.433714E+01    3.422706E+01    3.426874E+01    3.429875E+01    3.431828E+01    3.432809E+01
   3.562614E+01    3.560146E+01    3.555466E+01    3.548478E+01    3.538807E+01    3.525283E+01    3.503873E+01    3.502756E+01    3.494907E+01    3.484774E+01    3.474057E+01    3.463582E+01    3.453241E+01    3.442875E+01    3.432342E+01    3.421520E+01    3.425581E+01    3.428546E+01    3.430491E+01    3.431469E+01
   3.558285E+01    3.555334E+01    3.550321E+01    3.543362E+01    3.534293E+01    3.522974E+01    3.510072E+01    3.501747E+01    3.492627E+01    3.482549E+01    3.472041E+01    3.461530E+01    3.451164E+01    3.440925E+01    3.430628E+01    3.420098E+01    3.424115E+01    3.427073E+01    3.429036E+01    3.430030E+01
   3.555413E+01    3.551047E+01    3.545465E+01    3.538481E+01    3.529971E+01    3.520111E+01    3.509551E+01    3.499832E+01    3.489938E+01    3.479637E+01    3.469087E+01    3.458530E+01    3.448212E+01    3.438322E+01    3.428481E+01    3.418410E+01    3.422463E+01    3.425459E+01    3.427477E+01    3.428520E+01
   1.000000E+30    3.546476E+01    3.540417E+01    3.533293E+01    3.525041E+01    3.515947E+01    3.506297E+01    3.496481E+01    3.486371E+01    3.475945E+01    3.465266E+01    3.454505E+01    3.444104E+01    3.434920E+01    3.425843E+01    3.416437E+01    3.420625E+01    3.423724E+01    3.425842E+01    3.426989E+01
   1.000000E+30    1.000000E+30    3.534740E+01    3.527299E+01    3.518995E+01    3.510378E+01    3.501318E+01    3.491837E+01    3.481910E+01    3.471531E+01    3.460705E+01    3.449377E+01    3.437971E+01    3.430546E+01    3.422765E+01    3.414208E+01    3.418600E+01    3.421864E+01    3.424149E+01    3.425548E+01
   1.000000E+30    1.000000E+30    1.000000E+30    3.520199E+01    3.511218E+01    3.503227E+01    3.494913E+01    3.486053E+01    3.476598E+01    3.466558E+01    3.455795E+01    3.443490E+01    3.426868E+01    3.425589E+01    3.419621E+01    3.411873E+01    3.416439E+01    3.419822E+01    3.422286E+01    3.424447E+01
   1.000000E+30    1.000000E+30    1.000000E+30    1.000000E+30    3.500332E+01    3.494350E+01    3.487109E+01    3.479133E+01    3.470471E+01    3.461245E+01    3.451508E+01    3.441171E+01    3.430678E+01    3.424198E+01    3.417336E+01    3.409662E+01    3.414193E+01    3.417539E+01    3.419648E+01    1.000000E+30
   1.000000E+30    1.000000E+30    1.000000E+30    1.000000E+30    3.493458E+01    3.484609E+01    3.477953E+01    3.471057E+01    3.463420E+01    3.455278E+01    3.446789E+01    3.438072E+01    3.429564E+01    3.422217E+01    3.414967E+01    3.407370E+01    3.411856E+01    3.415354E+01    3.418037E+01    1.000000E+30
   1.000000E+30    1.000000E+30    1.000000E+30    1.000000E+30    1.000000E+30    3.470386E+01    3.466843E+01    3.461599E+01    3.455292E+01    3.448416E+01    3.441159E+01    3.433709E+01    3.426306E+01    3.419192E+01    3.412097E+01    3.404773E+01    3.409230E+01    3.412855E+01    1.000000E+30    1.000000E+30
   1.000000E+30    1.000000E+30    1.000000E+30    1.000000E+30    1.000000E+30    3.457719E+01    3.455356E+01    3.451334E+01    3.446332E+01    3.440652E+01    3.434543E+01    3.428196E+01    3.421732E+01    3.415227E+01    3.408595E+01    3.401693E+01    3.406086E+01    1.000000E+30    1.000000E+30    1.000000E+30
   1.000000E+30    1.000000E+30    1.000000E+30    1.000000E+30    1.000000E+30    3.445634E+01    3.443817E+01    3.440660E+01    3.436624E+01    3.432012E+01    3.427004E+01    3.421692E+01    3.416127E+01    3.410364E+01    3.404405E+01    3.398040E+01    1.000000E+30    1.000000E+30    1.000000E+30    1.000000E+30
