   3.470382E+01    3.469616E+01    3.468126E+01    3.465958E+01    3.463172E+01    3.459852E+01    3.456104E+01    3.452050E+01    3.447810E+01    3.443499E+01    3.439180E+01    3.434872E+01    3.430537E+01    3.426109E+01    3.421512E+01    3.416692E+01    3.417036E+01    3.417287E+01    3.417445E+01    3.417519E+01
   3.470462E+01    3.469681E+01    3.468161E+01    3.465950E+01    3.463104E+01    3.459708E+01    3.455876E+01    3.451732E+01    3.447413E+01    3.443038E+01    3.438686E+01    3.434373E+01    3.430046E+01    3.425630E+01    3.421030E+01    3.416149E+01    3.416550E+01    3.416819E+01    3.416980E+01    3.417054E+01
   3.470630E+01    3.469819E+01    3.468246E+01    3.465952E+01    3.462979E+01    3.459425E+01    3.455418E+01    3.451104E+01    3.446630E+01    3.442133E+01    3.437713E+01    3.433386E+01    3.429071E+01    3.424676E+01    3.420088E+01    3.415194E+01    3.415609E+01    3.415881E+01    3.416043E+01    3.416119E+01
   3.470902E+01    3.470058E+01    3.468406E+01    3.465973E+01    3.462806E+01    3.459015E+01    3.454740E+01    3.450162E+01    3.445460E+01    3.440782E+01    3.436270E+01    3.431922E+01    3.427598E+01    3.423227E+01    3.418695E+01    3.413865E+01    3.414229E+01    3.414477E+01    3.414642E+01    3.414723E+01
   3.471291E+01    3.470412E+01    3.468665E+01    3.466053E+01    3.462618E+01    3.458487E+01    3.453828E+01    3.448868E+01    3.443859E+01    3.438972E+01    3.434323E+01    3.429909E+01    3.425602E+01    3.421290E+01    3.416856E+01    3.412166E+01    3.412416E+01    3.412626E+01    3.412795E+01    3.412890E+01
   3.471799E+01    3.470901E+01    3.469078E+01    3.466271E+01    3.462471E+01    3.457882E+01    3.452678E+01    3.447123E+01    3.441685E+01    3.436568E+01    3.431824E+01    3.427374E+01    3.423099E+01    3.418880E+01    3.414574E+01    3.410077E+01    3.410149E+01    3.410317E+01    3.410519E+01    3.410651E+01
   3.472405E+01    3.471540E+01    3.469728E+01    3.466783E+01    3.462458E+01    3.457280E+01    3.451327E+01    3.444781E+01    3.438806E+01    3.433517E+01    3.428751E+01    3.424331E+01    3.420130E+01    3.416030E+01    3.411842E+01    3.407521E+01    3.407306E+01    3.407499E+01    3.407836E+01    3.408064E+01
   3.473029E+01    3.472299E+01    3.470734E+01    3.467976E+01    3.462635E+01    3.456840E+01    3.450041E+01    3.441440E+01    3.434908E+01    3.429693E+01    3.425108E+01    3.420828E+01    3.416761E+01    3.412731E+01    3.408596E+01    3.404347E+01    3.403587E+01    3.404077E+01    3.404803E+01    3.405251E+01
   3.473478E+01    3.473001E+01    3.472102E+01    3.471064E+01    1.000000E+30    1.000000E+30    1.000000E+30    3.435668E+01    3.429433E+01    3.424974E+01    3.420906E+01    3.416907E+01    3.412903E+01    3.408831E+01    3.404776E+01    3.400372E+01    3.398126E+01    3.399969E+01    3.401607E+01    3.402436E+01
   3.473431E+01    3.473160E+01    3.472692E+01    3.472249E+01    1.000000E+30    1.000000E+30    1.000000E+30    1.000000E+30    3.421849E+01    3.419507E+01    3.416291E+01    3.412563E+01    3.408454E+01    3.404231E+01    3.400596E+01    3.395843E+01    3.387995E+01    3.395641E+01    3.398775E+01    3.400001E+01
   3.472626E+01    3.472478E+01    3.472233E+01    3.472020E+01    1.000000E+30    1.000000E+30    1.000000E+30    1.000000E+30    3.416057E+01    3.414464E+01    3.411749E+01    3.408095E+01    3.403491E+01    3.398344E+01    3.396840E+01    3.394734E+01    3.393193E+01    3.395519E+01    3.397413E+01    3.398346E+01
   3.470897E+01    3.470805E+01    3.470660E+01    3.470561E+01    1.000000E+30    1.000000E+30    1.000000E+30    1.000000E+30    3.411334E+01    3.410072E+01    3.407682E+01    3.404064E+01    3.398458E+01    3.388061E+01    3.393105E+01    3.393631E+01    3.394198E+01    3.395440E+01    3.396568E+01    3.397181E+01
   3.468183E+01    3.468127E+01    3.468048E+01    3.467993E+01    1.000000E+30    1.000000E+30    1.000000E+30    1.000000E+30    3.407370E+01    3.406347E+01    3.404392E+01    3.401526E+01    3.397715E+01    3.393528E+01    3.393445E+01    3.393195E+01    3.394098E+01    3.395013E+01    3.395770E+01    3.396182E+01
   3.464445E+01    3.464427E+01    3.464397E+01    3.464357E+01    1.000000E+30    1.000000E+30    1.000000E+30    1.000000E+30    3.403938E+01    3.403122E+01    3.401593E+01    3.399467E+01    3.396962E+01    3.394618E+01    3.393510E+01    3.392670E+01    3.393523E+01    3.394268E+01    3.394842E+01    3.395151E+01
   3.459622E+01    3.459638E+01    3.459638E+01    3.459609E+01    1.000000E+30    1.000000E+30    1.000000E+30    1.000000E+30    3.400851E+01    3.400208E+01    3.399022E+01    3.397442E+01    3.395685E+01    3.394052E+01    3.392843E+01    3.391801E+01    3.392589E+01    3.393251E+01    3.393741E+01    3.394002E+01
   3.453661E+01    3.453698E+01    3.453719E+01    3.453697E+01    1.000000E+30    1.000000E+30    1.000000E+30    1.000000E+30    3.397943E+01    3.397431E+01    3.396495E+01    3.395272E+01    3.393929E+01    3.392656E+01    3.391565E+01    3.390567E+01    3.391340E+01    3.391985E+01    3.392457E+01    3.392708E+01
   3.446539E+01    3.446562E+01    3.446595E+01    3.446556E+01    1.000000E+30    1.000000E+30    1.000000E+30    1.000000E+30    3.395064E+01    3.394649E+01    3.393889E+01    3.392887E+01    3.391773E+01    3.390707E+01    3.389778E+01    3.388981E+01    3.389804E+01    3.390495E+01    3.391005E+01    3.391276E+01
   3.438304E+01    3.438259E+01    3.438198E+01    3.438148E+01    1.000000E+30    1.000000E+30    1.000000E+30    1.000000E+30    3.392085E+01    3.391757E+01    3.391135E+01    3.390274E+01    3.389271E+01    3.388263E+01    3.387451E+01    3.387024E+01    3.388003E+01    3.388831E+01    3.389426E+01    3.389740E+01
   3.429137E+01    3.428975E+01    3.428738E+01    3.428634E+01    1.000000E+30    1.000000E+30    1.000000E+30    1.000000E+30    3.388884E+01    3.388661E+01    3.388177E+01    3.387411E+01    3.386391E+01    3.385218E+01    3.384330E+01    3.384607E+01    3.385949E+01    3.387042E+01    3.387779E+01    3.388154E+01
   3.419346E+01    3.418995E+01    3.418509E+01    3.418183E+01    1.000000E+30    1.000000E+30    1.000000E+30    1.000000E+30    3.385309E+01    3.385276E+01    3.384992E+01    3.384323E+01    3.383158E+01    3.381429E+01    3.379606E+01    3.381606E+01    3.383722E+01    3.385209E+01    3.386134E+01    3.386582E+01
   3.409250E+01    3.408594E+01    3.407569E+01    3.406712E+01    1.000000E+30    1.000000E+30    1.000000E+30    1.000000E+30    3.381105E+01    3.381529E+01    3.381634E+01    3.381216E+01    3.380010E+01    3.377283E+01    3.370521E+01    3.378299E+01    3.381674E+01    3.383537E+01    3.384600E+01    3.385098E+01
   3.399261E+01    3.398113E+01    3.396057E+01    3.393848E+01    1.000000E+30    1.000000E+30    3.369482E+01    3.371629E+01    3.375699E+01    3.377434E+01    3.378212E+01    3.378386E+01    3.377976E+01    3.376920E+01    3.375714E+01    3.378320E+01    3.380655E+01    3.382263E+01    3.383265E+01    3.383750E+01
   3.389935E+01    3.388142E+01    3.384474E+01    3.378369E+01    3.367586E+01    1.000000E+30    3.366775E+01    3.368958E+01    3.371711E+01    3.373578E+01    3.374791E+01    3.375626E+01    3.376125E+01    3.376360E+01    3.376731E+01    3.378105E+01    3.379862E+01    3.381198E+01    3.382080E+01    3.382523E+01
   3.381974E+01    3.379700E+01    3.374883E+01    3.366827E+01    3.356198E+01    3.356030E+01    3.361444E+01    3.365081E+01    3.367807E+01    3.369687E+01    3.371146E+01    3.372666E+01    3.374045E+01    3.375203E+01    3.376259E+01    3.377405E+01    3.378978E+01    3.380175E+01    3.380969E+01    3.381371E+01
   3.375865E+01    3.373400E+01    3.367875E+01    3.357143E+01    3.334052E+01    3.350248E+01    3.357672E+01    3.361746E+01    3.364178E+01    3.365616E+01    3.366873E+01    3.369289E+01    3.371685E+01    3.373641E+01    3.375179E+01    3.376392E+01    3.377963E+01    3.379117E+01    3.379873E+01    3.380253E+01
   3.371806E+01    3.369734E+01    3.365448E+01    3.358747E+01    3.350921E+01    3.353648E+01    3.357058E+01    3.359635E+01    3.361058E+01    3.361248E+01    3.360930E+01    3.365380E+01    3.369195E+01    3.371951E+01    3.373895E+01    3.375244E+01    3.376866E+01    3.378023E+01    3.378773E+01    3.379145E+01
   3.369397E+01    3.367836E+01    3.364837E+01    3.360745E+01    3.356832E+01    3.356195E+01    3.356980E+01    3.358232E+01    3.358721E+01    3.357039E+01    3.349762E+01    3.361485E+01    3.367141E+01    3.370483E+01    3.372656E+01    3.374082E+01    3.375747E+01    3.376913E+01    3.377667E+01    3.378041E+01
   3.368099E+01    3.366934E+01    3.364770E+01    3.361896E+01    3.358943E+01    3.356955E+01    3.356068E+01    3.357125E+01    3.358202E+01    3.358396E+01    3.358188E+01    3.362747E+01    3.366696E+01    3.369581E+01    3.371609E+01    3.372974E+01    3.374642E+01    3.375810E+01    3.376563E+01    3.376940E+01
   3.367496E+01    3.366596E+01    3.364887E+01    3.362477E+01    3.359508E+01    3.356140E+01    3.352872E+01    3.355575E+01    3.358109E+01    3.359775E+01    3.361275E+01    3.363963E+01    3.366678E+01    3.368947E+01    3.370685E+01    3.371906E+01    3.373550E+01    3.374720E+01    3.375473E+01    3.375850E+01
   3.367306E+01    3.366588E+01    3.365175E+01    3.363018E+01    3.359864E+01    3.354693E+01    3.343565E+01    3.353894E+01    3.358355E+01    3.360782E+01    3.362602E+01    3.364560E+01    3.366522E+01    3.368300E+01    3.369766E+01    3.370845E+01    3.372462E+01    3.373633E+01    3.374396E+01    3.374780E+01
   3.367337E+01    3.366776E+01    3.365672E+01    3.363975E+01    3.361590E+01    3.358440E+01    3.355180E+01    3.357631E+01    3.360045E+01    3.361823E+01    3.363238E+01    3.364606E+01    3.366015E+01    3.367449E+01    3.368745E+01    3.369748E+01    3.371368E+01    3.372556E+01    3.373343E+01    3.373741E+01
   3.367425E+01    3.367004E+01    3.366231E+01    3.365053E+01    3.363485E+01    3.361709E+01    3.360366E+01    3.360838E+01    3.361808E+01    3.362688E+01    3.363409E+01    3.364112E+01    3.365005E+01    3.366261E+01    3.367549E+01    3.368588E+01    3.370266E+01    3.371499E+01    3.372326E+01    3.372752E+01
   1.000000E+30    3.367089E+01    3.366675E+01    3.365978E+01    3.365026E+01    3.363986E+01    3.363198E+01    3.363033E+01    3.363144E+01    3.363218E+01    3.363141E+01    3.363002E+01    3.363206E+01    3.364601E+01    3.366146E+01    3.367369E+01    3.369169E+01    3.370480E+01    3.371364E+01    3.371839E+01
   1.000000E+30    1.000000E+30    3.366905E+01    3.366630E+01    3.366126E+01    3.365490E+01    3.364893E+01    3.364453E+01    3.364039E+01    3.363461E+01    3.362543E+01    3.361187E+01    3.359830E+01    3.362362E+01    3.364613E+01    3.366149E+01    3.368104E+01    3.369509E+01    3.370472E+01    3.371055E+01
   1.000000E+30    1.000000E+30    1.000000E+30    3.366996E+01    3.366837E+01    3.366433E+01    3.365921E+01    3.365351E+01    3.364647E+01    3.363650E+01    3.362057E+01    3.359085E+01    3.352148E+01    3.359934E+01    3.363327E+01    3.365089E+01    3.367134E+01    3.368581E+01    3.369607E+01    3.370505E+01
   1.000000E+30    1.000000E+30    1.000000E+30    1.000000E+30    3.367257E+01    3.366943E+01    3.366478E+01    3.365877E+01    3.365097E+01    3.364065E+01    3.362682E+01    3.360871E+01    3.359082E+01    3.361261E+01    3.363172E+01    3.364388E+01    3.366307E+01    3.367672E+01    3.368511E+01    1.000000E+30
   1.000000E+30    1.000000E+30    1.000000E+30    1.000000E+30    3.367435E+01    3.367032E+01    3.366611E+01    3.366053E+01    3.365325E+01    3.364433E+01    3.363409E+01    3.362372E+01    3.361740E+01    3.362385E+01    3.363240E+01    3.363834E+01    3.365576E+01    3.366896E+01    3.367887E+01    1.000000E+30
   1.000000E+30    1.000000E+30    1.000000E+30    1.000000E+30    1.000000E+30    3.366529E+01    3.366267E+01    3.365814E+01    3.365203E+01    3.364492E+01    3.363750E+01    3.363096E+01    3.362733E+01    3.362849E+01    3.363107E+01    3.363220E+01    3.364802E+01    3.366052E+01    1.000000E+30    1.000000E+30
   1.000000E+30    1.000000E+30    1.000000E+30    1.000000E+30    1.000000E+30    3.365656E+01    3.365461E+01    3.365102E+01    3.364628E+01    3.364085E+01    3.363543E+01    3.363087E+01    3.362801E+01    3.362709E+01    3.362655E+01    3.362443E+01    3.363863E+01    1.000000E+30    1.000000E+30    1.000000E+30
   1.000000E+30    1.000000E+30    1.000000E+30    1.000000E+30    1.000000E+30    3.364334E+01    3.364177E+01    3.363896E+01    3.363533E+01    3.363133E+01    3.362745E+01    3.362419E+01    3.362191E+01    3.362047E+01    3.361875E+01    3.361502E+01    1.000000E+30    1.000000E+30    1.000000E+30    1.000000E+30
