   3.616526E+01    3.614664E+01    3.611025E+01    3.605704E+01    3.598819E+01    3.590547E+01    3.581092E+01    3.570685E+01    3.559544E+01    3.547867E+01    3.535716E+01    3.523037E+01    3.509628E+01    3.495192E+01    3.479410E+01    3.461995E+01    3.466623E+01    3.470141E+01    3.472500E+01    3.473678E+01
   3.617125E+01    3.615217E+01    3.611494E+01    3.606054E+01    3.599013E+01    3.590554E+01    3.580904E+01    3.570303E+01    3.559002E+01    3.547208E+01    3.535025E+01    3.522383E+01    3.509050E+01    3.494704E+01    3.478989E+01    3.461550E+01    3.466205E+01    3.469736E+01    3.472097E+01    3.473272E+01
   3.618367E+01    3.616370E+01    3.612485E+01    3.606803E+01    3.599423E+01    3.590571E+01    3.580515E+01    3.569549E+01    3.557936E+01    3.545924E+01    3.533670E+01    3.521085E+01    3.507877E+01    3.493687E+01    3.478102E+01    3.460746E+01    3.465379E+01    3.468913E+01    3.471271E+01    3.472439E+01
   3.620344E+01    3.618232E+01    3.614092E+01    3.607999E+01    3.600081E+01    3.590620E+01    3.579938E+01    3.568406E+01    3.556347E+01    3.544008E+01    3.531656E+01    3.519163E+01    3.506058E+01    3.492047E+01    3.476716E+01    3.459607E+01    3.464166E+01    3.467654E+01    3.470001E+01    3.471172E+01
   3.623174E+01    3.620923E+01    3.616455E+01    3.609785E+01    3.601059E+01    3.590690E+01    3.579104E+01    3.566768E+01    3.554137E+01    3.541464E+01    3.528930E+01    3.516444E+01    3.503544E+01    3.489815E+01    3.474832E+01    3.458144E+01    3.462546E+01    3.465968E+01    3.468313E+01    3.469498E+01
   3.626989E+01    3.624621E+01    3.619815E+01    3.612414E+01    3.602459E+01    3.590789E+01    3.577909E+01    3.564344E+01    3.550950E+01    3.537983E+01    3.525431E+01    3.513041E+01    3.500403E+01    3.487049E+01    3.472482E+01    3.456312E+01    3.460508E+01    3.463873E+01    3.466238E+01    3.467455E+01
   3.631881E+01    3.629523E+01    3.624565E+01    3.616413E+01    3.604377E+01    3.590902E+01    3.576256E+01    3.560701E+01    3.546450E+01    3.533407E+01    3.521067E+01    3.508973E+01    3.496739E+01    3.483852E+01    3.469698E+01    3.454004E+01    3.457961E+01    3.461341E+01    3.463814E+01    3.465108E+01
   3.637820E+01    3.635770E+01    3.631326E+01    3.623206E+01    3.606555E+01    3.590985E+01    3.574392E+01    3.554782E+01    3.539935E+01    3.527491E+01    3.515868E+01    3.504347E+01    3.492678E+01    3.480236E+01    3.466401E+01    3.451066E+01    3.454695E+01    3.458327E+01    3.461105E+01    3.462570E+01
   3.644463E+01    3.643108E+01    3.640554E+01    3.637582E+01    1.000000E+30    1.000000E+30    1.000000E+30    3.543158E+01    3.530304E+01    3.520046E+01    3.509927E+01    3.499376E+01    3.488190E+01    3.475984E+01    3.462515E+01    3.447373E+01    3.450130E+01    3.454801E+01    3.458272E+01    3.460028E+01
   3.651026E+01    3.650254E+01    3.648930E+01    3.647735E+01    1.000000E+30    1.000000E+30    1.000000E+30    1.000000E+30    3.517087E+01    3.511498E+01    3.503530E+01    3.494038E+01    3.483249E+01    3.471239E+01    3.458322E+01    3.443167E+01    3.442323E+01    3.451133E+01    3.455715E+01    3.457775E+01
   3.656816E+01    3.656437E+01    3.655815E+01    3.655257E+01    1.000000E+30    1.000000E+30    1.000000E+30    1.000000E+30    3.507972E+01    3.504107E+01    3.497507E+01    3.488768E+01    3.478063E+01    3.465689E+01    3.454479E+01    3.441363E+01    3.445134E+01    3.450433E+01    3.454228E+01    3.456109E+01
   3.661371E+01    3.661192E+01    3.660901E+01    3.660617E+01    1.000000E+30    1.000000E+30    1.000000E+30    1.000000E+30    3.501237E+01    3.498117E+01    3.492339E+01    3.484123E+01    3.473062E+01    3.457314E+01    3.450819E+01    3.439702E+01    3.445167E+01    3.449849E+01    3.453165E+01    3.454831E+01
   3.664449E+01    3.664350E+01    3.664185E+01    3.664043E+01    1.000000E+30    1.000000E+30    1.000000E+30    1.000000E+30    3.496135E+01    3.493412E+01    3.488262E+01    3.480884E+01    3.471305E+01    3.460027E+01    3.450237E+01    3.438791E+01    3.444590E+01    3.449107E+01    3.452187E+01    3.453709E+01
   3.665981E+01    3.665921E+01    3.665822E+01    3.665742E+01    1.000000E+30    1.000000E+30    1.000000E+30    1.000000E+30    3.492258E+01    3.489769E+01    3.485055E+01    3.478349E+01    3.469885E+01    3.460112E+01    3.449802E+01    3.438168E+01    3.443889E+01    3.448229E+01    3.451148E+01    3.452594E+01
   3.665934E+01    3.665907E+01    3.665852E+01    3.665796E+01    1.000000E+30    1.000000E+30    1.000000E+30    1.000000E+30    3.489386E+01    3.487027E+01    3.482567E+01    3.476294E+01    3.468479E+01    3.459354E+01    3.449131E+01    3.437575E+01    3.443094E+01    3.447258E+01    3.450049E+01    3.451440E+01
   3.664245E+01    3.664245E+01    3.664221E+01    3.664174E+01    1.000000E+30    1.000000E+30    1.000000E+30    1.000000E+30    3.487393E+01    3.485072E+01    3.480707E+01    3.474616E+01    3.467085E+01    3.458271E+01    3.448232E+01    3.436905E+01    3.442193E+01    3.446199E+01    3.448892E+01    3.450242E+01
   3.660861E+01    3.660864E+01    3.660858E+01    3.660803E+01    1.000000E+30    1.000000E+30    1.000000E+30    1.000000E+30    3.486224E+01    3.483848E+01    3.479409E+01    3.473277E+01    3.465780E+01    3.457065E+01    3.447141E+01    3.436049E+01    3.441169E+01    3.445056E+01    3.447680E+01    3.449006E+01
   3.655766E+01    3.655725E+01    3.655661E+01    3.655593E+01    1.000000E+30    1.000000E+30    1.000000E+30    1.000000E+30    3.485919E+01    3.483387E+01    3.478705E+01    3.472295E+01    3.464590E+01    3.455746E+01    3.445780E+01    3.434935E+01    3.440001E+01    3.443841E+01    3.446436E+01    3.447758E+01
   3.649050E+01    3.648912E+01    3.648701E+01    3.648588E+01    1.000000E+30    1.000000E+30    1.000000E+30    1.000000E+30    3.486630E+01    3.483790E+01    3.478664E+01    3.471774E+01    3.463527E+01    3.454153E+01    3.443902E+01    3.433449E+01    3.438654E+01    3.442587E+01    3.445208E+01    3.446532E+01
   3.640939E+01    3.640626E+01    3.640183E+01    3.639875E+01    1.000000E+30    1.000000E+30    1.000000E+30    1.000000E+30    3.488671E+01    3.485203E+01    3.479318E+01    3.471672E+01    3.462606E+01    3.452264E+01    3.440985E+01    3.431500E+01    3.437194E+01    3.441334E+01    3.444023E+01    3.445360E+01
   3.631701E+01    3.631101E+01    3.630152E+01    3.629344E+01    1.000000E+30    1.000000E+30    1.000000E+30    1.000000E+30    3.492723E+01    3.487786E+01    3.480653E+01    3.472037E+01    3.462044E+01    3.450327E+01    3.435162E+01    3.429339E+01    3.435870E+01    3.440206E+01    3.442934E+01    3.444274E+01
   3.621702E+01    3.620644E+01    3.618721E+01    3.616598E+01    1.000000E+30    1.000000E+30    3.518730E+01    3.512052E+01    3.500411E+01    3.491397E+01    3.482410E+01    3.472825E+01    3.462405E+01    3.451091E+01    3.439229E+01    3.429504E+01    3.435278E+01    3.439361E+01    3.441987E+01    3.443289E+01
   3.611437E+01    3.609801E+01    3.606387E+01    3.600373E+01    3.588837E+01    1.000000E+30    3.523615E+01    3.515547E+01    3.504548E+01    3.494002E+01    3.483751E+01    3.473467E+01    3.462796E+01    3.451684E+01    3.440443E+01    3.429537E+01    3.434839E+01    3.438650E+01    3.441134E+01    3.442383E+01
   3.601516E+01    3.599507E+01    3.595264E+01    3.587825E+01    3.575371E+01    3.554983E+01    3.534438E+01    3.520272E+01    3.507385E+01    3.495410E+01    3.484156E+01    3.473408E+01    3.462674E+01    3.451738E+01    3.440588E+01    3.429221E+01    3.434298E+01    3.437946E+01    3.440316E+01    3.441503E+01
   3.592294E+01    3.590137E+01    3.585664E+01    3.578312E+01    3.567316E+01    3.552429E+01    3.536434E+01    3.521850E+01    3.508134E+01    3.495172E+01    3.483105E+01    3.472394E+01    3.461911E+01    3.451216E+01    3.440163E+01    3.428660E+01    3.433612E+01    3.437161E+01    3.439453E+01    3.440594E+01
   3.583926E+01    3.581766E+01    3.577382E+01    3.570519E+01    3.560879E+01    3.548627E+01    3.534916E+01    3.520917E+01    3.506941E+01    3.493133E+01    3.479822E+01    3.470283E+01    3.460584E+01    3.450278E+01    3.439386E+01    3.427897E+01    3.432783E+01    3.436262E+01    3.438505E+01    3.439618E+01
   3.576431E+01    3.574306E+01    3.570074E+01    3.563674E+01    3.554901E+01    3.543990E+01    3.531567E+01    3.518349E+01    3.504524E+01    3.489866E+01    3.472052E+01    3.467490E+01    3.459062E+01    3.449162E+01    3.438424E+01    3.427005E+01    3.431833E+01    3.435248E+01    3.437456E+01    3.438551E+01
   3.569767E+01    3.567668E+01    3.563568E+01    3.557382E+01    3.548965E+01    3.538556E+01    3.526747E+01    3.514658E+01    3.502105E+01    3.489391E+01    3.476758E+01    3.467633E+01    3.458202E+01    3.448104E+01    3.437379E+01    3.426032E+01    3.430781E+01    3.434132E+01    3.436300E+01    3.437384E+01
   3.563902E+01    3.561781E+01    3.557670E+01    3.551437E+01    3.542980E+01    3.532270E+01    3.519795E+01    3.509912E+01    3.499376E+01    3.488304E+01    3.477295E+01    3.467219E+01    3.457215E+01    3.446932E+01    3.436214E+01    3.424971E+01    3.429608E+01    3.432912E+01    3.435048E+01    3.436117E+01
   3.558833E+01    3.556556E+01    3.552265E+01    3.545927E+01    3.537327E+01    3.525748E+01    3.508686E+01    3.504750E+01    3.496358E+01    3.486436E+01    3.476118E+01    3.465933E+01    3.455762E+01    3.445449E+01    3.434839E+01    3.423787E+01    3.428306E+01    3.431566E+01    3.433688E+01    3.434751E+01
   3.554706E+01    3.551970E+01    3.547352E+01    3.541004E+01    3.532836E+01    3.522807E+01    3.511453E+01    3.502973E+01    3.493882E+01    3.484104E+01    3.474005E+01    3.463858E+01    3.453736E+01    3.443574E+01    3.433187E+01    3.422402E+01    3.426856E+01    3.430093E+01    3.432224E+01    3.433299E+01
   3.551969E+01    3.547888E+01    3.542708E+01    3.536273E+01    3.528488E+01    3.519510E+01    3.509831E+01    3.500549E+01    3.491044E+01    3.481204E+01    3.471154E+01    3.461051E+01    3.451034E+01    3.441185E+01    3.431185E+01    3.420792E+01    3.425245E+01    3.428497E+01    3.430670E+01    3.431787E+01
   1.000000E+30    3.543562E+01    3.537902E+01    3.531283E+01    3.523648E+01    3.515245E+01    3.506284E+01    3.497047E+01    3.487496E+01    3.477663E+01    3.467611E+01    3.457455E+01    3.447473E+01    3.438184E+01    3.428783E+01    3.418934E+01    3.423467E+01    3.426791E+01    3.429047E+01    3.430262E+01
   1.000000E+30    1.000000E+30    3.532538E+01    3.525584E+01    3.517848E+01    3.509830E+01    3.501383E+01    3.492508E+01    3.483207E+01    3.473515E+01    3.463466E+01    3.453031E+01    3.442482E+01    3.434448E+01    3.426012E+01    3.416834E+01    3.421507E+01    3.424962E+01    3.427369E+01    3.428829E+01
   1.000000E+30    1.000000E+30    1.000000E+30    3.518889E+01    3.510489E+01    3.503031E+01    3.495270E+01    3.486991E+01    3.478166E+01    3.468841E+01    3.458967E+01    3.448009E+01    3.434173E+01    3.430256E+01    3.423126E+01    3.414591E+01    3.419390E+01    3.422941E+01    3.425512E+01    3.427733E+01
   1.000000E+30    1.000000E+30    1.000000E+30    1.000000E+30    3.500262E+01    3.494671E+01    3.487905E+01    3.480450E+01    3.472359E+01    3.463763E+01    3.454739E+01    3.445228E+01    3.435521E+01    3.428340E+01    3.420738E+01    3.412363E+01    3.417145E+01    3.420655E+01    3.422853E+01    1.000000E+30
   1.000000E+30    1.000000E+30    1.000000E+30    1.000000E+30    3.493812E+01    3.485527E+01    3.479299E+01    3.472841E+01    3.465680E+01    3.458037E+01    3.450051E+01    3.441797E+01    3.433555E+01    3.425939E+01    3.418203E+01    3.410013E+01    3.414780E+01    3.418449E+01    3.421231E+01    1.000000E+30
   1.000000E+30    1.000000E+30    1.000000E+30    1.000000E+30    1.000000E+30    3.472187E+01    3.468863E+01    3.463934E+01    3.457985E+01    3.451470E+01    3.444544E+01    3.437339E+01    3.430007E+01    3.422695E+01    3.415206E+01    3.407345E+01    3.412099E+01    3.415900E+01    1.000000E+30    1.000000E+30
   1.000000E+30    1.000000E+30    1.000000E+30    1.000000E+30    1.000000E+30    3.460272E+01    3.458046E+01    3.454245E+01    3.449495E+01    3.444062E+01    3.438152E+01    3.431906E+01    3.425385E+01    3.418636E+01    3.411605E+01    3.404173E+01    3.408857E+01    1.000000E+30    1.000000E+30    1.000000E+30
   1.000000E+30    1.000000E+30    1.000000E+30    1.000000E+30    1.000000E+30    3.448839E+01    3.447120E+01    3.444121E+01    3.440266E+01    3.435816E+01    3.430913E+01    3.425598E+01    3.419851E+01    3.413723E+01    3.407286E+01    3.400366E+01    1.000000E+30    1.000000E+30    1.000000E+30    1.000000E+30
