   3.479213E+01    3.478222E+01    3.476296E+01    3.473495E+01    3.469901E+01    3.465630E+01    3.460827E+01    3.455654E+01    3.450279E+01    3.444860E+01    3.439494E+01    3.434228E+01    3.429049E+01    3.423921E+01    3.418821E+01    3.413766E+01    3.413042E+01    3.412524E+01    3.412186E+01    3.412018E+01
   3.479367E+01    3.478356E+01    3.476388E+01    3.473530E+01    3.469857E+01    3.465488E+01    3.460575E+01    3.455290E+01    3.449817E+01    3.444320E+01    3.438918E+01    3.433649E+01    3.428485E+01    3.423378E+01    3.418282E+01    3.413175E+01    3.412502E+01    3.411997E+01    3.411659E+01    3.411491E+01
   3.479689E+01    3.478637E+01    3.476596E+01    3.473624E+01    3.469781E+01    3.465204E+01    3.460067E+01    3.454568E+01    3.448903E+01    3.443260E+01    3.437781E+01    3.432503E+01    3.427360E+01    3.422287E+01    3.417219E+01    3.412119E+01    3.411451E+01    3.410937E+01    3.410598E+01    3.410432E+01
   3.480206E+01    3.479105E+01    3.476953E+01    3.473790E+01    3.469686E+01    3.464796E+01    3.459313E+01    3.453480E+01    3.447534E+01    3.441672E+01    3.436087E+01    3.430794E+01    3.425652E+01    3.420620E+01    3.415632E+01    3.410625E+01    3.409890E+01    3.409346E+01    3.409009E+01    3.408848E+01
   3.480944E+01    3.479791E+01    3.477503E+01    3.474088E+01    3.469615E+01    3.464272E+01    3.458294E+01    3.451979E+01    3.445653E+01    3.439538E+01    3.433794E+01    3.428434E+01    3.423325E+01    3.418377E+01    3.413518E+01    3.408687E+01    3.407822E+01    3.407237E+01    3.406904E+01    3.406760E+01
   3.481925E+01    3.480737E+01    3.478329E+01    3.474629E+01    3.469638E+01    3.463675E+01    3.456991E+01    3.449929E+01    3.443079E+01    3.436692E+01    3.430844E+01    3.425450E+01    3.420394E+01    3.415569E+01    3.410873E+01    3.406277E+01    3.405204E+01    3.404576E+01    3.404290E+01    3.404194E+01
   3.483138E+01    3.481983E+01    3.479566E+01    3.475632E+01    3.469858E+01    3.463083E+01    3.455435E+01    3.447140E+01    3.439640E+01    3.433060E+01    3.427201E+01    3.421858E+01    3.416899E+01    3.412224E+01    3.407675E+01    3.403292E+01    3.401866E+01    3.401285E+01    3.401181E+01    3.401214E+01
   3.484499E+01    3.483516E+01    3.481406E+01    3.477659E+01    3.470301E+01    3.462653E+01    3.453922E+01    3.443088E+01    3.434945E+01    3.428487E+01    3.422868E+01    3.417708E+01    3.412914E+01    3.408322E+01    3.403836E+01    3.399531E+01    3.397398E+01    3.397221E+01    3.397638E+01    3.397962E+01
   3.485772E+01    3.485127E+01    3.483913E+01    3.482510E+01    1.000000E+30    1.000000E+30    1.000000E+30    3.435957E+01    3.428316E+01    3.422834E+01    3.417868E+01    3.413049E+01    3.408324E+01    3.403673E+01    3.399278E+01    3.394746E+01    3.390627E+01    3.392259E+01    3.393889E+01    3.394719E+01
   3.486539E+01    3.486172E+01    3.485539E+01    3.484948E+01    1.000000E+30    1.000000E+30    1.000000E+30    1.000000E+30    3.419182E+01    3.416311E+01    3.412391E+01    3.407888E+01    3.403001E+01    3.398130E+01    3.394272E+01    3.389245E+01    3.377582E+01    3.386995E+01    3.390621E+01    3.391980E+01
   3.486445E+01    3.486248E+01    3.485926E+01    3.485644E+01    1.000000E+30    1.000000E+30    1.000000E+30    1.000000E+30    3.412313E+01    3.410364E+01    3.407049E+01    3.402603E+01    3.397026E+01    3.390888E+01    3.389844E+01    3.388312E+01    3.385080E+01    3.387333E+01    3.389300E+01    3.390270E+01
   3.485269E+01    3.485155E+01    3.484973E+01    3.484838E+01    1.000000E+30    1.000000E+30    1.000000E+30    1.000000E+30    3.406821E+01    3.405279E+01    3.402356E+01    3.397919E+01    3.390964E+01    3.377740E+01    3.385432E+01    3.387370E+01    3.386921E+01    3.387709E+01    3.388657E+01    3.389207E+01
   3.482913E+01    3.482845E+01    3.482744E+01    3.482671E+01    1.000000E+30    1.000000E+30    1.000000E+30    1.000000E+30    3.402326E+01    3.401081E+01    3.398706E+01    3.395233E+01    3.390637E+01    3.385695E+01    3.386445E+01    3.387292E+01    3.387279E+01    3.387631E+01    3.388087E+01    3.388373E+01
   3.479321E+01    3.479294E+01    3.479251E+01    3.479200E+01    1.000000E+30    1.000000E+30    1.000000E+30    1.000000E+30    3.398538E+01    3.397554E+01    3.395719E+01    3.393195E+01    3.390288E+01    3.387747E+01    3.387068E+01    3.387069E+01    3.387002E+01    3.387143E+01    3.387364E+01    3.387514E+01
   3.474420E+01    3.474432E+01    3.474424E+01    3.474386E+01    1.000000E+30    1.000000E+30    1.000000E+30    1.000000E+30    3.395225E+01    3.394453E+01    3.393045E+01    3.391206E+01    3.389242E+01    3.387590E+01    3.386717E+01    3.386375E+01    3.386252E+01    3.386302E+01    3.386422E+01    3.386512E+01
   3.468143E+01    3.468178E+01    3.468194E+01    3.468162E+01    1.000000E+30    1.000000E+30    1.000000E+30    1.000000E+30    3.392177E+01    3.391561E+01    3.390451E+01    3.389041E+01    3.387577E+01    3.386346E+01    3.385564E+01    3.385202E+01    3.385093E+01    3.385140E+01    3.385247E+01    3.385326E+01
   3.460448E+01    3.460467E+01    3.460494E+01    3.460442E+01    1.000000E+30    1.000000E+30    1.000000E+30    1.000000E+30    3.389220E+01    3.388708E+01    3.387790E+01    3.386622E+01    3.385407E+01    3.384388E+01    3.383754E+01    3.383581E+01    3.383562E+01    3.383690E+01    3.383856E+01    3.383964E+01
   3.451370E+01    3.451310E+01    3.451227E+01    3.451156E+01    1.000000E+30    1.000000E+30    1.000000E+30    1.000000E+30    3.386212E+01    3.385780E+01    3.384985E+01    3.383936E+01    3.382799E+01    3.381795E+01    3.381250E+01    3.381486E+01    3.381688E+01    3.382010E+01    3.382298E+01    3.382465E+01
   3.441092E+01    3.440890E+01    3.440592E+01    3.440449E+01    1.000000E+30    1.000000E+30    1.000000E+30    1.000000E+30    3.383031E+01    3.382682E+01    3.381986E+01    3.380972E+01    3.379726E+01    3.378433E+01    3.377714E+01    3.378805E+01    3.379490E+01    3.380163E+01    3.380643E+01    3.380895E+01
   3.429950E+01    3.429511E+01    3.428895E+01    3.428474E+01    1.000000E+30    1.000000E+30    1.000000E+30    1.000000E+30    3.379537E+01    3.379337E+01    3.378781E+01    3.377776E+01    3.376234E+01    3.374108E+01    3.372055E+01    3.375366E+01    3.377067E+01    3.378260E+01    3.378989E+01    3.379339E+01
   3.418303E+01    3.417474E+01    3.416172E+01    3.415076E+01    1.000000E+30    1.000000E+30    1.000000E+30    1.000000E+30    3.375498E+01    3.375680E+01    3.375441E+01    3.374610E+01    3.372883E+01    3.369313E+01    3.360533E+01    3.371515E+01    3.374879E+01    3.376567E+01    3.377477E+01    3.377890E+01
   3.406637E+01    3.405174E+01    3.402550E+01    3.399724E+01    1.000000E+30    1.000000E+30    3.364951E+01    3.366832E+01    3.370391E+01    3.371703E+01    3.372067E+01    3.371836E+01    3.371020E+01    3.369563E+01    3.368143E+01    3.372097E+01    3.374047E+01    3.375391E+01    3.376217E+01    3.376612E+01
   3.395634E+01    3.393328E+01    3.388609E+01    3.380776E+01    3.367106E+01    1.000000E+30    3.362208E+01    3.364157E+01    3.366466E+01    3.367857E+01    3.368631E+01    3.369122E+01    3.369380E+01    3.369524E+01    3.370112E+01    3.372339E+01    3.373499E+01    3.374476E+01    3.375143E+01    3.375483E+01
   3.386178E+01    3.383222E+01    3.376934E+01    3.366352E+01    3.352186E+01    3.351216E+01    3.356714E+01    3.360182E+01    3.362470E+01    3.363808E+01    3.364797E+01    3.366076E+01    3.367390E+01    3.368657E+01    3.370069E+01    3.371920E+01    3.372821E+01    3.373604E+01    3.374154E+01    3.374441E+01
   3.378903E+01    3.375669E+01    3.368383E+01    3.354101E+01    3.322991E+01    3.343942E+01    3.352583E+01    3.356676E+01    3.358609E+01    3.359344E+01    3.360001E+01    3.362386E+01    3.364957E+01    3.367203E+01    3.369188E+01    3.371070E+01    3.371960E+01    3.372680E+01    3.373177E+01    3.373434E+01
   3.374089E+01    3.371345E+01    3.365646E+01    3.356644E+01    3.345903E+01    3.348849E+01    3.352335E+01    3.354544E+01    3.355197E+01    3.354287E+01    3.352820E+01    3.357870E+01    3.362271E+01    3.365524E+01    3.367999E+01    3.370019E+01    3.370979E+01    3.371700E+01    3.372186E+01    3.372432E+01
   3.371238E+01    3.369144E+01    3.365100E+01    3.359504E+01    3.353951E+01    3.352470E+01    3.352594E+01    3.353138E+01    3.352610E+01    3.349235E+01    3.338437E+01    3.353230E+01    3.360067E+01    3.364075E+01    3.366830E+01    3.368924E+01    3.369951E+01    3.370689E+01    3.371180E+01    3.371426E+01
   3.369684E+01    3.368091E+01    3.365113E+01    3.361094E+01    3.356809E+01    3.353586E+01    3.351581E+01    3.351944E+01    3.352243E+01    3.351413E+01    3.350128E+01    3.355332E+01    3.359903E+01    3.363308E+01    3.365869E+01    3.367872E+01    3.368919E+01    3.369670E+01    3.370164E+01    3.370414E+01
   3.368921E+01    3.367658E+01    3.365249E+01    3.361813E+01    3.357500E+01    3.352476E+01    3.347358E+01    3.349988E+01    3.352286E+01    3.353457E+01    3.354496E+01    3.357248E+01    3.360218E+01    3.362836E+01    3.365029E+01    3.366849E+01    3.367885E+01    3.368647E+01    3.369147E+01    3.369401E+01
   3.368615E+01    3.367566E+01    3.365513E+01    3.362379E+01    3.357802E+01    3.350386E+01    3.334775E+01    3.347693E+01    3.352635E+01    3.354882E+01    3.356410E+01    3.358254E+01    3.360283E+01    3.362296E+01    3.364160E+01    3.365808E+01    3.366834E+01    3.367610E+01    3.368129E+01    3.368394E+01
   3.368549E+01    3.367667E+01    3.365973E+01    3.363407E+01    3.359824E+01    3.355097E+01    3.350058E+01    3.352488E+01    3.354788E+01    3.356260E+01    3.357333E+01    3.358472E+01    3.359838E+01    3.361449E+01    3.363128E+01    3.364701E+01    3.365756E+01    3.366567E+01    3.367121E+01    3.367405E+01
   3.368562E+01    3.367775E+01    3.366453E+01    3.364523E+01    3.361989E+01    3.359079E+01    3.356628E+01    3.356487E+01    3.356960E+01    3.357339E+01    3.357588E+01    3.357937E+01    3.358694E+01    3.360131E+01    3.361843E+01    3.363494E+01    3.364647E+01    3.365528E+01    3.366136E+01    3.366454E+01
   1.000000E+30    3.367636E+01    3.366726E+01    3.365380E+01    3.363630E+01    3.361696E+01    3.360018E+01    3.359102E+01    3.358528E+01    3.357941E+01    3.357234E+01    3.356557E+01    3.356479E+01    3.358166E+01    3.360270E+01    3.362200E+01    3.363529E+01    3.364521E+01    3.365201E+01    3.365572E+01
   1.000000E+30    1.000000E+30    3.366660E+01    3.365820E+01    3.364635E+01    3.363253E+01    3.361880E+01    3.360677E+01    3.359502E+01    3.358151E+01    3.356427E+01    3.354223E+01    3.352140E+01    3.355416E+01    3.358514E+01    3.360902E+01    3.362450E+01    3.363566E+01    3.364338E+01    3.364816E+01
   1.000000E+30    1.000000E+30    1.000000E+30    3.365825E+01    3.365061E+01    3.364046E+01    3.362862E+01    3.361573E+01    3.360109E+01    3.358297E+01    3.355768E+01    3.351492E+01    3.341996E+01    3.352393E+01    3.357078E+01    3.359818E+01    3.361499E+01    3.362677E+01    3.363521E+01    3.364292E+01
   1.000000E+30    1.000000E+30    1.000000E+30    1.000000E+30    3.364981E+01    3.364269E+01    3.363258E+01    3.362022E+01    3.360547E+01    3.358777E+01    3.356611E+01    3.353962E+01    3.351449E+01    3.354384E+01    3.357149E+01    3.359216E+01    3.360749E+01    3.361845E+01    3.362527E+01    1.000000E+30
   1.000000E+30    1.000000E+30    1.000000E+30    1.000000E+30    3.364882E+01    3.364061E+01    3.363192E+01    3.362102E+01    3.360780E+01    3.359274E+01    3.357652E+01    3.356097E+01    3.355188E+01    3.356126E+01    3.357536E+01    3.358824E+01    3.360139E+01    3.361168E+01    3.361967E+01    1.000000E+30
   1.000000E+30    1.000000E+30    1.000000E+30    1.000000E+30    1.000000E+30    3.363179E+01    3.362656E+01    3.361797E+01    3.360703E+01    3.359499E+01    3.358303E+01    3.357302E+01    3.356792E+01    3.357064E+01    3.357717E+01    3.358406E+01    3.359530E+01    3.360470E+01    1.000000E+30    1.000000E+30
   1.000000E+30    1.000000E+30    1.000000E+30    1.000000E+30    1.000000E+30    3.362173E+01    3.361797E+01    3.361126E+01    3.360264E+01    3.359319E+01    3.358417E+01    3.357699E+01    3.357311E+01    3.357324E+01    3.357579E+01    3.357865E+01    3.358821E+01    1.000000E+30    1.000000E+30    1.000000E+30
   1.000000E+30    1.000000E+30    1.000000E+30    1.000000E+30    1.000000E+30    3.360971E+01    3.360672E+01    3.360136E+01    3.359447E+01    3.358700E+01    3.358000E+01    3.357450E+01    3.357130E+01    3.357062E+01    3.357152E+01    3.357241E+01    1.000000E+30    1.000000E+30    1.000000E+30    1.000000E+30
