   3.550714E+01    3.548960E+01    3.545544E+01    3.540577E+01    3.534205E+01    3.526638E+01    3.518119E+01    3.508925E+01    3.499323E+01    3.489562E+01    3.479776E+01    3.470009E+01    3.460195E+01    3.450223E+01    3.439995E+01    3.429476E+01    3.429417E+01    3.429416E+01    3.429432E+01    3.429443E+01
   3.551303E+01    3.549503E+01    3.546000E+01    3.540910E+01    3.534375E+01    3.526616E+01    3.517895E+01    3.508503E+01    3.498735E+01    3.488851E+01    3.479018E+01    3.469264E+01    3.459497E+01    3.449583E+01    3.439399E+01    3.428855E+01    3.428824E+01    3.428824E+01    3.428832E+01    3.428840E+01
   3.552527E+01    3.550634E+01    3.546963E+01    3.541621E+01    3.534738E+01    3.526572E+01    3.517435E+01    3.507663E+01    3.497571E+01    3.487454E+01    3.477520E+01    3.467783E+01    3.458090E+01    3.448279E+01    3.438188E+01    3.427716E+01    3.427653E+01    3.427624E+01    3.427620E+01    3.427623E+01
   3.554477E+01    3.552463E+01    3.548528E+01    3.542764E+01    3.535327E+01    3.526534E+01    3.516748E+01    3.506385E+01    3.495821E+01    3.485355E+01    3.475281E+01    3.465570E+01    3.455928E+01    3.446238E+01    3.436337E+01    3.426074E+01    3.425900E+01    3.425813E+01    3.425796E+01    3.425799E+01
   3.557272E+01    3.555114E+01    3.550839E+01    3.544482E+01    3.536220E+01    3.526496E+01    3.515775E+01    3.504570E+01    3.493384E+01    3.482532E+01    3.472237E+01    3.462475E+01    3.452957E+01    3.443470E+01    3.433839E+01    3.423916E+01    3.423559E+01    3.423400E+01    3.423375E+01    3.423393E+01
   3.561046E+01    3.558762E+01    3.554135E+01    3.547032E+01    3.537526E+01    3.526478E+01    3.514430E+01    3.501949E+01    3.489933E+01    3.478703E+01    3.468309E+01    3.458568E+01    3.449217E+01    3.440005E+01    3.430701E+01    3.421206E+01    3.420583E+01    3.420357E+01    3.420376E+01    3.420443E+01
   3.565891E+01    3.563605E+01    3.558806E+01    3.550935E+01    3.539351E+01    3.526487E+01    3.512645E+01    3.498128E+01    3.485153E+01    3.473726E+01    3.463425E+01    3.453869E+01    3.444786E+01    3.435909E+01    3.426919E+01    3.417821E+01    3.416792E+01    3.416607E+01    3.416824E+01    3.417034E+01
   3.571771E+01    3.569777E+01    3.565458E+01    3.557582E+01    3.541452E+01    3.526503E+01    3.510703E+01    3.492124E+01    3.478379E+01    3.467359E+01    3.457603E+01    3.448470E+01    3.439783E+01    3.431178E+01    3.422397E+01    3.413542E+01    3.411756E+01    3.412018E+01    3.412812E+01    3.413347E+01
   3.578342E+01    3.577019E+01    3.574529E+01    3.571637E+01    1.000000E+30    1.000000E+30    1.000000E+30    3.480730E+01    3.468561E+01    3.459426E+01    3.450923E+01    3.442519E+01    3.434114E+01    3.425584E+01    3.417061E+01    3.408127E+01    3.404263E+01    3.406495E+01    3.408624E+01    3.409721E+01
   3.584815E+01    3.584058E+01    3.582762E+01    3.581595E+01    1.000000E+30    1.000000E+30    1.000000E+30    1.000000E+30    3.455190E+01    3.450366E+01    3.443717E+01    3.436055E+01    3.427696E+01    3.419082E+01    3.411280E+01    3.401971E+01    3.390186E+01    3.400742E+01    3.405044E+01    3.406729E+01
   3.590483E+01    3.590112E+01    3.589501E+01    3.588951E+01    1.000000E+30    1.000000E+30    1.000000E+30    1.000000E+30    3.445713E+01    3.442442E+01    3.436915E+01    3.429630E+01    3.420726E+01    3.410902E+01    3.406237E+01    3.400803E+01    3.398087E+01    3.401115E+01    3.403684E+01    3.404968E+01
   3.594867E+01    3.594690E+01    3.594400E+01    3.594119E+01    1.000000E+30    1.000000E+30    1.000000E+30    1.000000E+30    3.438627E+01    3.436031E+01    3.431196E+01    3.424142E+01    3.413919E+01    3.396699E+01    3.401414E+01    3.399794E+01    3.400162E+01    3.401690E+01    3.403194E+01    3.404031E+01
   3.597707E+01    3.597608E+01    3.597442E+01    3.597300E+01    1.000000E+30    1.000000E+30    1.000000E+30    1.000000E+30    3.433288E+01    3.431120E+01    3.427020E+01    3.421141E+01    3.413539E+01    3.405183E+01    3.402628E+01    3.399905E+01    3.400814E+01    3.401914E+01    3.402899E+01    3.403453E+01
   3.598920E+01    3.598860E+01    3.598761E+01    3.598679E+01    1.000000E+30    1.000000E+30    1.000000E+30    1.000000E+30    3.429276E+01    3.427426E+01    3.423965E+01    3.419169E+01    3.413453E+01    3.407721E+01    3.403667E+01    3.400049E+01    3.400921E+01    3.401799E+01    3.402524E+01    3.402928E+01
   3.598453E+01    3.598428E+01    3.598374E+01    3.598316E+01    1.000000E+30    1.000000E+30    1.000000E+30    1.000000E+30    3.426293E+01    3.424663E+01    3.421646E+01    3.417577E+01    3.412885E+01    3.408110E+01    3.403829E+01    3.399822E+01    3.400610E+01    3.401368E+01    3.401972E+01    3.402304E+01
   3.596227E+01    3.596231E+01    3.596209E+01    3.596161E+01    1.000000E+30    1.000000E+30    1.000000E+30    1.000000E+30    3.424117E+01    3.422601E+01    3.419818E+01    3.416114E+01    3.411881E+01    3.407491E+01    3.403241E+01    3.399161E+01    3.399914E+01    3.400636E+01    3.401204E+01    3.401516E+01
   3.592178E+01    3.592184E+01    3.592183E+01    3.592125E+01    1.000000E+30    1.000000E+30    1.000000E+30    1.000000E+30    3.422614E+01    3.421100E+01    3.418341E+01    3.414699E+01    3.410559E+01    3.406253E+01    3.402030E+01    3.398054E+01    3.398850E+01    3.399620E+01    3.400226E+01    3.400558E+01
   3.586284E+01    3.586242E+01    3.586175E+01    3.586105E+01    1.000000E+30    1.000000E+30    1.000000E+30    1.000000E+30    3.421756E+01    3.420131E+01    3.417195E+01    3.413337E+01    3.408982E+01    3.404462E+01    3.400136E+01    3.396451E+01    3.397428E+01    3.398365E+01    3.399080E+01    3.399467E+01
   3.578644E+01    3.578496E+01    3.578272E+01    3.578155E+01    1.000000E+30    1.000000E+30    1.000000E+30    1.000000E+30    3.421640E+01    3.419755E+01    3.416429E+01    3.412102E+01    3.407158E+01    3.401952E+01    3.397173E+01    3.394215E+01    3.395661E+01    3.396941E+01    3.397843E+01    3.398311E+01
   3.569508E+01    3.569173E+01    3.568704E+01    3.568380E+01    1.000000E+30    1.000000E+30    1.000000E+30    1.000000E+30    3.422512E+01    3.420101E+01    3.416110E+01    3.411053E+01    3.405167E+01    3.398566E+01    3.392006E+01    3.391169E+01    3.393664E+01    3.395473E+01    3.396619E+01    3.397180E+01
   3.559169E+01    3.558529E+01    3.557524E+01    3.556671E+01    1.000000E+30    1.000000E+30    1.000000E+30    1.000000E+30    3.424917E+01    3.421317E+01    3.416303E+01    3.410415E+01    3.403553E+01    3.394831E+01    3.380724E+01    3.387713E+01    3.391939E+01    3.394242E+01    3.395554E+01    3.396170E+01
   3.548024E+01    3.546901E+01    3.544866E+01    3.542623E+01    1.000000E+30    1.000000E+30    3.444623E+01    3.439166E+01    3.430128E+01    3.423282E+01    3.416835E+01    3.410364E+01    3.403634E+01    3.396543E+01    3.389791E+01    3.389015E+01    3.391680E+01    3.393569E+01    3.394758E+01    3.395339E+01
   3.536606E+01    3.534878E+01    3.531276E+01    3.524920E+01    3.512629E+01    1.000000E+30    3.448708E+01    3.441686E+01    3.432594E+01    3.424312E+01    3.416886E+01    3.410167E+01    3.403845E+01    3.397902E+01    3.392890E+01    3.389962E+01    3.391716E+01    3.393156E+01    3.394142E+01    3.394648E+01
   3.525571E+01    3.523456E+01    3.519008E+01    3.511250E+01    3.498394E+01    3.477818E+01    3.458121E+01    3.445027E+01    3.433777E+01    3.424007E+01    3.415746E+01    3.409077E+01    3.403339E+01    3.398213E+01    3.393762E+01    3.390161E+01    3.391569E+01    3.392753E+01    3.393584E+01    3.394016E+01
   3.515297E+01    3.513023E+01    3.508331E+01    3.500683E+01    3.489393E+01    3.474425E+01    3.458863E+01    3.445141E+01    3.432773E+01    3.421729E+01    3.412561E+01    3.406632E+01    3.401908E+01    3.397595E+01    3.393563E+01    3.389822E+01    3.391161E+01    3.392237E+01    3.392983E+01    3.393369E+01
   3.505967E+01    3.503673E+01    3.499038E+01    3.491844E+01    3.481874E+01    3.469461E+01    3.455981E+01    3.442679E+01    3.429744E+01    3.417185E+01    3.405768E+01    3.402592E+01    3.399735E+01    3.396410E+01    3.392820E+01    3.389148E+01    3.390530E+01    3.391581E+01    3.392293E+01    3.392657E+01
   3.497631E+01    3.495349E+01    3.490812E+01    3.483991E+01    3.474738E+01    3.463464E+01    3.451100E+01    3.438633E+01    3.425765E+01    3.411347E+01    3.390542E+01    3.397802E+01    3.397633E+01    3.395167E+01    3.391891E+01    3.388303E+01    3.389742E+01    3.390797E+01    3.391503E+01    3.391860E+01
   3.490284E+01    3.488004E+01    3.483541E+01    3.476794E+01    3.467632E+01    3.456457E+01    3.444374E+01    3.433646E+01    3.423040E+01    3.412305E+01    3.402100E+01    3.399685E+01    3.397341E+01    3.394376E+01    3.390995E+01    3.387387E+01    3.388845E+01    3.389906E+01    3.390611E+01    3.390971E+01
   3.483930E+01    3.481619E+01    3.477101E+01    3.470165E+01    3.460606E+01    3.448329E+01    3.434327E+01    3.427503E+01    3.420393E+01    3.412693E+01    3.405584E+01    3.400992E+01    3.397246E+01    3.393662E+01    3.390059E+01    3.386397E+01    3.387839E+01    3.388913E+01    3.389625E+01    3.389989E+01
   3.478583E+01    3.476144E+01    3.471476E+01    3.464420E+01    3.454479E+01    3.440150E+01    3.416136E+01    3.421145E+01    3.417884E+01    3.412138E+01    3.406142E+01    3.401025E+01    3.396617E+01    3.392656E+01    3.388928E+01    3.385281E+01    3.386714E+01    3.387808E+01    3.388547E+01    3.388924E+01
   3.474375E+01    3.471566E+01    3.466737E+01    3.459952E+01    3.451016E+01    3.439825E+01    3.427449E+01    3.422426E+01    3.417199E+01    3.411313E+01    3.405381E+01    3.399956E+01    3.395219E+01    3.391143E+01    3.387478E+01    3.383977E+01    3.385455E+01    3.386602E+01    3.387390E+01    3.387797E+01
   3.471678E+01    3.467688E+01    3.462568E+01    3.456112E+01    3.448230E+01    3.439214E+01    3.430070E+01    3.422987E+01    3.416462E+01    3.409996E+01    3.403701E+01    3.397880E+01    3.392876E+01    3.388953E+01    3.385615E+01    3.382457E+01    3.384067E+01    3.385313E+01    3.386181E+01    3.386638E+01
   1.000000E+30    3.463672E+01    3.458413E+01    3.452233E+01    3.445089E+01    3.437322E+01    3.429437E+01    3.422070E+01    3.414989E+01    3.408030E+01    3.401201E+01    3.394725E+01    3.389227E+01    3.385921E+01    3.383311E+01    3.380738E+01    3.382580E+01    3.383981E+01    3.384959E+01    3.385500E+01
   1.000000E+30    1.000000E+30    3.453806E+01    3.447794E+01    3.441100E+01    3.434166E+01    3.427052E+01    3.419931E+01    3.412776E+01    3.405520E+01    3.398088E+01    3.390420E+01    3.383176E+01    3.381906E+01    3.380693E+01    3.378918E+01    3.381050E+01    3.382636E+01    3.383759E+01    3.384470E+01
   1.000000E+30    1.000000E+30    1.000000E+30    3.442525E+01    3.435853E+01    3.429782E+01    3.423480E+01    3.416889E+01    3.410008E+01    3.402802E+01    3.395009E+01    3.385578E+01    3.370889E+01    3.377508E+01    3.378327E+01    3.377241E+01    3.379582E+01    3.381288E+01    3.382547E+01    3.383723E+01
   1.000000E+30    1.000000E+30    1.000000E+30    1.000000E+30    3.428501E+01    3.424244E+01    3.418960E+01    3.413131E+01    3.406874E+01    3.400297E+01    3.393418E+01    3.386181E+01    3.379283E+01    3.378390E+01    3.377506E+01    3.376022E+01    3.378269E+01    3.379930E+01    3.380988E+01    1.000000E+30
   1.000000E+30    1.000000E+30    1.000000E+30    1.000000E+30    3.424072E+01    3.418343E+01    3.413702E+01    3.408765E+01    3.403343E+01    3.397671E+01    3.391931E+01    3.386353E+01    3.381589E+01    3.378953E+01    3.376966E+01    3.374977E+01    3.377065E+01    3.378739E+01    3.380067E+01    1.000000E+30
   1.000000E+30    1.000000E+30    1.000000E+30    1.000000E+30    1.000000E+30    3.409937E+01    3.407446E+01    3.403735E+01    3.399326E+01    3.394646E+01    3.389930E+01    3.385444E+01    3.381547E+01    3.378582E+01    3.376140E+01    3.373849E+01    3.375809E+01    3.377477E+01    1.000000E+30    1.000000E+30
   1.000000E+30    1.000000E+30    1.000000E+30    1.000000E+30    1.000000E+30    3.402903E+01    3.401251E+01    3.398442E+01    3.394979E+01    3.391175E+01    3.387303E+01    3.383602E+01    3.380266E+01    3.377407E+01    3.374890E+01    3.372509E+01    3.374366E+01    1.000000E+30    1.000000E+30    1.000000E+30
   1.000000E+30    1.000000E+30    1.000000E+30    1.000000E+30    1.000000E+30    3.396620E+01    3.395361E+01    3.393163E+01    3.390375E+01    3.387283E+01    3.384115E+01    3.381037E+01    3.378169E+01    3.375577E+01    3.373213E+01    3.370967E+01    1.000000E+30    1.000000E+30    1.000000E+30    1.000000E+30
