   3.466738E+01    3.465881E+01    3.464216E+01    3.461797E+01    3.458697E+01    3.455020E+01    3.450893E+01    3.446461E+01    3.441874E+01    3.437271E+01    3.432741E+01    3.428327E+01    3.424021E+01    3.419794E+01    3.415621E+01    3.411511E+01    3.410787E+01    3.410252E+01    3.409894E+01    3.409714E+01
   3.466852E+01    3.465977E+01    3.464276E+01    3.461808E+01    3.458638E+01    3.454874E+01    3.450649E+01    3.446117E+01    3.441440E+01    3.436765E+01    3.432197E+01    3.427775E+01    3.423476E+01    3.419259E+01    3.415084E+01    3.410917E+01    3.410246E+01    3.409724E+01    3.409366E+01    3.409186E+01
   3.467090E+01    3.466180E+01    3.464416E+01    3.461848E+01    3.458530E+01    3.454583E+01    3.450159E+01    3.445433E+01    3.440580E+01    3.435768E+01    3.431122E+01    3.426680E+01    3.422388E+01    3.418190E+01    3.414028E+01    3.409857E+01    3.409191E+01    3.408661E+01    3.408302E+01    3.408124E+01
   3.467473E+01    3.466523E+01    3.464664E+01    3.461931E+01    3.458386E+01    3.454163E+01    3.449431E+01    3.444403E+01    3.439293E+01    3.434276E+01    3.429521E+01    3.425048E+01    3.420739E+01    3.416562E+01    3.412457E+01    3.408358E+01    3.407623E+01    3.407062E+01    3.406706E+01    3.406533E+01
   3.468021E+01    3.467026E+01    3.465052E+01    3.462105E+01    3.458242E+01    3.453623E+01    3.448449E+01    3.442986E+01    3.437524E+01    3.432265E+01    3.427351E+01    3.422796E+01    3.418494E+01    3.414370E+01    3.410362E+01    3.406410E+01    3.405539E+01    3.404936E+01    3.404585E+01    3.404432E+01
   3.468744E+01    3.467722E+01    3.465649E+01    3.462463E+01    3.458163E+01    3.453006E+01    3.447206E+01    3.441067E+01    3.435117E+01    3.429590E+01    3.424556E+01    3.419944E+01    3.415658E+01    3.411616E+01    3.407732E+01    3.403978E+01    3.402886E+01    3.402240E+01    3.401943E+01    3.401842E+01
   3.469626E+01    3.468635E+01    3.466562E+01    3.463191E+01    3.458246E+01    3.452394E+01    3.445738E+01    3.438483E+01    3.431922E+01    3.426187E+01    3.421107E+01    3.416501E+01    3.412261E+01    3.408316E+01    3.404532E+01    3.400948E+01    3.399476E+01    3.398883E+01    3.398785E+01    3.398824E+01
   3.470583E+01    3.469742E+01    3.467940E+01    3.464752E+01    3.458537E+01    3.451948E+01    3.444331E+01    3.434783E+01    3.427592E+01    3.421917E+01    3.417003E+01    3.412511E+01    3.408366E+01    3.404440E+01    3.400665E+01    3.397101E+01    3.394854E+01    3.394700E+01    3.395168E+01    3.395523E+01
   3.471401E+01    3.470850E+01    3.469813E+01    3.468616E+01    1.000000E+30    1.000000E+30    1.000000E+30    3.428378E+01    3.421517E+01    3.416651E+01    3.412261E+01    3.408007E+01    3.403847E+01    3.399793E+01    3.396046E+01    3.392158E+01    3.387726E+01    3.389544E+01    3.391331E+01    3.392235E+01
   3.471713E+01    3.471400E+01    3.470859E+01    3.470350E+01    1.000000E+30    1.000000E+30    1.000000E+30    1.000000E+30    3.413135E+01    3.410571E+01    3.407056E+01    3.402991E+01    3.398558E+01    3.394184E+01    3.390949E+01    3.386439E+01    3.373712E+01    3.384049E+01    3.388010E+01    3.389488E+01
   3.471210E+01    3.471041E+01    3.470761E+01    3.470516E+01    1.000000E+30    1.000000E+30    1.000000E+30    1.000000E+30    3.406764E+01    3.404997E+01    3.401964E+01    3.397830E+01    3.392548E+01    3.386709E+01    3.386475E+01    3.385710E+01    3.382201E+01    3.384664E+01    3.386798E+01    3.387846E+01
   3.469699E+01    3.469597E+01    3.469434E+01    3.469318E+01    1.000000E+30    1.000000E+30    1.000000E+30    1.000000E+30    3.401633E+01    3.400219E+01    3.397504E+01    3.393281E+01    3.386406E+01    3.372718E+01    3.381988E+01    3.384941E+01    3.384452E+01    3.385293E+01    3.386305E+01    3.386889E+01
   3.467096E+01    3.467033E+01    3.466943E+01    3.466880E+01    1.000000E+30    1.000000E+30    1.000000E+30    1.000000E+30    3.397413E+01    3.396278E+01    3.394095E+01    3.390854E+01    3.386494E+01    3.381819E+01    3.383396E+01    3.385081E+01    3.385051E+01    3.385404E+01    3.385868E+01    3.386161E+01
   3.463348E+01    3.463325E+01    3.463289E+01    3.463243E+01    1.000000E+30    1.000000E+30    1.000000E+30    1.000000E+30    3.393833E+01    3.392957E+01    3.391321E+01    3.389067E+01    3.386491E+01    3.384376E+01    3.384328E+01    3.385027E+01    3.384928E+01    3.385044E+01    3.385247E+01    3.385390E+01
   3.458382E+01    3.458397E+01    3.458392E+01    3.458358E+01    1.000000E+30    1.000000E+30    1.000000E+30    1.000000E+30    3.390661E+01    3.390002E+01    3.388805E+01    3.387258E+01    3.385663E+01    3.384468E+01    3.384157E+01    3.384432E+01    3.384268E+01    3.384281E+01    3.384373E+01    3.384449E+01
   3.452132E+01    3.452168E+01    3.452185E+01    3.452156E+01    1.000000E+30    1.000000E+30    1.000000E+30    1.000000E+30    3.387687E+01    3.387188E+01    3.386299E+01    3.385196E+01    3.384112E+01    3.383338E+01    3.383086E+01    3.383296E+01    3.383146E+01    3.383155E+01    3.383233E+01    3.383298E+01
   3.444554E+01    3.444573E+01    3.444599E+01    3.444550E+01    1.000000E+30    1.000000E+30    1.000000E+30    1.000000E+30    3.384730E+01    3.384344E+01    3.383656E+01    3.382804E+01    3.381970E+01    3.381400E+01    3.381280E+01    3.381662E+01    3.381611E+01    3.381708E+01    3.381850E+01    3.381946E+01
   3.435680E+01    3.435621E+01    3.435537E+01    3.435468E+01    1.000000E+30    1.000000E+30    1.000000E+30    1.000000E+30    3.381643E+01    3.381346E+01    3.380797E+01    3.380074E+01    3.379316E+01    3.378746E+01    3.378705E+01    3.379508E+01    3.379697E+01    3.380004E+01    3.380280E+01    3.380439E+01
   3.425683E+01    3.425483E+01    3.425188E+01    3.425045E+01    1.000000E+30    1.000000E+30    1.000000E+30    1.000000E+30    3.378290E+01    3.378096E+01    3.377669E+01    3.376995E+01    3.376126E+01    3.375240E+01    3.374997E+01    3.376713E+01    3.377426E+01    3.378114E+01    3.378597E+01    3.378849E+01
   3.414882E+01    3.414447E+01    3.413835E+01    3.413414E+01    1.000000E+30    1.000000E+30    1.000000E+30    1.000000E+30    3.374504E+01    3.374503E+01    3.374263E+01    3.373625E+01    3.372453E+01    3.370665E+01    3.368954E+01    3.373087E+01    3.374905E+01    3.376158E+01    3.376910E+01    3.377268E+01
   3.403617E+01    3.402793E+01    3.401496E+01    3.400402E+01    1.000000E+30    1.000000E+30    1.000000E+30    1.000000E+30    3.369994E+01    3.370492E+01    3.370660E+01    3.370257E+01    3.368909E+01    3.365553E+01    3.356464E+01    3.369000E+01    3.372633E+01    3.374423E+01    3.375371E+01    3.375798E+01
   3.392354E+01    3.390894E+01    3.388272E+01    3.385449E+01    1.000000E+30    1.000000E+30    3.357112E+01    3.359561E+01    3.364095E+01    3.366056E+01    3.366987E+01    3.367291E+01    3.366971E+01    3.365944E+01    3.364930E+01    3.369752E+01    3.371832E+01    3.373244E+01    3.374099E+01    3.374506E+01
   3.381760E+01    3.379446E+01    3.374709E+01    3.366877E+01    3.353346E+01    1.000000E+30    3.353785E+01    3.356440E+01    3.359633E+01    3.361789E+01    3.363248E+01    3.364387E+01    3.365266E+01    3.366002E+01    3.367188E+01    3.370118E+01    3.371331E+01    3.372341E+01    3.373023E+01    3.373369E+01
   3.372712E+01    3.369723E+01    3.363348E+01    3.352612E+01    3.338424E+01    3.339309E+01    3.346985E+01    3.351794E+01    3.355132E+01    3.357334E+01    3.359093E+01    3.361132E+01    3.363181E+01    3.365147E+01    3.367234E+01    3.369753E+01    3.370681E+01    3.371478E+01    3.372032E+01    3.372322E+01
   3.365856E+01    3.362570E+01    3.355105E+01    3.340254E+01    3.307179E+01    3.331588E+01    3.342339E+01    3.347865E+01    3.350878E+01    3.352479E+01    3.353917E+01    3.357186E+01    3.360617E+01    3.363652E+01    3.366361E+01    3.368911E+01    3.369828E+01    3.370555E+01    3.371052E+01    3.371309E+01
   3.361486E+01    3.358725E+01    3.352964E+01    3.343816E+01    3.332968E+01    3.337275E+01    3.342164E+01    3.345576E+01    3.347198E+01    3.347025E+01    3.346153E+01    3.352350E+01    3.357779E+01    3.361910E+01    3.365151E+01    3.367849E+01    3.368842E+01    3.369571E+01    3.370055E+01    3.370300E+01
   3.359078E+01    3.357008E+01    3.353013E+01    3.347510E+01    3.342228E+01    3.341522E+01    3.342611E+01    3.344153E+01    3.344475E+01    3.341599E+01    3.330485E+01    3.347374E+01    3.355469E+01    3.360421E+01    3.363963E+01    3.366739E+01    3.367802E+01    3.368551E+01    3.369041E+01    3.369286E+01
   3.357935E+01    3.356394E+01    3.353522E+01    3.349683E+01    3.345710E+01    3.343005E+01    3.341696E+01    3.343004E+01    3.344206E+01    3.344098E+01    3.343417E+01    3.349776E+01    3.355385E+01    3.359676E+01    3.363003E+01    3.365677E+01    3.366761E+01    3.367524E+01    3.368018E+01    3.368267E+01
   3.357538E+01    3.356346E+01    3.354070E+01    3.350834E+01    3.346780E+01    3.342052E+01    3.337287E+01    3.341035E+01    3.344385E+01    3.346444E+01    3.348298E+01    3.351969E+01    3.355828E+01    3.359257E+01    3.362178E+01    3.364647E+01    3.365720E+01    3.366494E+01    3.366995E+01    3.367249E+01
   3.357549E+01    3.356593E+01    3.354701E+01    3.351775E+01    3.347401E+01    3.340013E+01    3.323678E+01    3.338691E+01    3.344905E+01    3.348122E+01    3.350503E+01    3.353179E+01    3.356008E+01    3.358772E+01    3.361329E+01    3.363603E+01    3.364666E+01    3.365455E+01    3.365975E+01    3.366240E+01
   3.357746E+01    3.356997E+01    3.355511E+01    3.353199E+01    3.349892E+01    3.345425E+01    3.340673E+01    3.344125E+01    3.347417E+01    3.349772E+01    3.351648E+01    3.353548E+01    3.355648E+01    3.357966E+01    3.360312E+01    3.362494E+01    3.363588E+01    3.364415E+01    3.364970E+01    3.365254E+01
   3.357936E+01    3.357380E+01    3.356335E+01    3.354724E+01    3.352551E+01    3.350046E+01    3.348100E+01    3.348706E+01    3.349982E+01    3.351128E+01    3.352095E+01    3.353123E+01    3.354547E+01    3.356663E+01    3.359032E+01    3.361286E+01    3.362484E+01    3.363384E+01    3.363995E+01    3.364313E+01
   1.000000E+30    3.357526E+01    3.356958E+01    3.355996E+01    3.354676E+01    3.353216E+01    3.352084E+01    3.351816E+01    3.351927E+01    3.352003E+01    3.351911E+01    3.351805E+01    3.352300E+01    3.354673E+01    3.357452E+01    3.359992E+01    3.361377E+01    3.362391E+01    3.363076E+01    3.363447E+01
   1.000000E+30    1.000000E+30    3.357266E+01    3.356877E+01    3.356182E+01    3.355301E+01    3.354467E+01    3.353848E+01    3.353273E+01    3.352491E+01    3.351266E+01    3.349470E+01    3.347750E+01    3.351842E+01    3.355686E+01    3.358704E+01    3.360321E+01    3.361463E+01    3.362236E+01    3.362710E+01
   1.000000E+30    1.000000E+30    1.000000E+30    3.357368E+01    3.357176E+01    3.356649E+01    3.355969E+01    3.355208E+01    3.354274E+01    3.352954E+01    3.350818E+01    3.346724E+01    3.336847E+01    3.348727E+01    3.354282E+01    3.357660E+01    3.359413E+01    3.360613E+01    3.361454E+01    3.362204E+01
   1.000000E+30    1.000000E+30    1.000000E+30    1.000000E+30    3.357836E+01    3.357492E+01    3.356920E+01    3.356152E+01    3.355151E+01    3.353827E+01    3.352044E+01    3.349696E+01    3.347446E+01    3.351110E+01    3.354534E+01    3.357151E+01    3.358732E+01    3.359837E+01    3.360511E+01    1.000000E+30
   1.000000E+30    1.000000E+30    1.000000E+30    1.000000E+30    3.358196E+01    3.357918E+01    3.357453E+01    3.356766E+01    3.355864E+01    3.354764E+01    3.353520E+01    3.352320E+01    3.351787E+01    3.353230E+01    3.355142E+01    3.356878E+01    3.358207E+01    3.359221E+01    3.359990E+01    1.000000E+30
   1.000000E+30    1.000000E+30    1.000000E+30    1.000000E+30    1.000000E+30    3.357905E+01    3.357593E+01    3.357039E+01    3.356294E+01    3.355446E+01    3.354603E+01    3.353952E+01    3.353809E+01    3.354485E+01    3.355535E+01    3.356582E+01    3.357688E+01    3.358584E+01    1.000000E+30    1.000000E+30
   1.000000E+30    1.000000E+30    1.000000E+30    1.000000E+30    1.000000E+30    3.357609E+01    3.357374E+01    3.356936E+01    3.356353E+01    3.355711E+01    3.355121E+01    3.354721E+01    3.354660E+01    3.355009E+01    3.355587E+01    3.356159E+01    3.357065E+01    1.000000E+30    1.000000E+30    1.000000E+30
   1.000000E+30    1.000000E+30    1.000000E+30    1.000000E+30    1.000000E+30    3.357004E+01    3.356812E+01    3.356460E+01    3.355999E+01    3.355505E+01    3.355071E+01    3.354794E+01    3.354758E+01    3.354977E+01    3.355334E+01    3.355639E+01    1.000000E+30    1.000000E+30    1.000000E+30    1.000000E+30
