   3.507859E+01    3.506442E+01    3.503687E+01    3.499693E+01    3.494590E+01    3.488563E+01    3.481829E+01    3.474631E+01    3.467204E+01    3.459770E+01    3.452457E+01    3.445323E+01    3.438340E+01    3.431446E+01    3.424583E+01    3.417729E+01    3.416774E+01    3.416045E+01    3.415550E+01    3.415298E+01
   3.508323E+01    3.506866E+01    3.504036E+01    3.499936E+01    3.494693E+01    3.488499E+01    3.481587E+01    3.474213E+01    3.466635E+01    3.459083E+01    3.451711E+01    3.444566E+01    3.437601E+01    3.430737E+01    3.423896E+01    3.417013E+01    3.416078E+01    3.415341E+01    3.414832E+01    3.414576E+01
   3.509285E+01    3.507750E+01    3.504777E+01    3.500461E+01    3.494918E+01    3.488372E+01    3.481095E+01    3.473380E+01    3.465505E+01    3.457726E+01    3.450232E+01    3.443060E+01    3.436116E+01    3.429302E+01    3.422517E+01    3.415688E+01    3.414695E+01    3.413908E+01    3.413377E+01    3.413115E+01
   3.510822E+01    3.509184E+01    3.505986E+01    3.501311E+01    3.495295E+01    3.488206E+01    3.480359E+01    3.472113E+01    3.463800E+01    3.455684E+01    3.448015E+01    3.440800E+01    3.433842E+01    3.427079E+01    3.420417E+01    3.413754E+01    3.412597E+01    3.411724E+01    3.411175E+01    3.410912E+01
   3.513024E+01    3.511264E+01    3.507780E+01    3.502606E+01    3.495890E+01    3.488003E+01    3.479336E+01    3.470330E+01    3.461428E+01    3.452916E+01    3.444990E+01    3.437651E+01    3.430710E+01    3.424046E+01    3.417560E+01    3.411168E+01    3.409748E+01    3.408775E+01    3.408219E+01    3.407978E+01
   3.515995E+01    3.514129E+01    3.510350E+01    3.504554E+01    3.496803E+01    3.487791E+01    3.477967E+01    3.467816E+01    3.458122E+01    3.449185E+01    3.441069E+01    3.433637E+01    3.426722E+01    3.420188E+01    3.413906E+01    3.407848E+01    3.406033E+01    3.404971E+01    3.404493E+01    3.404334E+01
   3.519798E+01    3.517928E+01    3.514006E+01    3.507581E+01    3.498136E+01    3.487603E+01    3.476223E+01    3.464256E+01    3.453620E+01    3.444377E+01    3.436194E+01    3.428765E+01    3.421912E+01    3.415515E+01    3.409381E+01    3.403594E+01    3.401128E+01    3.400144E+01    3.399994E+01    3.400069E+01
   3.524384E+01    3.522751E+01    3.519222E+01    3.512805E+01    3.499726E+01    3.487477E+01    3.474404E+01    3.458852E+01    3.447363E+01    3.438282E+01    3.430372E+01    3.423100E+01    3.416361E+01    3.409965E+01    3.403820E+01    3.398039E+01    3.394267E+01    3.394015E+01    3.394811E+01    3.395415E+01
   3.529442E+01    3.528358E+01    3.526318E+01    3.523952E+01    1.000000E+30    1.000000E+30    1.000000E+30    3.448958E+01    3.438445E+01    3.430746E+01    3.423665E+01    3.416724E+01    3.409896E+01    3.403238E+01    3.397091E+01    3.390723E+01    3.383288E+01    3.386336E+01    3.389344E+01    3.390870E+01
   3.534293E+01    3.533673E+01    3.532607E+01    3.531645E+01    1.000000E+30    1.000000E+30    1.000000E+30    1.000000E+30    3.426291E+01    3.422152E+01    3.416395E+01    3.409675E+01    3.402310E+01    3.395037E+01    3.389669E+01    3.382190E+01    3.360876E+01    3.378179E+01    3.384831E+01    3.387323E+01
   3.538322E+01    3.538013E+01    3.537503E+01    3.537045E+01    1.000000E+30    1.000000E+30    1.000000E+30    1.000000E+30    3.417478E+01    3.414556E+01    3.409496E+01    3.402560E+01    3.393678E+01    3.383857E+01    3.383411E+01    3.382095E+01    3.376210E+01    3.380345E+01    3.383948E+01    3.385724E+01
   3.541095E+01    3.540941E+01    3.540690E+01    3.540455E+01    1.000000E+30    1.000000E+30    1.000000E+30    1.000000E+30    3.410820E+01    3.408428E+01    3.403821E+01    3.396643E+01    3.384993E+01    3.361936E+01    3.377258E+01    3.382032E+01    3.381213E+01    3.382637E+01    3.384365E+01    3.385362E+01
   3.542369E+01    3.542280E+01    3.542134E+01    3.542011E+01    1.000000E+30    1.000000E+30    1.000000E+30    1.000000E+30    3.405806E+01    3.403846E+01    3.400063E+01    3.394446E+01    3.386896E+01    3.378772E+01    3.381086E+01    3.383578E+01    3.383544E+01    3.384160E+01    3.384963E+01    3.385466E+01
   3.542025E+01    3.541974E+01    3.541888E+01    3.541811E+01    1.000000E+30    1.000000E+30    1.000000E+30    1.000000E+30    3.402007E+01    3.400442E+01    3.397505E+01    3.393447E+01    3.388765E+01    3.384773E+01    3.384198E+01    3.384861E+01    3.384725E+01    3.384950E+01    3.385305E+01    3.385548E+01
   3.539943E+01    3.539927E+01    3.539880E+01    3.539819E+01    1.000000E+30    1.000000E+30    1.000000E+30    1.000000E+30    3.399049E+01    3.397791E+01    3.395495E+01    3.392499E+01    3.389314E+01    3.386703E+01    3.385511E+01    3.385274E+01    3.385029E+01    3.385074E+01    3.385239E+01    3.385366E+01
   3.535993E+01    3.536001E+01    3.535977E+01    3.535917E+01    1.000000E+30    1.000000E+30    1.000000E+30    1.000000E+30    3.396615E+01    3.395552E+01    3.393642E+01    3.391221E+01    3.388720E+01    3.386630E+01    3.385343E+01    3.384800E+01    3.384566E+01    3.384595E+01    3.384729E+01    3.384833E+01
   3.530039E+01    3.530031E+01    3.530010E+01    3.529921E+01    1.000000E+30    1.000000E+30    1.000000E+30    1.000000E+30    3.394479E+01    3.393496E+01    3.391739E+01    3.389520E+01    3.387217E+01    3.385248E+01    3.383963E+01    3.383500E+01    3.383411E+01    3.383576E+01    3.383806E+01    3.383957E+01
   3.521992E+01    3.521893E+01    3.521742E+01    3.521607E+01    1.000000E+30    1.000000E+30    1.000000E+30    1.000000E+30    3.392511E+01    3.391512E+01    3.389718E+01    3.387406E+01    3.384933E+01    3.382711E+01    3.381317E+01    3.381336E+01    3.381614E+01    3.382108E+01    3.382553E+01    3.382808E+01
   3.511905E+01    3.511613E+01    3.511173E+01    3.510912E+01    1.000000E+30    1.000000E+30    1.000000E+30    1.000000E+30    3.390658E+01    3.389566E+01    3.387585E+01    3.384941E+01    3.381885E+01    3.378806E+01    3.376798E+01    3.378099E+01    3.379214E+01    3.380314E+01    3.381099E+01    3.381505E+01
   3.500019E+01    3.499377E+01    3.498441E+01    3.497761E+01    1.000000E+30    1.000000E+30    1.000000E+30    1.000000E+30    3.388919E+01    3.387665E+01    3.385403E+01    3.382262E+01    3.378213E+01    3.373211E+01    3.368415E+01    3.373480E+01    3.376399E+01    3.378416E+01    3.379630E+01    3.380204E+01
   3.486668E+01    3.485411E+01    3.483400E+01    3.481668E+01    1.000000E+30    1.000000E+30    1.000000E+30    1.000000E+30    3.387324E+01    3.385817E+01    3.383295E+01    3.379811E+01    3.374884E+01    3.366790E+01    3.349299E+01    3.368097E+01    3.373999E+01    3.376881E+01    3.378394E+01    3.379071E+01
   3.472410E+01    3.470123E+01    3.465989E+01    3.461486E+01    1.000000E+30    1.000000E+30    3.387814E+01    3.387108E+01    3.385922E+01    3.383893E+01    3.381256E+01    3.378104E+01    3.374264E+01    3.369572E+01    3.365185E+01    3.370792E+01    3.374041E+01    3.376250E+01    3.377579E+01    3.378209E+01
   3.458161E+01    3.454456E+01    3.446829E+01    3.434173E+01    3.412582E+01    1.000000E+30    3.386195E+01    3.385491E+01    3.383761E+01    3.381343E+01    3.378736E+01    3.376294E+01    3.373918E+01    3.371720E+01    3.370655E+01    3.372812E+01    3.374544E+01    3.376032E+01    3.377049E+01    3.377565E+01
   3.445236E+01    3.440343E+01    3.429796E+01    3.411653E+01    3.386278E+01    3.380583E+01    3.382603E+01    3.382523E+01    3.380542E+01    3.377625E+01    3.374937E+01    3.373483E+01    3.372657E+01    3.372183E+01    3.372335E+01    3.373552E+01    3.374745E+01    3.375831E+01    3.376615E+01    3.377025E+01
   3.434698E+01    3.429204E+01    3.416650E+01    3.391414E+01    3.334724E+01    3.368517E+01    3.377918E+01    3.378975E+01    3.376375E+01    3.372237E+01    3.368713E+01    3.369019E+01    3.370229E+01    3.371321E+01    3.372318E+01    3.373416E+01    3.374540E+01    3.375476E+01    3.376137E+01    3.376482E+01
   3.427129E+01    3.422340E+01    3.412263E+01    3.395928E+01    3.375350E+01    3.377161E+01    3.378290E+01    3.376458E+01    3.371822E+01    3.364827E+01    3.357430E+01    3.362527E+01    3.366964E+01    3.369773E+01    3.371553E+01    3.372800E+01    3.374024E+01    3.374941E+01    3.375560E+01    3.375876E+01
   3.421913E+01    3.418098E+01    3.410619E+01    3.399922E+01    3.388340E+01    3.382574E+01    3.378380E+01    3.374137E+01    3.367777E+01    3.356591E+01    3.332325E+01    3.355304E+01    3.364208E+01    3.368385E+01    3.370642E+01    3.371992E+01    3.373319E+01    3.374256E+01    3.374871E+01    3.375179E+01
   3.418205E+01    3.415122E+01    3.409266E+01    3.401062E+01    3.391570E+01    3.382915E+01    3.375415E+01    3.371391E+01    3.367013E+01    3.360878E+01    3.354286E+01    3.359948E+01    3.364840E+01    3.367991E+01    3.369942E+01    3.371152E+01    3.372508E+01    3.373459E+01    3.374078E+01    3.374390E+01
   3.415434E+01    3.412804E+01    3.407742E+01    3.400329E+01    3.390661E+01    3.378888E+01    3.366101E+01    3.366725E+01    3.366542E+01    3.364466E+01    3.362447E+01    3.363888E+01    3.366060E+01    3.367924E+01    3.369310E+01    3.370267E+01    3.371601E+01    3.372565E+01    3.373195E+01    3.373514E+01
   3.413294E+01    3.410898E+01    3.406254E+01    3.399183E+01    3.388953E+01    3.372944E+01    3.341373E+01    3.361171E+01    3.366294E+01    3.366605E+01    3.365829E+01    3.365906E+01    3.366604E+01    3.367553E+01    3.368491E+01    3.369257E+01    3.370578E+01    3.371568E+01    3.372227E+01    3.372562E+01
   3.411683E+01    3.409339E+01    3.405085E+01    3.398860E+01    3.390362E+01    3.379316E+01    3.367232E+01    3.368366E+01    3.369127E+01    3.368438E+01    3.367197E+01    3.366300E+01    3.366059E+01    3.366495E+01    3.367267E+01    3.368040E+01    3.369420E+01    3.370476E+01    3.371193E+01    3.371559E+01
   3.410649E+01    3.407916E+01    3.404005E+01    3.398740E+01    3.392072E+01    3.384403E+01    3.377253E+01    3.374061E+01    3.371892E+01    3.369602E+01    3.367222E+01    3.365204E+01    3.364125E+01    3.364473E+01    3.365494E+01    3.366568E+01    3.368130E+01    3.369314E+01    3.370121E+01    3.370540E+01
   1.000000E+30    3.406026E+01    3.402574E+01    3.398182E+01    3.392869E+01    3.387057E+01    3.381533E+01    3.377245E+01    3.373529E+01    3.369848E+01    3.366069E+01    3.362493E+01    3.360162E+01    3.361196E+01    3.363124E+01    3.364874E+01    3.366757E+01    3.368133E+01    3.369060E+01    3.369557E+01
   1.000000E+30    1.000000E+30    3.400480E+01    3.396828E+01    3.392483E+01    3.387798E+01    3.383066E+01    3.378571E+01    3.374111E+01    3.369378E+01    3.364070E+01    3.358003E+01    3.352262E+01    3.356422E+01    3.360365E+01    3.363124E+01    3.365405E+01    3.366993E+01    3.368056E+01    3.368692E+01
   1.000000E+30    1.000000E+30    1.000000E+30    3.394584E+01    3.390877E+01    3.387108E+01    3.383036E+01    3.378720E+01    3.374065E+01    3.368817E+01    3.362344E+01    3.352765E+01    3.333699E+01    3.351109E+01    3.358149E+01    3.361728E+01    3.364253E+01    3.365941E+01    3.367096E+01    3.368083E+01
   1.000000E+30    1.000000E+30    1.000000E+30    1.000000E+30    3.387870E+01    3.385342E+01    3.381995E+01    3.378128E+01    3.373782E+01    3.368917E+01    3.363388E+01    3.357034E+01    3.350978E+01    3.354942E+01    3.358662E+01    3.361191E+01    3.363444E+01    3.364989E+01    3.365913E+01    1.000000E+30
   1.000000E+30    1.000000E+30    1.000000E+30    1.000000E+30    3.386098E+01    3.383090E+01    3.380264E+01    3.376991E+01    3.373230E+01    3.369129E+01    3.364848E+01    3.360720E+01    3.357807E+01    3.358316E+01    3.359743E+01    3.361020E+01    3.362859E+01    3.364242E+01    3.365268E+01    1.000000E+30
   1.000000E+30    1.000000E+30    1.000000E+30    1.000000E+30    1.000000E+30    3.379394E+01    3.377801E+01    3.375313E+01    3.372261E+01    3.368970E+01    3.365688E+01    3.362770E+01    3.360771E+01    3.360235E+01    3.360448E+01    3.360792E+01    3.362267E+01    3.363451E+01    1.000000E+30    1.000000E+30
   1.000000E+30    1.000000E+30    1.000000E+30    1.000000E+30    1.000000E+30    3.376237E+01    3.375148E+01    3.373250E+01    3.370856E+01    3.368236E+01    3.365665E+01    3.363427E+01    3.361801E+01    3.360937E+01    3.360568E+01    3.360330E+01    3.361507E+01    1.000000E+30    1.000000E+30    1.000000E+30
   1.000000E+30    1.000000E+30    1.000000E+30    1.000000E+30    1.000000E+30    3.373267E+01    3.372424E+01    3.370921E+01    3.368992E+01    3.366874E+01    3.364802E+01    3.362990E+01    3.361603E+01    3.360698E+01    3.360134E+01    3.359658E+01    1.000000E+30    1.000000E+30    1.000000E+30    1.000000E+30
