   3.551028E+01    3.549756E+01    3.547269E+01    3.543623E+01    3.538886E+01    3.533166E+01    3.526592E+01    3.519321E+01    3.511508E+01    3.503300E+01    3.494758E+01    3.485860E+01    3.476477E+01    3.466417E+01    3.455465E+01    3.443436E+01    3.446591E+01    3.449004E+01    3.450628E+01    3.451439E+01
   3.551241E+01    3.549943E+01    3.547406E+01    3.543690E+01    3.538857E+01    3.533015E+01    3.526305E+01    3.518892E+01    3.510953E+01    3.502645E+01    3.494058E+01    3.485166E+01    3.475822E+01    3.465812E+01    3.454900E+01    3.442840E+01    3.446007E+01    3.448419E+01    3.450033E+01    3.450837E+01
   3.551685E+01    3.550338E+01    3.547712E+01    3.543856E+01    3.538815E+01    3.532717E+01    3.525728E+01    3.518046E+01    3.509861E+01    3.501362E+01    3.492682E+01    3.483792E+01    3.474501E+01    3.464576E+01    3.453742E+01    3.441742E+01    3.444845E+01    3.447220E+01    3.448814E+01    3.449607E+01
   3.552400E+01    3.550994E+01    3.548231E+01    3.544141E+01    3.538778E+01    3.532292E+01    3.524875E+01    3.516777E+01    3.508236E+01    3.499451E+01    3.490637E+01    3.481746E+01    3.472471E+01    3.462630E+01    3.451958E+01    3.440150E+01    3.443092E+01    3.445375E+01    3.446942E+01    3.447733E+01
   3.553425E+01    3.551954E+01    3.549023E+01    3.544619E+01    3.538793E+01    3.531744E+01    3.523713E+01    3.515018E+01    3.506007E+01    3.496902E+01    3.487871E+01    3.478887E+01    3.469671E+01    3.459969E+01    3.449520E+01    3.438036E+01    3.440701E+01    3.442865E+01    3.444417E+01    3.445226E+01
   3.554796E+01    3.553282E+01    3.550200E+01    3.545433E+01    3.538947E+01    3.531117E+01    3.522206E+01    3.512582E+01    3.502924E+01    3.493485E+01    3.484315E+01    3.475272E+01    3.466122E+01    3.456598E+01    3.446398E+01    3.435307E+01    3.437580E+01    3.439637E+01    3.441240E+01    3.442115E+01
   3.556516E+01    3.555044E+01    3.551949E+01    3.546874E+01    3.539360E+01    3.530492E+01    3.520368E+01    3.509203E+01    3.498759E+01    3.489098E+01    3.479911E+01    3.470908E+01    3.461874E+01    3.452548E+01    3.442544E+01    3.431768E+01    3.433467E+01    3.435562E+01    3.437421E+01    3.438479E+01
   3.558504E+01    3.557251E+01    3.554547E+01    3.549694E+01    3.540039E+01    3.530032E+01    3.518539E+01    3.504167E+01    3.492998E+01    3.483555E+01    3.474682E+01    3.465871E+01    3.457015E+01    3.447770E+01    3.437801E+01    3.427094E+01    3.427750E+01    3.430427E+01    3.433037E+01    3.434517E+01
   3.560491E+01    3.559671E+01    3.558123E+01    3.556325E+01    1.000000E+30    1.000000E+30    1.000000E+30    3.495032E+01    3.484762E+01    3.476692E+01    3.468686E+01    3.460280E+01    3.451409E+01    3.441965E+01    3.432037E+01    3.420911E+01    3.418722E+01    3.424041E+01    3.428415E+01    3.430629E+01
   3.561972E+01    3.561508E+01    3.560706E+01    3.559961E+01    1.000000E+30    1.000000E+30    1.000000E+30    1.000000E+30    3.473369E+01    3.468806E+01    3.462170E+01    3.454109E+01    3.444876E+01    3.434966E+01    3.425671E+01    3.413674E+01    3.400632E+01    3.417267E+01    3.424543E+01    3.427525E+01
   3.562524E+01    3.562281E+01    3.561881E+01    3.561531E+01    1.000000E+30    1.000000E+30    1.000000E+30    1.000000E+30    3.465147E+01    3.461806E+01    3.455941E+01    3.447850E+01    3.437486E+01    3.425585E+01    3.420201E+01    3.413102E+01    3.412370E+01    3.418654E+01    3.423534E+01    3.425948E+01
   3.561884E+01    3.561748E+01    3.561533E+01    3.561364E+01    1.000000E+30    1.000000E+30    1.000000E+30    1.000000E+30    3.458852E+01    3.456047E+01    3.450675E+01    3.442508E+01    3.430024E+01    3.407715E+01    3.414818E+01    3.412575E+01    3.415950E+01    3.420132E+01    3.423532E+01    3.425318E+01
   3.559924E+01    3.559845E+01    3.559727E+01    3.559637E+01    1.000000E+30    1.000000E+30    1.000000E+30    1.000000E+30    3.453935E+01    3.451526E+01    3.446890E+01    3.440046E+01    3.430871E+01    3.420417E+01    3.417354E+01    3.413403E+01    3.417417E+01    3.420965E+01    3.423623E+01    3.425003E+01
   3.556576E+01    3.556543E+01    3.556488E+01    3.556428E+01    1.000000E+30    1.000000E+30    1.000000E+30    1.000000E+30    3.449976E+01    3.447906E+01    3.443986E+01    3.438439E+01    3.431637E+01    3.424584E+01    3.419369E+01    3.414128E+01    3.418001E+01    3.421172E+01    3.423435E+01    3.424599E+01
   3.551750E+01    3.551758E+01    3.551741E+01    3.551695E+01    1.000000E+30    1.000000E+30    1.000000E+30    1.000000E+30    3.446644E+01    3.444837E+01    3.441459E+01    3.436817E+01    3.431317E+01    3.425502E+01    3.419963E+01    3.414220E+01    3.417884E+01    3.420819E+01    3.422877E+01    3.423932E+01
   3.545354E+01    3.545385E+01    3.545391E+01    3.545349E+01    1.000000E+30    1.000000E+30    1.000000E+30    1.000000E+30    3.443670E+01    3.442037E+01    3.439007E+01    3.434889E+01    3.430037E+01    3.424785E+01    3.419354E+01    3.413611E+01    3.417140E+01    3.419963E+01    3.421939E+01    3.422954E+01
   3.537307E+01    3.537317E+01    3.537328E+01    3.537257E+01    1.000000E+30    1.000000E+30    1.000000E+30    1.000000E+30    3.440848E+01    3.439308E+01    3.436453E+01    3.432575E+01    3.427993E+01    3.422994E+01    3.417745E+01    3.412295E+01    3.415822E+01    3.418660E+01    3.420654E+01    3.421685E+01
   3.527604E+01    3.527518E+01    3.527394E+01    3.527288E+01    1.000000E+30    1.000000E+30    1.000000E+30    1.000000E+30    3.438036E+01    3.436537E+01    3.433740E+01    3.429887E+01    3.425298E+01    3.420250E+01    3.415077E+01    3.410221E+01    3.413966E+01    3.416987E+01    3.419101E+01    3.420197E+01
   3.516398E+01    3.516130E+01    3.515733E+01    3.515521E+01    1.000000E+30    1.000000E+30    1.000000E+30    1.000000E+30    3.435130E+01    3.433652E+01    3.430850E+01    3.426886E+01    3.421962E+01    3.416349E+01    3.410846E+01    3.407208E+01    3.411585E+01    3.415056E+01    3.417405E+01    3.418599E+01
   3.504014E+01    3.503436E+01    3.502608E+01    3.502025E+01    1.000000E+30    1.000000E+30    1.000000E+30    1.000000E+30    3.432025E+01    3.430594E+01    3.427787E+01    3.423632E+01    3.418078E+01    3.411072E+01    3.403506E+01    3.403022E+01    3.408851E+01    3.413037E+01    3.415705E+01    3.417015E+01
   3.490838E+01    3.489732E+01    3.487982E+01    3.486495E+01    1.000000E+30    1.000000E+30    1.000000E+30    1.000000E+30    3.428566E+01    3.427307E+01    3.424637E+01    3.420479E+01    3.414430E+01    3.405135E+01    3.387672E+01    3.398205E+01    3.406439E+01    3.411305E+01    3.414195E+01    3.415578E+01
   3.477438E+01    3.475465E+01    3.471923E+01    3.468109E+01    1.000000E+30    1.000000E+30    3.421609E+01    3.422672E+01    3.424423E+01    3.423721E+01    3.421456E+01    3.417885E+01    3.412932E+01    3.406498E+01    3.399551E+01    3.399809E+01    3.405981E+01    3.410303E+01    3.413033E+01    3.414371E+01
   3.464674E+01    3.461525E+01    3.455098E+01    3.444553E+01    3.426623E+01    1.000000E+30    3.418487E+01    3.419824E+01    3.420628E+01    3.419907E+01    3.418002E+01    3.415273E+01    3.411693E+01    3.407405E+01    3.403249E+01    3.400921E+01    3.405914E+01    3.409651E+01    3.412117E+01    3.413360E+01
   3.453711E+01    3.449612E+01    3.440876E+01    3.426180E+01    3.406509E+01    3.405332E+01    3.411999E+01    3.415330E+01    3.416298E+01    3.415462E+01    3.413737E+01    3.411995E+01    3.409817E+01    3.407062E+01    3.404012E+01    3.401060E+01    3.405625E+01    3.409042E+01    3.411309E+01    3.412455E+01
   3.445437E+01    3.440893E+01    3.430620E+01    3.410360E+01    3.365866E+01    3.395670E+01    3.407062E+01    3.411309E+01    3.411835E+01    3.410118E+01    3.407840E+01    3.407605E+01    3.407160E+01    3.405766E+01    3.403501E+01    3.400563E+01    3.405043E+01    3.408330E+01    3.410485E+01    3.411566E+01
   3.440262E+01    3.436372E+01    3.428268E+01    3.415384E+01    3.399844E+01    3.403587E+01    3.407550E+01    3.409072E+01    3.407751E+01    3.403653E+01    3.398275E+01    3.401846E+01    3.404006E+01    3.404039E+01    3.402470E+01    3.399735E+01    3.404248E+01    3.407488E+01    3.409592E+01    3.410640E+01
   3.437507E+01    3.434502E+01    3.428680E+01    3.420543E+01    3.412282E+01    3.409533E+01    3.408603E+01    3.407684E+01    3.404629E+01    3.396966E+01    3.378129E+01    3.395739E+01    3.401413E+01    3.402546E+01    3.401395E+01    3.398801E+01    3.403335E+01    3.406543E+01    3.408620E+01    3.409652E+01
   3.436262E+01    3.433931E+01    3.429553E+01    3.423576E+01    3.417018E+01    3.411666E+01    3.407619E+01    3.406389E+01    3.404488E+01    3.400499E+01    3.395394E+01    3.399208E+01    3.401638E+01    3.401933E+01    3.400548E+01    3.397882E+01    3.402363E+01    3.405525E+01    3.407572E+01    3.408596E+01
   3.435848E+01    3.433953E+01    3.430318E+01    3.425084E+01    3.418381E+01    3.410346E+01    3.401747E+01    3.403747E+01    3.404742E+01    3.403650E+01    3.401928E+01    3.402239E+01    3.402413E+01    3.401638E+01    3.399798E+01    3.396954E+01    3.401321E+01    3.404442E+01    3.406462E+01    3.407473E+01
   3.435836E+01    3.434209E+01    3.431018E+01    3.426123E+01    3.418940E+01    3.407376E+01    3.383645E+01    3.400390E+01    3.405212E+01    3.405709E+01    3.404738E+01    3.403797E+01    3.402688E+01    3.401125E+01    3.398913E+01    3.395941E+01    3.400189E+01    3.403269E+01    3.405279E+01    3.406285E+01
   3.435962E+01    3.434524E+01    3.431771E+01    3.427594E+01    3.421737E+01    3.413944E+01    3.405329E+01    3.407013E+01    3.408066E+01    3.407495E+01    3.405931E+01    3.404051E+01    3.402090E+01    3.400061E+01    3.397699E+01    3.394743E+01    3.398936E+01    3.402004E+01    3.404026E+01    3.405046E+01
   3.436047E+01    3.434662E+01    3.432347E+01    3.428978E+01    3.424521E+01    3.419253E+01    3.414308E+01    3.412290E+01    3.410741E+01    3.408649E+01    3.405978E+01    3.403059E+01    3.400333E+01    3.398185E+01    3.396004E+01    3.393304E+01    3.397545E+01    3.400651E+01    3.402719E+01    3.403778E+01
   1.000000E+30    3.434274E+01    3.432438E+01    3.429779E+01    3.426321E+01    3.422370E+01    3.418496E+01    3.415362E+01    3.412338E+01    3.408921E+01    3.404960E+01    3.400674E+01    3.396876E+01    3.395231E+01    3.393759E+01    3.391618E+01    3.396031E+01    3.399238E+01    3.401386E+01    3.402525E+01
   1.000000E+30    1.000000E+30    3.431856E+01    3.429751E+01    3.426934E+01    3.423684E+01    3.420218E+01    3.416691E+01    3.412861E+01    3.408421E+01    3.403099E+01    3.396734E+01    3.390170E+01    3.390964E+01    3.391094E+01    3.389783E+01    3.394437E+01    3.397783E+01    3.400049E+01    3.401375E+01
   1.000000E+30    1.000000E+30    1.000000E+30    3.428837E+01    3.426318E+01    3.423533E+01    3.420346E+01    3.416748E+01    3.412579E+01    3.407579E+01    3.401223E+01    3.392003E+01    3.374861E+01    3.386119E+01    3.388724E+01    3.388101E+01    3.392881E+01    3.396265E+01    3.398613E+01    3.400513E+01
   1.000000E+30    1.000000E+30    1.000000E+30    1.000000E+30    3.424280E+01    3.422079E+01    3.419205E+01    3.415777E+01    3.411710E+01    3.406911E+01    3.401238E+01    3.394539E+01    3.387679E+01    3.388331E+01    3.388351E+01    3.386964E+01    3.391454E+01    3.394637E+01    3.396565E+01    1.000000E+30
   1.000000E+30    1.000000E+30    1.000000E+30    1.000000E+30    3.422766E+01    3.419537E+01    3.416864E+01    3.413801E+01    3.410119E+01    3.405885E+01    3.401197E+01    3.396283E+01    3.391956E+01    3.389939E+01    3.388227E+01    3.385961E+01    3.390061E+01    3.393134E+01    3.395380E+01    1.000000E+30
   1.000000E+30    1.000000E+30    1.000000E+30    1.000000E+30    1.000000E+30    3.414590E+01    3.413069E+01    3.410654E+01    3.407557E+01    3.404013E+01    3.400184E+01    3.396319E+01    3.392820E+01    3.390092E+01    3.387548E+01    3.384695E+01    3.388429E+01    3.391341E+01    1.000000E+30    1.000000E+30
   1.000000E+30    1.000000E+30    1.000000E+30    1.000000E+30    1.000000E+30    3.409395E+01    3.408324E+01    3.406423E+01    3.403949E+01    3.401059E+01    3.397933E+01    3.394765E+01    3.391736E+01    3.388924E+01    3.386091E+01    3.382939E+01    3.386306E+01    1.000000E+30    1.000000E+30    1.000000E+30
   1.000000E+30    1.000000E+30    1.000000E+30    1.000000E+30    1.000000E+30    3.403577E+01    3.402731E+01    3.401223E+01    3.399239E+01    3.396928E+01    3.394420E+01    3.391823E+01    3.389212E+01    3.386595E+01    3.383819E+01    3.380619E+01    1.000000E+30    1.000000E+30    1.000000E+30    1.000000E+30
