   3.541808E+01    3.540629E+01    3.538323E+01    3.534944E+01    3.530559E+01    3.525269E+01    3.519195E+01    3.512483E+01    3.505273E+01    3.497701E+01    3.489815E+01    3.481589E+01    3.472895E+01    3.463537E+01    3.453297E+01    3.441972E+01    3.445194E+01    3.447638E+01    3.449271E+01    3.450084E+01
   3.542019E+01    3.540815E+01    3.538461E+01    3.535016E+01    3.530540E+01    3.525134E+01    3.518933E+01    3.512086E+01    3.504758E+01    3.497090E+01    3.489161E+01    3.480938E+01    3.472276E+01    3.462962E+01    3.452754E+01    3.441394E+01    3.444633E+01    3.447078E+01    3.448705E+01    3.449513E+01
   3.542459E+01    3.541207E+01    3.538769E+01    3.535191E+01    3.530517E+01    3.524870E+01    3.518405E+01    3.511306E+01    3.503746E+01    3.495896E+01    3.487874E+01    3.479648E+01    3.471029E+01    3.461788E+01    3.451646E+01    3.440335E+01    3.443516E+01    3.445932E+01    3.447543E+01    3.448342E+01
   3.543165E+01    3.541857E+01    3.539287E+01    3.535486E+01    3.530507E+01    3.524494E+01    3.517626E+01    3.510133E+01    3.502237E+01    3.494115E+01    3.485960E+01    3.477724E+01    3.469109E+01    3.459936E+01    3.449936E+01    3.438796E+01    3.441825E+01    3.444157E+01    3.445748E+01    3.446549E+01
   3.544175E+01    3.542804E+01    3.540073E+01    3.535972E+01    3.530555E+01    3.524008E+01    3.516560E+01    3.508506E+01    3.500165E+01    3.491735E+01    3.483367E+01    3.475029E+01    3.466452E+01    3.457392E+01    3.447586E+01    3.436742E+01    3.439498E+01    3.441721E+01    3.443310E+01    3.444135E+01
   3.545524E+01    3.544110E+01    3.541233E+01    3.536784E+01    3.530737E+01    3.523452E+01    3.515176E+01    3.506247E+01    3.497292E+01    3.488538E+01    3.480022E+01    3.471606E+01    3.463066E+01    3.454145E+01    3.444550E+01    3.434059E+01    3.436421E+01    3.438553E+01    3.440211E+01    3.441115E+01
   3.547217E+01    3.545839E+01    3.542943E+01    3.538194E+01    3.531166E+01    3.522897E+01    3.513480E+01    3.503107E+01    3.493405E+01    3.484425E+01    3.475867E+01    3.467453E+01    3.458982E+01    3.450206E+01    3.440755E+01    3.430526E+01    3.432287E+01    3.434486E+01    3.436441E+01    3.437552E+01
   3.549177E+01    3.548002E+01    3.545466E+01    3.540911E+01    3.531837E+01    3.522488E+01    3.511787E+01    3.498420E+01    3.488024E+01    3.479219E+01    3.470916E+01    3.462631E+01    3.454267E+01    3.445502E+01    3.436016E+01    3.425767E+01    3.426381E+01    3.429252E+01    3.432054E+01    3.433635E+01
   3.551151E+01    3.550381E+01    3.548928E+01    3.547240E+01    1.000000E+30    1.000000E+30    1.000000E+30    3.489914E+01    3.480326E+01    3.472767E+01    3.465219E+01    3.457238E+01    3.448762E+01    3.439705E+01    3.430170E+01    3.419330E+01    3.416717E+01    3.422589E+01    3.427372E+01    3.429772E+01
   3.552661E+01    3.552224E+01    3.551471E+01    3.550772E+01    1.000000E+30    1.000000E+30    1.000000E+30    1.000000E+30    3.469661E+01    3.465342E+01    3.459008E+01    3.451234E+01    3.442244E+01    3.432566E+01    3.423641E+01    3.411670E+01    3.396597E+01    3.415397E+01    3.423460E+01    3.426717E+01
   3.553303E+01    3.553074E+01    3.552698E+01    3.552370E+01    1.000000E+30    1.000000E+30    1.000000E+30    1.000000E+30    3.461952E+01    3.458744E+01    3.453055E+01    3.445093E+01    3.434713E+01    3.422665E+01    3.418063E+01    3.411514E+01    3.410464E+01    3.417361E+01    3.422674E+01    3.425281E+01
   3.552823E+01    3.552696E+01    3.552495E+01    3.552335E+01    1.000000E+30    1.000000E+30    1.000000E+30    1.000000E+30    3.456051E+01    3.453328E+01    3.448056E+01    3.439879E+01    3.426977E+01    3.402892E+01    3.412449E+01    3.411286E+01    3.414831E+01    3.419292E+01    3.422916E+01    3.424812E+01
   3.551098E+01    3.551025E+01    3.550913E+01    3.550828E+01    1.000000E+30    1.000000E+30    1.000000E+30    1.000000E+30    3.451457E+01    3.449117E+01    3.444578E+01    3.437790E+01    3.428544E+01    3.417915E+01    3.415701E+01    3.412481E+01    3.416694E+01    3.420409E+01    3.423187E+01    3.424625E+01
   3.548062E+01    3.548030E+01    3.547978E+01    3.547921E+01    1.000000E+30    1.000000E+30    1.000000E+30    1.000000E+30    3.447767E+01    3.445768E+01    3.441966E+01    3.436550E+01    3.429876E+01    3.422999E+01    3.418239E+01    3.413479E+01    3.417502E+01    3.420779E+01    3.423110E+01    3.424305E+01
   3.543629E+01    3.543636E+01    3.543618E+01    3.543574E+01    1.000000E+30    1.000000E+30    1.000000E+30    1.000000E+30    3.444660E+01    3.442927E+01    3.439681E+01    3.435207E+01    3.429905E+01    3.424335E+01    3.419128E+01    3.413733E+01    3.417506E+01    3.420511E+01    3.422610E+01    3.423683E+01
   3.537711E+01    3.537739E+01    3.537743E+01    3.537702E+01    1.000000E+30    1.000000E+30    1.000000E+30    1.000000E+30    3.441876E+01    3.440317E+01    3.437420E+01    3.433478E+01    3.428834E+01    3.423823E+01    3.418667E+01    3.413203E+01    3.416817E+01    3.419692E+01    3.421696E+01    3.422722E+01
   3.530231E+01    3.530239E+01    3.530246E+01    3.530178E+01    1.000000E+30    1.000000E+30    1.000000E+30    1.000000E+30    3.439220E+01    3.437750E+01    3.435020E+01    3.431305E+01    3.426912E+01    3.422122E+01    3.417107E+01    3.411906E+01    3.415510E+01    3.418395E+01    3.420415E+01    3.421455E+01
   3.521176E+01    3.521092E+01    3.520969E+01    3.520865E+01    1.000000E+30    1.000000E+30    1.000000E+30    1.000000E+30    3.436561E+01    3.435124E+01    3.432434E+01    3.428716E+01    3.424271E+01    3.419376E+01    3.414391E+01    3.409790E+01    3.413624E+01    3.416704E+01    3.418851E+01    3.419960E+01
   3.510677E+01    3.510416E+01    3.510028E+01    3.509816E+01    1.000000E+30    1.000000E+30    1.000000E+30    1.000000E+30    3.433805E+01    3.432377E+01    3.429657E+01    3.425783E+01    3.420930E+01    3.415363E+01    3.409946E+01    3.406647E+01    3.411170E+01    3.414737E+01    3.417136E+01    3.418349E+01
   3.499024E+01    3.498456E+01    3.497639E+01    3.497058E+01    1.000000E+30    1.000000E+30    1.000000E+30    1.000000E+30    3.430857E+01    3.429460E+01    3.426705E+01    3.422583E+01    3.416989E+01    3.409804E+01    3.401979E+01    3.402187E+01    3.408323E+01    3.412673E+01    3.415416E+01    3.416754E+01
   3.486559E+01    3.485463E+01    3.483720E+01    3.482231E+01    1.000000E+30    1.000000E+30    1.000000E+30    1.000000E+30    3.427560E+01    3.426320E+01    3.423676E+01    3.419506E+01    3.413304E+01    3.403461E+01    3.384233E+01    3.396981E+01    3.405820E+01    3.410918E+01    3.413899E+01    3.415313E+01
   3.473805E+01    3.471829E+01    3.468269E+01    3.464419E+01    1.000000E+30    1.000000E+30    3.420786E+01    3.421869E+01    3.423574E+01    3.422874E+01    3.420627E+01    3.417054E+01    3.412022E+01    3.405366E+01    3.398115E+01    3.399036E+01    3.405494E+01    3.409961E+01    3.412754E+01    3.414113E+01
   3.461580E+01    3.458393E+01    3.451863E+01    3.441129E+01    3.423015E+01    1.000000E+30    3.417472E+01    3.418965E+01    3.419838E+01    3.419145E+01    3.417265E+01    3.414572E+01    3.411006E+01    3.406695E+01    3.402548E+01    3.400478E+01    3.405574E+01    3.409371E+01    3.411865E+01    3.413116E+01
   3.451027E+01    3.446830E+01    3.437811E+01    3.422479E+01    3.401863E+01    3.402207E+01    3.410345E+01    3.414287E+01    3.415472E+01    3.414686E+01    3.412982E+01    3.411331E+01    3.409253E+01    3.406579E+01    3.403613E+01    3.400794E+01    3.405386E+01    3.408813E+01    3.411080E+01    3.412222E+01
   3.443056E+01    3.438364E+01    3.427606E+01    3.405855E+01    3.356445E+01    3.391634E+01    3.405088E+01    3.410136E+01    3.410907E+01    3.409169E+01    3.406825E+01    3.406810E+01    3.406595E+01    3.405368E+01    3.403223E+01    3.400381E+01    3.404859E+01    3.408130E+01    3.410269E+01    3.411339E+01
   3.438113E+01    3.434124E+01    3.425736E+01    3.412204E+01    3.395686E+01    3.400819E+01    3.405834E+01    3.407883E+01    3.406658E+01    3.402283E+01    3.396416E+01    3.400669E+01    3.403325E+01    3.403640E+01    3.402229E+01    3.399584E+01    3.404086E+01    3.407299E+01    3.409378E+01    3.410410E+01
   3.435499E+01    3.432456E+01    3.426533E+01    3.418211E+01    3.409809E+01    3.407506E+01    3.407048E+01    3.406439E+01    3.403333E+01    3.394955E+01    3.373697E+01    3.393986E+01    3.400598E+01    3.402124E+01    3.401159E+01    3.398655E+01    3.403175E+01    3.406351E+01    3.408399E+01    3.409414E+01
   3.434293E+01    3.431961E+01    3.427572E+01    3.421570E+01    3.415004E+01    3.409755E+01    3.405839E+01    3.404953E+01    3.403192E+01    3.399003E+01    3.393471E+01    3.398002E+01    3.400950E+01    3.401541E+01    3.400318E+01    3.397733E+01    3.402195E+01    3.405322E+01    3.407339E+01    3.408344E+01
   3.433836E+01    3.431954E+01    3.428335E+01    3.423094E+01    3.416311E+01    3.408035E+01    3.399003E+01    3.401815E+01    3.403336E+01    3.402437E+01    3.400780E+01    3.401391E+01    3.401848E+01    3.401275E+01    3.399565E+01    3.396795E+01    3.401139E+01    3.404224E+01    3.406214E+01    3.407207E+01
   3.433734E+01    3.432122E+01    3.428946E+01    3.424023E+01    3.416648E+01    3.404347E+01    3.378021E+01    3.397725E+01    3.403620E+01    3.404553E+01    3.403805E+01    3.403075E+01    3.402160E+01    3.400754E+01    3.398659E+01    3.395762E+01    3.399989E+01    3.403035E+01    3.405016E+01    3.406005E+01
   3.433763E+01    3.432333E+01    3.429596E+01    3.425415E+01    3.419470E+01    3.411401E+01    3.402348E+01    3.404857E+01    3.406536E+01    3.406340E+01    3.405009E+01    3.403309E+01    3.401506E+01    3.399629E+01    3.397396E+01    3.394533E+01    3.398713E+01    3.401754E+01    3.403751E+01    3.404755E+01
   3.433782E+01    3.432386E+01    3.430085E+01    3.426738E+01    3.422290E+01    3.417007E+01    3.412095E+01    3.410439E+01    3.409263E+01    3.407450E+01    3.404969E+01    3.402186E+01    3.399592E+01    3.397624E+01    3.395618E+01    3.393050E+01    3.397297E+01    3.400387E+01    3.402436E+01    3.403481E+01
   1.000000E+30    3.431939E+01    3.430109E+01    3.427486E+01    3.424088E+01    3.420223E+01    3.416493E+01    3.413609E+01    3.410847E+01    3.407634E+01    3.403793E+01    3.399550E+01    3.395803E+01    3.394439E+01    3.393246E+01    3.391308E+01    3.395757E+01    3.398963E+01    3.401100E+01    3.402228E+01
   1.000000E+30    1.000000E+30    3.429489E+01    3.427421E+01    3.424682E+01    3.421553E+01    3.418254E+01    3.414941E+01    3.411322E+01    3.407028E+01    3.401728E+01    3.395199E+01    3.388353E+01    3.389793E+01    3.390421E+01    3.389416E+01    3.394144E+01    3.397506E+01    3.399767E+01    3.401082E+01
   1.000000E+30    1.000000E+30    1.000000E+30    3.426500E+01    3.424064E+01    3.421404E+01    3.418387E+01    3.414987E+01    3.411007E+01    3.406121E+01    3.399694E+01    3.389959E+01    3.371033E+01    3.384477E+01    3.387930E+01    3.387708E+01    3.392590E+01    3.396001E+01    3.398346E+01    3.400227E+01
   1.000000E+30    1.000000E+30    1.000000E+30    1.000000E+30    3.422073E+01    3.419985E+01    3.417274E+01    3.414037E+01    3.410159E+01    3.405497E+01    3.399847E+01    3.392991E+01    3.385855E+01    3.387170E+01    3.387697E+01    3.386622E+01    3.391196E+01    3.394403E+01    3.396329E+01    1.000000E+30
   1.000000E+30    1.000000E+30    1.000000E+30    1.000000E+30    3.420600E+01    3.417530E+01    3.415012E+01    3.412130E+01    3.408642E+01    3.404578E+01    3.400005E+01    3.395146E+01    3.390888E+01    3.389173E+01    3.387754E+01    3.385700E+01    3.389856E+01    3.392938E+01    3.395168E+01    1.000000E+30
   1.000000E+30    1.000000E+30    1.000000E+30    1.000000E+30    1.000000E+30    3.412783E+01    3.411362E+01    3.409105E+01    3.406196E+01    3.402837E+01    3.399172E+01    3.395449E+01    3.392100E+01    3.389574E+01    3.387222E+01    3.384511E+01    3.388277E+01    3.391182E+01    1.000000E+30    1.000000E+30
   1.000000E+30    1.000000E+30    1.000000E+30    1.000000E+30    1.000000E+30    3.407787E+01    3.406794E+01    3.405029E+01    3.402727E+01    3.400020E+01    3.397071E+01    3.394071E+01    3.391205E+01    3.388556E+01    3.385866E+01    3.382815E+01    3.386197E+01    1.000000E+30    1.000000E+30    1.000000E+30
   1.000000E+30    1.000000E+30    1.000000E+30    1.000000E+30    1.000000E+30    3.402164E+01    3.401383E+01    3.399993E+01    3.398161E+01    3.396018E+01    3.393678E+01    3.391241E+01    3.388785E+01    3.386311E+01    3.383653E+01    3.380529E+01    1.000000E+30    1.000000E+30    1.000000E+30    1.000000E+30
