   3.520241E+01    3.519000E+01    3.516577E+01    3.513041E+01    3.508474E+01    3.503002E+01    3.496781E+01    3.489989E+01    3.482808E+01    3.475413E+01    3.467898E+01    3.460291E+01    3.452530E+01    3.444518E+01    3.436159E+01    3.427403E+01    3.428112E+01    3.428696E+01    3.429105E+01    3.429313E+01
   3.520455E+01    3.519187E+01    3.516715E+01    3.513110E+01    3.508447E+01    3.502856E+01    3.496502E+01    3.489573E+01    3.482273E+01    3.474784E+01    3.467229E+01    3.459625E+01    3.451895E+01    3.443923E+01    3.435589E+01    3.426796E+01    3.427536E+01    3.428124E+01    3.428528E+01    3.428733E+01
   3.520898E+01    3.519581E+01    3.517020E+01    3.513276E+01    3.508407E+01    3.502565E+01    3.495939E+01    3.488751E+01    3.481217E+01    3.473550E+01    3.465907E+01    3.458303E+01    3.450617E+01    3.442711E+01    3.434438E+01    3.425688E+01    3.426394E+01    3.426958E+01    3.427352E+01    3.427554E+01
   3.521610E+01    3.520234E+01    3.517537E+01    3.513559E+01    3.508372E+01    3.502149E+01    3.495105E+01    3.487513E+01    3.479639E+01    3.471704E+01    3.463936E+01    3.456328E+01    3.448654E+01    3.440818E+01    3.432678E+01    3.424085E+01    3.424672E+01    3.425174E+01    3.425559E+01    3.425765E+01
   3.522629E+01    3.521187E+01    3.518322E+01    3.514033E+01    3.508390E+01    3.501613E+01    3.493968E+01    3.485797E+01    3.477469E+01    3.469229E+01    3.461263E+01    3.453572E+01    3.445949E+01    3.438234E+01    3.430281E+01    3.421955E+01    3.422328E+01    3.422754E+01    3.423143E+01    3.423373E+01
   3.523990E+01    3.522505E+01    3.519489E+01    3.514839E+01    3.508545E+01    3.501002E+01    3.492498E+01    3.483424E+01    3.474469E+01    3.465908E+01    3.457814E+01    3.450073E+01    3.442511E+01    3.434951E+01    3.427213E+01    3.419216E+01    3.419264E+01    3.419626E+01    3.420087E+01    3.420391E+01
   3.525694E+01    3.524248E+01    3.521216E+01    3.516261E+01    3.508956E+01    3.500395E+01    3.490709E+01    3.480142E+01    3.470421E+01    3.461642E+01    3.453533E+01    3.445835E+01    3.438375E+01    3.430985E+01    3.423411E+01    3.415677E+01    3.415197E+01    3.415636E+01    3.416380E+01    3.416880E+01
   3.527658E+01    3.526426E+01    3.523773E+01    3.519030E+01    3.509626E+01    3.499949E+01    3.488935E+01    3.475277E+01    3.464834E+01    3.456245E+01    3.448428E+01    3.440913E+01    3.433609E+01    3.426272E+01    3.418713E+01    3.411001E+01    3.409460E+01    3.410535E+01    3.412075E+01    3.413016E+01
   3.529612E+01    3.528804E+01    3.527282E+01    3.525518E+01    1.000000E+30    1.000000E+30    1.000000E+30    3.466514E+01    3.456872E+01    3.449555E+01    3.442539E+01    3.435387E+01    3.428055E+01    3.420516E+01    3.412975E+01    3.404771E+01    3.400189E+01    3.404075E+01    3.407474E+01    3.409184E+01
   3.531055E+01    3.530596E+01    3.529806E+01    3.529072E+01    1.000000E+30    1.000000E+30    1.000000E+30    1.000000E+30    3.445888E+01    3.441854E+01    3.436107E+01    3.429240E+01    3.421508E+01    3.413471E+01    3.406584E+01    3.397406E+01    3.381085E+01    3.397100E+01    3.403575E+01    3.406091E+01
   3.531565E+01    3.531324E+01    3.530928E+01    3.530582E+01    1.000000E+30    1.000000E+30    1.000000E+30    1.000000E+30    3.437853E+01    3.434959E+01    3.429909E+01    3.422947E+01    3.413990E+01    3.403811E+01    3.401070E+01    3.397070E+01    3.393876E+01    3.398701E+01    3.402596E+01    3.404506E+01
   3.530883E+01    3.530748E+01    3.530534E+01    3.530366E+01    1.000000E+30    1.000000E+30    1.000000E+30    1.000000E+30    3.431627E+01    3.429233E+01    3.424632E+01    3.417530E+01    3.406274E+01    3.384863E+01    3.395504E+01    3.396647E+01    3.397732E+01    3.400262E+01    3.402577E+01    3.403831E+01
   3.528886E+01    3.528807E+01    3.528689E+01    3.528600E+01    1.000000E+30    1.000000E+30    1.000000E+30    1.000000E+30    3.426714E+01    3.424706E+01    3.420831E+01    3.415077E+01    3.407309E+01    3.398606E+01    3.398244E+01    3.397520E+01    3.399233E+01    3.401067E+01    3.402604E+01    3.403442E+01
   3.525513E+01    3.525480E+01    3.525426E+01    3.525366E+01    1.000000E+30    1.000000E+30    1.000000E+30    1.000000E+30    3.422727E+01    3.421058E+01    3.417908E+01    3.413481E+01    3.408165E+01    3.403022E+01    3.400309E+01    3.398167E+01    3.399738E+01    3.401200E+01    3.402345E+01    3.402963E+01
   3.520685E+01    3.520693E+01    3.520677E+01    3.520632E+01    1.000000E+30    1.000000E+30    1.000000E+30    1.000000E+30    3.419353E+01    3.417953E+01    3.415357E+01    3.411851E+01    3.407852E+01    3.403956E+01    3.400842E+01    3.398103E+01    3.399505E+01    3.400765E+01    3.401722E+01    3.402235E+01
   3.514321E+01    3.514353E+01    3.514361E+01    3.514321E+01    1.000000E+30    1.000000E+30    1.000000E+30    1.000000E+30    3.416336E+01    3.415117E+01    3.412879E+01    3.409908E+01    3.406554E+01    3.403200E+01    3.400139E+01    3.397313E+01    3.398645E+01    3.399837E+01    3.400735E+01    3.401216E+01
   3.506358E+01    3.506370E+01    3.506385E+01    3.506319E+01    1.000000E+30    1.000000E+30    1.000000E+30    1.000000E+30    3.413477E+01    3.412358E+01    3.410307E+01    3.407583E+01    3.404492E+01    3.401361E+01    3.398437E+01    3.395836E+01    3.397225E+01    3.398477E+01    3.399421E+01    3.399928E+01
   3.496802E+01    3.496722E+01    3.496607E+01    3.496509E+01    1.000000E+30    1.000000E+30    1.000000E+30    1.000000E+30    3.410635E+01    3.409564E+01    3.407580E+01    3.404891E+01    3.401783E+01    3.398570E+01    3.395683E+01    3.393630E+01    3.395284E+01    3.396765E+01    3.397855E+01    3.398435E+01
   3.485812E+01    3.485558E+01    3.485180E+01    3.484980E+01    1.000000E+30    1.000000E+30    1.000000E+30    1.000000E+30    3.407708E+01    3.406662E+01    3.404676E+01    3.401873E+01    3.398426E+01    3.394621E+01    3.391346E+01    3.390507E+01    3.392837E+01    3.394799E+01    3.396147E+01    3.396836E+01
   3.473707E+01    3.473153E+01    3.472360E+01    3.471801E+01    1.000000E+30    1.000000E+30    1.000000E+30    1.000000E+30    3.404590E+01    3.403597E+01    3.401609E+01    3.398607E+01    3.394507E+01    3.389231E+01    3.383725E+01    3.386189E+01    3.390035E+01    3.392748E+01    3.394436E+01    3.395254E+01
   3.460850E+01    3.459785E+01    3.458093E+01    3.456651E+01    1.000000E+30    1.000000E+30    1.000000E+30    1.000000E+30    3.401113E+01    3.400319E+01    3.398475E+01    3.395465E+01    3.390835E+01    3.383105E+01    3.366924E+01    3.381186E+01    3.387565E+01    3.390994E+01    3.392922E+01    3.393819E+01
   3.447773E+01    3.445858E+01    3.442408E+01    3.438673E+01    1.000000E+30    1.000000E+30    3.393549E+01    3.394777E+01    3.396898E+01    3.396761E+01    3.395346E+01    3.392929E+01    3.389429E+01    3.384730E+01    3.379829E+01    3.382998E+01    3.387140E+01    3.389996E+01    3.391763E+01    3.392616E+01
   3.435284E+01    3.432207E+01    3.425895E+01    3.415470E+01    3.397706E+01    1.000000E+30    3.390473E+01    3.391999E+01    3.393169E+01    3.393030E+01    3.391975E+01    3.390399E+01    3.388296E+01    3.385825E+01    3.383857E+01    3.384232E+01    3.387104E+01    3.389351E+01    3.390851E+01    3.391609E+01
   3.424496E+01    3.420463E+01    3.411799E+01    3.397050E+01    3.377113E+01    3.376721E+01    3.383935E+01    3.387595E+01    3.388949E+01    3.388689E+01    3.387796E+01    3.387207E+01    3.386512E+01    3.385581E+01    3.384730E+01    3.384416E+01    3.386830E+01    3.388742E+01    3.390041E+01    3.390706E+01
   3.416275E+01    3.411784E+01    3.401502E+01    3.380769E+01    3.333855E+01    3.366584E+01    3.378948E+01    3.383644E+01    3.384578E+01    3.383405E+01    3.381907E+01    3.382857E+01    3.383912E+01    3.384338E+01    3.384257E+01    3.383916E+01    3.386250E+01    3.388028E+01    3.389220E+01    3.389826E+01
   3.411038E+01    3.407219E+01    3.399193E+01    3.386260E+01    3.370450E+01    3.375006E+01    3.379533E+01    3.381451E+01    3.380520E+01    3.376869E+01    3.372058E+01    3.377019E+01    3.380767E+01    3.382635E+01    3.383236E+01    3.383069E+01    3.385454E+01    3.387196E+01    3.388344E+01    3.388920E+01
   3.408118E+01    3.405200E+01    3.399519E+01    3.391537E+01    3.383443E+01    3.381094E+01    3.380551E+01    3.380017E+01    3.377343E+01    3.369938E+01    3.350643E+01    3.370694E+01    3.378156E+01    3.381153E+01    3.382162E+01    3.382108E+01    3.384543E+01    3.386276E+01    3.387408E+01    3.387972E+01
   3.406634E+01    3.404396E+01    3.400183E+01    3.394419E+01    3.388109E+01    3.383054E+01    3.379319E+01    3.378566E+01    3.377182E+01    3.373725E+01    3.369233E+01    3.374448E+01    3.378458E+01    3.380566E+01    3.381316E+01    3.381161E+01    3.383582E+01    3.385299E+01    3.386417E+01    3.386978E+01
   3.405948E+01    3.404142E+01    3.400674E+01    3.395656E+01    3.389185E+01    3.381334E+01    3.372835E+01    3.375600E+01    3.377318E+01    3.376959E+01    3.376110E+01    3.377637E+01    3.379298E+01    3.380300E+01    3.380571E+01    3.380210E+01    3.382569E+01    3.384272E+01    3.385381E+01    3.385939E+01
   3.405672E+01    3.404127E+01    3.401091E+01    3.396399E+01    3.389406E+01    3.377809E+01    3.353052E+01    3.371769E+01    3.377617E+01    3.378986E+01    3.378992E+01    3.379256E+01    3.379618E+01    3.379821E+01    3.379703E+01    3.379183E+01    3.381484E+01    3.383180E+01    3.384298E+01    3.384861E+01
   3.405583E+01    3.404212E+01    3.401601E+01    3.397630E+01    3.392013E+01    3.384434E+01    3.375989E+01    3.378529E+01    3.380427E+01    3.380744E+01    3.380203E+01    3.379551E+01    3.379065E+01    3.378801E+01    3.378523E+01    3.377997E+01    3.380303E+01    3.382025E+01    3.383174E+01    3.383757E+01
   3.405539E+01    3.404192E+01    3.402001E+01    3.398838E+01    3.394660E+01    3.389734E+01    3.385218E+01    3.383864E+01    3.383099E+01    3.381908E+01    3.380289E+01    3.378611E+01    3.377365E+01    3.376991E+01    3.376893E+01    3.376602E+01    3.379017E+01    3.380815E+01    3.382027E+01    3.382651E+01
   1.000000E+30    3.403728E+01    3.401999E+01    3.399545E+01    3.396392E+01    3.392835E+01    3.389463E+01    3.386981E+01    3.384744E+01    3.382249E+01    3.379355E+01    3.376298E+01    3.373949E+01    3.374115E+01    3.374749E+01    3.375005E+01    3.377649E+01    3.379584E+01    3.380888E+01    3.381585E+01
   1.000000E+30    1.000000E+30    3.401415E+01    3.399528E+01    3.397047E+01    3.394227E+01    3.391297E+01    3.388436E+01    3.385411E+01    3.381909E+01    3.377641E+01    3.372427E+01    3.367149E+01    3.369924E+01    3.372230E+01    3.373320E+01    3.376264E+01    3.378362E+01    3.379785E+01    3.380633E+01
   1.000000E+30    1.000000E+30    1.000000E+30    3.398750E+01    3.396650E+01    3.394326E+01    3.391696E+01    3.388777E+01    3.385425E+01    3.381367E+01    3.376033E+01    3.367791E+01    3.351136E+01    3.365164E+01    3.370085E+01    3.371867E+01    3.374991E+01    3.377160E+01    3.378671E+01    3.379945E+01
   1.000000E+30    1.000000E+30    1.000000E+30    1.000000E+30    3.395117E+01    3.393378E+01    3.391072E+01    3.388321E+01    3.385067E+01    3.381210E+01    3.376586E+01    3.371020E+01    3.365414E+01    3.368000E+01    3.370130E+01    3.371060E+01    3.373936E+01    3.375962E+01    3.377194E+01    1.000000E+30
   1.000000E+30    1.000000E+30    1.000000E+30    1.000000E+30    3.394031E+01    3.391664E+01    3.389586E+01    3.387163E+01    3.384262E+01    3.380943E+01    3.377293E+01    3.373561E+01    3.370608E+01    3.370294E+01    3.370537E+01    3.370479E+01    3.373004E+01    3.374922E+01    3.376352E+01    1.000000E+30
   1.000000E+30    1.000000E+30    1.000000E+30    1.000000E+30    1.000000E+30    3.388322E+01    3.387133E+01    3.385243E+01    3.382839E+01    3.380131E+01    3.377279E+01    3.374547E+01    3.372379E+01    3.371231E+01    3.370522E+01    3.369764E+01    3.371977E+01    3.373752E+01    1.000000E+30    1.000000E+30
   1.000000E+30    1.000000E+30    1.000000E+30    1.000000E+30    1.000000E+30    3.384969E+01    3.384137E+01    3.382664E+01    3.380764E+01    3.378594E+01    3.376337E+01    3.374199E+01    3.372391E+01    3.371031E+01    3.369910E+01    3.368750E+01    3.370683E+01    1.000000E+30    1.000000E+30    1.000000E+30
   1.000000E+30    1.000000E+30    1.000000E+30    1.000000E+30    1.000000E+30    3.381372E+01    3.380719E+01    3.379552E+01    3.378029E+01    3.376297E+01    3.374500E+01    3.372776E+01    3.371236E+01    3.369924E+01    3.368725E+01    3.367438E+01    1.000000E+30    1.000000E+30    1.000000E+30    1.000000E+30
