   3.551705E+01    3.550379E+01    3.547787E+01    3.543987E+01    3.539052E+01    3.533096E+01    3.526262E+01    3.518719E+01    3.510635E+01    3.502172E+01    3.493400E+01    3.484308E+01    3.474778E+01    3.464630E+01    3.453671E+01    3.441743E+01    3.444456E+01    3.446546E+01    3.447957E+01    3.448663E+01
   3.551925E+01    3.550572E+01    3.547930E+01    3.544059E+01    3.539024E+01    3.532943E+01    3.525969E+01    3.518281E+01    3.510069E+01    3.501504E+01    3.492690E+01    3.483608E+01    3.474121E+01    3.464028E+01    3.453112E+01    3.441157E+01    3.443884E+01    3.445972E+01    3.447373E+01    3.448072E+01
   3.552381E+01    3.550977E+01    3.548243E+01    3.544228E+01    3.538979E+01    3.532634E+01    3.525374E+01    3.517410E+01    3.508949E+01    3.500194E+01    3.491291E+01    3.482219E+01    3.472794E+01    3.462795E+01    3.451964E+01    3.440075E+01    3.442743E+01    3.444796E+01    3.446177E+01    3.446866E+01
   3.553114E+01    3.551650E+01    3.548774E+01    3.544516E+01    3.538935E+01    3.532191E+01    3.524492E+01    3.516103E+01    3.507282E+01    3.498242E+01    3.489212E+01    3.480152E+01    3.470756E+01    3.460854E+01    3.450197E+01    3.438507E+01    3.441025E+01    3.442992E+01    3.444348E+01    3.445034E+01
   3.554163E+01    3.552632E+01    3.549583E+01    3.545002E+01    3.538944E+01    3.531620E+01    3.523290E+01    3.514292E+01    3.504996E+01    3.495639E+01    3.486403E+01    3.477267E+01    3.467950E+01    3.458206E+01    3.447788E+01    3.436431E+01    3.438692E+01    3.440548E+01    3.441889E+01    3.442591E+01
   3.555567E+01    3.553993E+01    3.550789E+01    3.545833E+01    3.539095E+01    3.530968E+01    3.521733E+01    3.511784E+01    3.501833E+01    3.492151E+01    3.482796E+01    3.473625E+01    3.464402E+01    3.454864E+01    3.444718E+01    3.433767E+01    3.435667E+01    3.437423E+01    3.438808E+01    3.439569E+01
   3.557328E+01    3.555798E+01    3.552583E+01    3.547312E+01    3.539514E+01    3.530317E+01    3.519836E+01    3.508306E+01    3.497560E+01    3.487673E+01    3.478330E+01    3.469236E+01    3.460171E+01    3.450868E+01    3.440951E+01    3.430339E+01    3.431712E+01    3.433501E+01    3.435118E+01    3.436047E+01
   3.559361E+01    3.558059E+01    3.555251E+01    3.550216E+01    3.540211E+01    3.529839E+01    3.517948E+01    3.503119E+01    3.491645E+01    3.482010E+01    3.473029E+01    3.464180E+01    3.455348E+01    3.446179E+01    3.436345E+01    3.425850E+01    3.426271E+01    3.428592E+01    3.430897E+01    3.432211E+01
   3.561385E+01    3.560533E+01    3.558926E+01    3.557059E+01    1.000000E+30    1.000000E+30    1.000000E+30    3.493704E+01    3.483187E+01    3.474993E+01    3.466948E+01    3.458578E+01    3.449807E+01    3.440513E+01    3.430778E+01    3.419962E+01    3.417787E+01    3.422528E+01    3.426449E+01    3.428435E+01
   3.562879E+01    3.562396E+01    3.561564E+01    3.560789E+01    1.000000E+30    1.000000E+30    1.000000E+30    1.000000E+30    3.471495E+01    3.466923E+01    3.460339E+01    3.452407E+01    3.443387E+01    3.433735E+01    3.424644E+01    3.413096E+01    3.400999E+01    3.416101E+01    3.422681E+01    3.425371E+01
   3.563406E+01    3.563152E+01    3.562736E+01    3.562372E+01    1.000000E+30    1.000000E+30    1.000000E+30    1.000000E+30    3.463039E+01    3.459746E+01    3.454004E+01    3.446152E+01    3.436176E+01    3.424771E+01    3.419324E+01    3.412323E+01    3.411501E+01    3.417140E+01    3.421532E+01    3.423706E+01
   3.562695E+01    3.562554E+01    3.562329E+01    3.562154E+01    1.000000E+30    1.000000E+30    1.000000E+30    1.000000E+30    3.456534E+01    3.453801E+01    3.448597E+01    3.440754E+01    3.428909E+01    3.408043E+01    3.414088E+01    3.411596E+01    3.414542E+01    3.418267E+01    3.421311E+01    3.422914E+01
   3.560621E+01    3.560539E+01    3.560416E+01    3.560323E+01    1.000000E+30    1.000000E+30    1.000000E+30    1.000000E+30    3.451413E+01    3.449078E+01    3.444600E+01    3.438025E+01    3.429265E+01    3.419307E+01    3.416111E+01    3.412121E+01    3.415660E+01    3.418811E+01    3.421185E+01    3.422420E+01
   3.557117E+01    3.557082E+01    3.557027E+01    3.556965E+01    1.000000E+30    1.000000E+30    1.000000E+30    1.000000E+30    3.447260E+01    3.445256E+01    3.441468E+01    3.436122E+01    3.429582E+01    3.422792E+01    3.417684E+01    3.412571E+01    3.415986E+01    3.418799E+01    3.420817E+01    3.421858E+01
   3.552098E+01    3.552107E+01    3.552090E+01    3.552044E+01    1.000000E+30    1.000000E+30    1.000000E+30    1.000000E+30    3.443756E+01    3.442007E+01    3.438741E+01    3.434258E+01    3.428952E+01    3.423341E+01    3.417983E+01    3.412460E+01    3.415690E+01    3.418293E+01    3.420127E+01    3.421070E+01
   3.545477E+01    3.545511E+01    3.545519E+01    3.545478E+01    1.000000E+30    1.000000E+30    1.000000E+30    1.000000E+30    3.440642E+01    3.439063E+01    3.436136E+01    3.432160E+01    3.427481E+01    3.422423E+01    3.417205E+01    3.411725E+01    3.414836E+01    3.417342E+01    3.419103E+01    3.420010E+01
   3.537185E+01    3.537199E+01    3.537216E+01    3.537148E+01    1.000000E+30    1.000000E+30    1.000000E+30    1.000000E+30    3.437717E+01    3.436232E+01    3.433480E+01    3.429747E+01    3.425344E+01    3.420549E+01    3.415532E+01    3.410354E+01    3.413469E+01    3.415991E+01    3.417772E+01    3.418695E+01
   3.527233E+01    3.527153E+01    3.527036E+01    3.526938E+01    1.000000E+30    1.000000E+30    1.000000E+30    1.000000E+30    3.434842E+01    3.433401E+01    3.430716E+01    3.427025E+01    3.422638E+01    3.417824E+01    3.412903E+01    3.408298E+01    3.411617E+01    3.414312E+01    3.416204E+01    3.417187E+01
   3.515793E+01    3.515536E+01    3.515154E+01    3.514956E+01    1.000000E+30    1.000000E+30    1.000000E+30    1.000000E+30    3.431915E+01    3.430499E+01    3.427818E+01    3.424041E+01    3.419366E+01    3.414055E+01    3.408855E+01    3.405391E+01    3.409292E+01    3.412402E+01    3.414512E+01    3.415585E+01
   3.503214E+01    3.502657E+01    3.501864E+01    3.501309E+01    1.000000E+30    1.000000E+30    1.000000E+30    1.000000E+30    3.428840E+01    3.427466E+01    3.424786E+01    3.420842E+01    3.415604E+01    3.409036E+01    3.401971E+01    3.401414E+01    3.406649E+01    3.410416E+01    3.412820E+01    3.414003E+01
   3.489896E+01    3.488834E+01    3.487156E+01    3.485735E+01    1.000000E+30    1.000000E+30    1.000000E+30    1.000000E+30    3.425479E+01    3.424253E+01    3.421694E+01    3.417751E+01    3.412069E+01    3.403423E+01    3.387318E+01    3.396866E+01    3.404305E+01    3.408699E+01    3.411310E+01    3.412559E+01
   3.476408E+01    3.474520E+01    3.471131E+01    3.467480E+01    1.000000E+30    1.000000E+30    3.419127E+01    3.420021E+01    3.421555E+01    3.420803E+01    3.418598E+01    3.415188E+01    3.410515E+01    3.404498E+01    3.398035E+01    3.398199E+01    3.403755E+01    3.407655E+01    3.410122E+01    3.411332E+01
   3.463592E+01    3.460592E+01    3.454462E+01    3.444358E+01    3.427015E+01    1.000000E+30    3.416388E+01    3.417436E+01    3.417999E+01    3.417175E+01    3.415273E+01    3.412626E+01    3.409211E+01    3.405167E+01    3.401272E+01    3.399086E+01    3.403569E+01    3.406939E+01    3.409167E+01    3.410291E+01
   3.452570E+01    3.448686E+01    3.440414E+01    3.426482E+01    3.407713E+01    3.405526E+01    3.410790E+01    3.413392E+01    3.413982E+01    3.412991E+01    3.411226E+01    3.409470E+01    3.407338E+01    3.404706E+01    3.401834E+01    3.399091E+01    3.403187E+01    3.406268E+01    3.408316E+01    3.409352E+01
   3.444174E+01    3.439885E+01    3.430219E+01    3.411257E+01    3.369964E+01    3.396489E+01    3.406267E+01    3.409685E+01    3.409825E+01    3.407992E+01    3.405700E+01    3.405315E+01    3.404769E+01    3.403387E+01    3.401242E+01    3.398523E+01    3.402545E+01    3.405508E+01    3.407456E+01    3.408434E+01
   3.438779E+01    3.435100E+01    3.427446E+01    3.415298E+01    3.400607E+01    3.403485E+01    3.406591E+01    3.407548E+01    3.405992E+01    3.401970E+01    3.396832E+01    3.399924E+01    3.401761E+01    3.401689E+01    3.400187E+01    3.397659E+01    3.401714E+01    3.404637E+01    3.406539E+01    3.407488E+01
   3.435750E+01    3.432895E+01    3.427360E+01    3.419609E+01    3.411660E+01    3.408702E+01    3.407411E+01    3.406169E+01    3.403034E+01    3.395750E+01    3.378293E+01    3.394230E+01    3.399282E+01    3.400217E+01    3.399101E+01    3.396704E+01    3.400782E+01    3.403677E+01    3.405556E+01    3.406491E+01
   3.434230E+01    3.432004E+01    3.427818E+01    3.422085E+01    3.415747E+01    3.410473E+01    3.406380E+01    3.404879E+01    3.402810E+01    3.398892E+01    3.394001E+01    3.397312E+01    3.399393E+01    3.399561E+01    3.398231E+01    3.395769E+01    3.399802E+01    3.402658E+01    3.404510E+01    3.405437E+01
   3.433573E+01    3.431754E+01    3.428268E+01    3.423241E+01    3.416808E+01    3.409119E+01    3.400896E+01    3.402375E+01    3.402969E+01    3.401702E+01    3.399903E+01    3.400005E+01    3.400020E+01    3.399205E+01    3.397457E+01    3.394831E+01    3.398761E+01    3.401581E+01    3.403410E+01    3.404326E+01
   3.433359E+01    3.431790E+01    3.428718E+01    3.424020E+01    3.417175E+01    3.406285E+01    3.384239E+01    3.399232E+01    3.403339E+01    3.403526E+01    3.402410E+01    3.401360E+01    3.400197E+01    3.398657E+01    3.396565E+01    3.393818E+01    3.397641E+01    3.400425E+01    3.402246E+01    3.403159E+01
   3.433333E+01    3.431928E+01    3.429258E+01    3.425229E+01    3.419615E+01    3.412194E+01    3.404000E+01    3.405226E+01    3.405892E+01    3.405101E+01    3.403439E+01    3.401526E+01    3.399577E+01    3.397608E+01    3.395373E+01    3.392638E+01    3.396413E+01    3.399188E+01    3.401022E+01    3.401948E+01
   3.433326E+01    3.431934E+01    3.429656E+01    3.426372E+01    3.422050E+01    3.416955E+01    3.412134E+01    3.409984E+01    3.408275E+01    3.406094E+01    3.403418E+01    3.400549E+01    3.397898E+01    3.395815E+01    3.393743E+01    3.391239E+01    3.395060E+01    3.397872E+01    3.399751E+01    3.400715E+01
   1.000000E+30    3.431456E+01    3.429610E+01    3.426977E+01    3.423577E+01    3.419699E+01    3.415871E+01    3.412712E+01    3.409659E+01    3.406269E+01    3.402412E+01    3.398292E+01    3.394658E+01    3.393033E+01    3.391608E+01    3.389613E+01    3.393596E+01    3.396504E+01    3.398460E+01    3.399501E+01
   1.000000E+30    1.000000E+30    3.428931E+01    3.426802E+01    3.423990E+01    3.420767E+01    3.417327E+01    3.413822E+01    3.410042E+01    3.405721E+01    3.400622E+01    3.394602E+01    3.388437E+01    3.389045E+01    3.389086E+01    3.387850E+01    3.392059E+01    3.395100E+01    3.397170E+01    3.398390E+01
   1.000000E+30    1.000000E+30    1.000000E+30    3.425783E+01    3.423231E+01    3.420452E+01    3.417291E+01    3.413740E+01    3.409663E+01    3.404839E+01    3.398802E+01    3.390176E+01    3.374332E+01    3.384521E+01    3.386829E+01    3.386227E+01    3.390557E+01    3.393639E+01    3.395793E+01    3.397561E+01
   1.000000E+30    1.000000E+30    1.000000E+30    1.000000E+30    3.421085E+01    3.418897E+01    3.416054E+01    3.412683E+01    3.408719E+01    3.404095E+01    3.398695E+01    3.392384E+01    3.385959E+01    3.386446E+01    3.386395E+01    3.385099E+01    3.389171E+01    3.392076E+01    3.393848E+01    1.000000E+30
   1.000000E+30    1.000000E+30    1.000000E+30    1.000000E+30    3.419522E+01    3.416320E+01    3.413678E+01    3.410671E+01    3.407086E+01    3.403001E+01    3.398518E+01    3.393854E+01    3.389758E+01    3.387812E+01    3.386185E+01    3.384093E+01    3.387821E+01    3.390639E+01    3.392717E+01    1.000000E+30
   1.000000E+30    1.000000E+30    1.000000E+30    1.000000E+30    1.000000E+30    3.411421E+01    3.409922E+01    3.407554E+01    3.404539E+01    3.401113E+01    3.397438E+01    3.393751E+01    3.390428E+01    3.387843E+01    3.385467E+01    3.382850E+01    3.386258E+01    3.388944E+01    1.000000E+30    1.000000E+30
   1.000000E+30    1.000000E+30    1.000000E+30    1.000000E+30    1.000000E+30    3.406352E+01    3.405300E+01    3.403437E+01    3.401027E+01    3.398227E+01    3.395218E+01    3.392190E+01    3.389312E+01    3.386666E+01    3.384040E+01    3.381167E+01    3.384257E+01    1.000000E+30    1.000000E+30    1.000000E+30
   1.000000E+30    1.000000E+30    1.000000E+30    1.000000E+30    1.000000E+30    3.400758E+01    3.399927E+01    3.398448E+01    3.396511E+01    3.394268E+01    3.391849E+01    3.389362E+01    3.386885E+01    3.384431E+01    3.381873E+01    3.378988E+01    1.000000E+30    1.000000E+30    1.000000E+30    1.000000E+30
