   3.603164E+01    3.601197E+01    3.597358E+01    3.591751E+01    3.584513E+01    3.575844E+01    3.565978E+01    3.555182E+01    3.543716E+01    3.531821E+01    3.519605E+01    3.507066E+01    3.494064E+01    3.480387E+01    3.465824E+01    3.450230E+01    3.452718E+01    3.454675E+01    3.456016E+01    3.456694E+01
   3.603801E+01    3.601786E+01    3.597855E+01    3.592119E+01    3.584710E+01    3.575837E+01    3.565756E+01    3.554747E+01    3.543103E+01    3.531074E+01    3.518811E+01    3.506297E+01    3.493361E+01    3.479765E+01    3.465268E+01    3.449658E+01    3.452158E+01    3.454114E+01    3.455449E+01    3.456122E+01
   3.605124E+01    3.603011E+01    3.598905E+01    3.592905E+01    3.585127E+01    3.575823E+01    3.565298E+01    3.553883E+01    3.541889E+01    3.529608E+01    3.517245E+01    3.504764E+01    3.491931E+01    3.478475E+01    3.464102E+01    3.448591E+01    3.451035E+01    3.452962E+01    3.454283E+01    3.454949E+01
   3.607230E+01    3.604992E+01    3.600608E+01    3.594162E+01    3.585799E+01    3.575829E+01    3.564615E+01    3.552570E+01    3.540070E+01    3.527410E+01    3.514903E+01    3.502471E+01    3.489707E+01    3.476404E+01    3.462274E+01    3.447024E+01    3.449328E+01    3.451181E+01    3.452487E+01    3.453157E+01
   3.610247E+01    3.607859E+01    3.603119E+01    3.596046E+01    3.586805E+01    3.575845E+01    3.563635E+01    3.550695E+01    3.537536E+01    3.524466E+01    3.511712E+01    3.499226E+01    3.486612E+01    3.473550E+01    3.459745E+01    3.444919E+01    3.446979E+01    3.448740E+01    3.450050E+01    3.450748E+01
   3.614319E+01    3.611802E+01    3.606695E+01    3.598831E+01    3.588260E+01    3.575885E+01    3.562254E+01    3.547947E+01    3.533907E+01    3.520444E+01    3.507586E+01    3.495113E+01    3.482679E+01    3.469924E+01    3.456490E+01    3.442173E+01    3.443878E+01    3.445569E+01    3.446958E+01    3.447735E+01
   3.619546E+01    3.617036E+01    3.611759E+01    3.603084E+01    3.590274E+01    3.575944E+01    3.560380E+01    3.543873E+01    3.528824E+01    3.515175E+01    3.502424E+01    3.490132E+01    3.477976E+01    3.465573E+01    3.452457E+01    3.438564E+01    3.439728E+01    3.441510E+01    3.443201E+01    3.444186E+01
   3.625896E+01    3.623713E+01    3.618979E+01    3.610328E+01    3.592578E+01    3.575990E+01    3.558302E+01    3.537352E+01    3.521536E+01    3.508392E+01    3.496247E+01    3.484376E+01    3.472604E+01    3.460442E+01    3.447464E+01    3.433725E+01    3.433848E+01    3.436312E+01    3.438838E+01    3.440286E+01
   3.633005E+01    3.631561E+01    3.628840E+01    3.625673E+01    1.000000E+30    1.000000E+30    1.000000E+30    3.524739E+01    3.510864E+01    3.499900E+01    3.489152E+01    3.478031E+01    3.466432E+01    3.454180E+01    3.441352E+01    3.427229E+01    3.424349E+01    3.429735E+01    3.434190E+01    3.436437E+01
   3.640036E+01    3.639212E+01    3.637801E+01    3.636528E+01    1.000000E+30    1.000000E+30    1.000000E+30    1.000000E+30    3.496260E+01    3.490194E+01    3.481497E+01    3.471083E+01    3.459290E+01    3.446653E+01    3.434582E+01    3.419543E+01    3.404859E+01    3.422659E+01    3.430287E+01    3.433372E+01
   3.646246E+01    3.645842E+01    3.645179E+01    3.644584E+01    1.000000E+30    1.000000E+30    1.000000E+30    1.000000E+30    3.486147E+01    3.481824E+01    3.474324E+01    3.464138E+01    3.451281E+01    3.436567E+01    3.428775E+01    3.419058E+01    3.417860E+01    3.424358E+01    3.429401E+01    3.431885E+01
   3.651141E+01    3.650950E+01    3.650640E+01    3.650337E+01    1.000000E+30    1.000000E+30    1.000000E+30    1.000000E+30    3.478773E+01    3.475201E+01    3.468433E+01    3.458320E+01    3.443255E+01    3.417207E+01    3.423044E+01    3.418583E+01    3.421856E+01    3.426084E+01    3.429548E+01    3.431370E+01
   3.654459E+01    3.654354E+01    3.654178E+01    3.654026E+01    1.000000E+30    1.000000E+30    1.000000E+30    1.000000E+30    3.473379E+01    3.470301E+01    3.464406E+01    3.455783E+01    3.444328E+01    3.431211E+01    3.425927E+01    3.419598E+01    3.423562E+01    3.427113E+01    3.429794E+01    3.431189E+01
   3.656125E+01    3.656061E+01    3.655955E+01    3.655869E+01    1.000000E+30    1.000000E+30    1.000000E+30    1.000000E+30    3.469459E+01    3.466752E+01    3.461627E+01    3.454381E+01    3.445458E+01    3.435992E+01    3.428331E+01    3.420581E+01    3.424379E+01    3.427525E+01    3.429786E+01    3.430952E+01
   3.656102E+01    3.656072E+01    3.656013E+01    3.655953E+01    1.000000E+30    1.000000E+30    1.000000E+30    1.000000E+30    3.466670E+01    3.464210E+01    3.459602E+01    3.453247E+01    3.445644E+01    3.437434E+01    3.429347E+01    3.420993E+01    3.424542E+01    3.427420E+01    3.429452E+01    3.430498E+01
   3.654316E+01    3.654315E+01    3.654288E+01    3.654238E+01    1.000000E+30    1.000000E+30    1.000000E+30    1.000000E+30    3.464773E+01    3.462427E+01    3.458066E+01    3.452123E+01    3.445071E+01    3.437333E+01    3.429238E+01    3.420776E+01    3.424138E+01    3.426867E+01    3.428793E+01    3.429786E+01
   3.650705E+01    3.650707E+01    3.650699E+01    3.650639E+01    1.000000E+30    1.000000E+30    1.000000E+30    1.000000E+30    3.463651E+01    3.461276E+01    3.456893E+01    3.450968E+01    3.443984E+01    3.436314E+01    3.428225E+01    3.419907E+01    3.423215E+01    3.425921E+01    3.427840E+01    3.428835E+01
   3.645244E+01    3.645199E+01    3.645126E+01    3.645052E+01    1.000000E+30    1.000000E+30    1.000000E+30    1.000000E+30    3.463312E+01    3.460768E+01    3.456106E+01    3.449830E+01    3.442498E+01    3.434497E+01    3.426228E+01    3.418315E+01    3.421789E+01    3.424644E+01    3.426659E+01    3.427707E+01
   3.638020E+01    3.637867E+01    3.637635E+01    3.637509E+01    1.000000E+30    1.000000E+30    1.000000E+30    1.000000E+30    3.463913E+01    3.461014E+01    3.455807E+01    3.448860E+01    3.440658E+01    3.431632E+01    3.422670E+01    3.415778E+01    3.419854E+01    3.423132E+01    3.425363E+01    3.426499E+01
   3.629263E+01    3.628919E+01    3.628431E+01    3.628089E+01    1.000000E+30    1.000000E+30    1.000000E+30    1.000000E+30    3.465792E+01    3.462194E+01    3.456095E+01    3.448135E+01    3.438573E+01    3.427484E+01    3.415842E+01    3.412008E+01    3.417567E+01    3.421551E+01    3.424083E+01    3.425324E+01
   3.619253E+01    3.618591E+01    3.617544E+01    3.616652E+01    1.000000E+30    1.000000E+30    1.000000E+30    1.000000E+30    3.469663E+01    3.464504E+01    3.457052E+01    3.447957E+01    3.436986E+01    3.422739E+01    3.399769E+01    3.407546E+01    3.415622E+01    3.420276E+01    3.423004E+01    3.424303E+01
   3.608375E+01    3.607205E+01    3.605080E+01    3.602735E+01    1.000000E+30    1.000000E+30    3.496370E+01    3.489319E+01    3.477198E+01    3.467767E+01    3.458446E+01    3.448585E+01    3.437801E+01    3.425907E+01    3.413864E+01    3.410016E+01    3.415750E+01    3.419755E+01    3.422273E+01    3.423505E+01
   3.597159E+01    3.595342E+01    3.591559E+01    3.584913E+01    3.572200E+01    1.000000E+30    3.501286E+01    3.492598E+01    3.480860E+01    3.469717E+01    3.459170E+01    3.449000E+01    3.438768E+01    3.428463E+01    3.418924E+01    3.411888E+01    3.416246E+01    3.419563E+01    3.421766E+01    3.422879E+01
   3.586264E+01    3.584018E+01    3.579285E+01    3.571017E+01    3.557228E+01    3.534732E+01    3.512358E+01    3.496847E+01    3.482776E+01    3.469875E+01    3.458279E+01    3.448178E+01    3.438706E+01    3.429486E+01    3.420693E+01    3.412648E+01    3.416450E+01    3.419364E+01    3.421322E+01    3.422318E+01
   3.576077E+01    3.573636E+01    3.568586E+01    3.560315E+01    3.547995E+01    3.531393E+01    3.513634E+01    3.497368E+01    3.481964E+01    3.467422E+01    3.454570E+01    3.445473E+01    3.437338E+01    3.429178E+01    3.420917E+01    3.412644E+01    3.416274E+01    3.418996E+01    3.420806E+01    3.421722E+01
   3.566778E+01    3.564287E+01    3.559240E+01    3.551352E+01    3.540307E+01    3.526334E+01    3.510778E+01    3.494869E+01    3.478615E+01    3.461879E+01    3.445682E+01    3.440476E+01    3.434900E+01    3.428049E+01    3.420358E+01    3.412163E+01    3.415781E+01    3.418421E+01    3.420156E+01    3.421026E+01
   3.558409E+01    3.555898E+01    3.550891E+01    3.543296E+01    3.532873E+01    3.519961E+01    3.505487E+01    3.490441E+01    3.474063E+01    3.454424E+01    3.424148E+01    3.434243E+01    3.432477E+01    3.426793E+01    3.419513E+01    3.411433E+01    3.415063E+01    3.417658E+01    3.419354E+01    3.420202E+01
   3.550961E+01    3.548415E+01    3.543407E+01    3.535762E+01    3.525220E+01    3.512106E+01    3.497654E+01    3.484750E+01    3.471260E+01    3.456665E+01    3.441870E+01    3.437523E+01    3.432530E+01    3.426105E+01    3.418679E+01    3.410592E+01    3.414179E+01    3.416734E+01    3.418401E+01    3.419239E+01
   3.544442E+01    3.541825E+01    3.536670E+01    3.528657E+01    3.517369E+01    3.502425E+01    3.484867E+01    3.477197E+01    3.468313E+01    3.457787E+01    3.447322E+01    3.439738E+01    3.432728E+01    3.425452E+01    3.417748E+01    3.409629E+01    3.413128E+01    3.415657E+01    3.417306E+01    3.418137E+01
   3.538882E+01    3.536087E+01    3.530692E+01    3.522402E+01    3.510380E+01    3.492197E+01    3.459538E+01    3.468893E+01    3.465261E+01    3.457323E+01    3.448352E+01    3.439998E+01    3.432083E+01    3.424325E+01    3.416505E+01    3.408472E+01    3.411890E+01    3.414406E+01    3.416063E+01    3.416898E+01
   3.534437E+01    3.531199E+01    3.525576E+01    3.517555E+01    3.506756E+01    3.492827E+01    3.476960E+01    3.471229E+01    3.464544E+01    3.456294E+01    3.447383E+01    3.438618E+01    3.430298E+01    3.422448E+01    3.414781E+01    3.407017E+01    3.410439E+01    3.412984E+01    3.414682E+01    3.415545E+01
   3.531538E+01    3.526946E+01    3.520947E+01    3.513269E+01    3.503738E+01    3.492623E+01    3.481138E+01    3.472204E+01    3.463546E+01    3.454432E+01    3.445023E+01    3.435753E+01    3.427126E+01    3.419570E+01    3.412435E+01    3.405220E+01    3.408765E+01    3.411404E+01    3.413188E+01    3.414109E+01
   1.000000E+30    3.522400E+01    3.516169E+01    3.508724E+01    3.499994E+01    3.490366E+01    3.480415E+01    3.470896E+01    3.461367E+01    3.451545E+01    3.441419E+01    3.431279E+01    3.422016E+01    3.415425E+01    3.409397E+01    3.403080E+01    3.406894E+01    3.409708E+01    3.411622E+01    3.412655E+01
   1.000000E+30    1.000000E+30    3.510712E+01    3.503306E+01    3.494944E+01    3.486198E+01    3.477086E+01    3.467741E+01    3.458029E+01    3.447778E+01    3.436829E+01    3.425033E+01    3.413270E+01    3.409737E+01    3.405806E+01    3.400706E+01    3.404882E+01    3.407922E+01    3.410022E+01    3.411296E+01
   1.000000E+30    1.000000E+30    1.000000E+30    3.496699E+01    3.488058E+01    3.480195E+01    3.471961E+01    3.463187E+01    3.453769E+01    3.443564E+01    3.432117E+01    3.417783E+01    3.394985E+01    3.403281E+01    3.402428E+01    3.398424E+01    3.402859E+01    3.406038E+01    3.408307E+01    3.410272E+01
   1.000000E+30    1.000000E+30    1.000000E+30    1.000000E+30    3.478159E+01    3.472403E+01    3.465323E+01    3.457447E+01    3.448808E+01    3.439457E+01    3.429333E+01    3.418264E+01    3.407154E+01    3.404357E+01    3.401122E+01    3.396677E+01    3.400942E+01    3.404024E+01    3.405937E+01    1.000000E+30
   1.000000E+30    1.000000E+30    1.000000E+30    1.000000E+30    3.471967E+01    3.463751E+01    3.457355E+01    3.450594E+01    3.443044E+01    3.434935E+01    3.426448E+01    3.417829E+01    3.409951E+01    3.404721E+01    3.400041E+01    3.395052E+01    3.399063E+01    3.402164E+01    3.404523E+01    1.000000E+30
   1.000000E+30    1.000000E+30    1.000000E+30    1.000000E+30    1.000000E+30    3.451002E+01    3.447575E+01    3.442458E+01    3.436287E+01    3.429575E+01    3.422577E+01    3.415599E+01    3.409099E+01    3.403548E+01    3.398397E+01    3.393174E+01    3.396969E+01    3.400055E+01    1.000000E+30    1.000000E+30
   1.000000E+30    1.000000E+30    1.000000E+30    1.000000E+30    1.000000E+30    3.439750E+01    3.437466E+01    3.433570E+01    3.428725E+01    3.423283E+01    3.417562E+01    3.411833E+01    3.406301E+01    3.401085E+01    3.396006E+01    3.390835E+01    3.394427E+01    1.000000E+30    1.000000E+30    1.000000E+30
   1.000000E+30    1.000000E+30    1.000000E+30    1.000000E+30    1.000000E+30    3.429101E+01    3.427353E+01    3.424307E+01    3.420428E+01    3.416062E+01    3.411480E+01    3.406843E+01    3.402202E+01    3.397568E+01    3.392867E+01    3.387981E+01    1.000000E+30    1.000000E+30    1.000000E+30    1.000000E+30
