   3.592765E-06    3.171486E-06    2.059350E-06    3.302623E-06    4.154037E-06    5.410611E-06    6.769949E-06    6.663671E-06    4.083097E-06    3.454443E-06    2.776833E-06    2.676917E-06    2.822275E-06    2.341915E-06    2.914444E-06    3.107584E-06    4.546391E-06    5.016766E-06    6.502520E-06    5.132629E-06
   4.873609E-06    3.969899E-06    3.955831E-06    4.386271E-06    4.512845E-06    5.282471E-06    6.806779E-06    6.917077E-06    4.007928E-06    2.740169E-06    2.522645E-06    1.403683E-06    1.614584E-06    2.169545E-06    2.552252E-06    3.908234E-06    8.099776E-06    7.483347E-06    6.157680E-06    6.720611E-06
   5.544778E-06    5.761432E-06    4.119922E-06    4.305961E-06    3.917046E-06    6.505810E-06    6.811029E-06    5.814597E-06    2.885355E-06    2.759963E-06    2.781937E-06    1.795411E-06    2.550971E-06    2.209412E-06    4.701893E-06    5.305144E-06    5.623503E-06    3.508614E-06    7.175961E-06    5.870077E-06
   4.202698E-06    5.506725E-06    4.630050E-06    2.878425E-06    4.428378E-06    4.768080E-06    6.509069E-06    5.888678E-06    3.329744E-06    2.478891E-06    2.317641E-06    1.341258E-06    2.092143E-06    1.688691E-06    3.105706E-06    3.703918E-06    4.087020E-06    3.581285E-06    4.098365E-06    3.900802E-06
   3.151736E-06    3.398905E-06    4.929801E-06    2.505609E-06    3.012712E-06    6.500508E-06    4.353720E-06    5.734531E-06    3.060084E-06    3.084555E-06    3.567595E-06    1.956103E-06    1.540191E-06    1.733835E-06    3.097177E-06    3.945281E-06    4.805867E-06    2.664278E-06    5.923456E-06    6.758129E-06
   4.122758E-06    4.730212E-06    6.441534E-06    2.965319E-06    2.962981E-06    3.158484E-06    5.971260E-06    5.483942E-06    3.488029E-06    2.223091E-06    3.178369E-06    2.091309E-06    1.877867E-06    1.581816E-06    2.057989E-06    3.247545E-06    3.780007E-06    2.173168E-06    2.424943E-06    4.519535E-06
   5.080911E-06    6.133766E-06    4.146952E-06    3.936811E-06    2.763551E-06    3.931090E-06    4.252449E-06    5.358108E-06    2.471230E-06    1.836760E-06    2.942083E-06    1.315403E-06    1.075192E-06    1.015883E-06    9.958478E-07    1.355178E-06    2.024894E-06    3.231075E-06    2.833896E-06    3.864552E-06
   6.198264E-06    5.735871E-06    8.066841E-06    6.827297E-06    3.871890E-06    4.418351E-06    4.295455E-06    5.379739E-06    2.732625E-06    2.571820E-06    2.872816E-06    1.500317E-06    1.293778E-06    1.408722E-06    1.144055E-06    1.302540E-06    2.028733E-06    2.283982E-06    1.827225E-06    3.318264E-06
   5.607028E-06    3.767412E-06    6.581999E-06    5.437872E-06    5.965886E-06    5.965886E-06    5.965886E-06    4.439885E-06    3.657523E-06    1.659588E-06    1.991831E-06    2.238707E-06    9.201168E-07    7.487556E-07    9.751195E-07    1.424619E-06    1.229962E-06    2.268663E-06    1.959303E-06    1.721213E-06
   4.960497E-06    3.529365E-06    4.103125E-06    5.707224E-06    5.965886E-06    5.965886E-06    5.965886E-06    5.965886E-06    2.823200E-06    3.006198E-06    3.108134E-06    1.816922E-06    9.726959E-07    7.573670E-07    9.278404E-07    2.004647E-06    1.442799E-06    1.806762E-06    2.322814E-06    1.705395E-06
   5.375677E-06    5.052869E-06    5.189073E-06    1.204362E-05    5.965886E-06    5.965886E-06    5.965886E-06    5.965886E-06    3.593248E-06    3.911715E-06    3.313669E-06    2.216935E-06    1.521952E-06    1.654998E-06    2.040456E-06    2.241439E-06    1.952169E-06    2.567731E-06    2.013736E-06    1.935036E-06
   3.379611E-06    5.645337E-06    8.487107E-06    1.088384E-05    5.965886E-06    5.965886E-06    5.965886E-06    5.965886E-06    4.785158E-06    2.515553E-06    1.924018E-06    2.926796E-06    1.875204E-06    1.801661E-06    2.654657E-06    2.476567E-06    3.794403E-06    2.511092E-06    1.606967E-06    1.934510E-06
   4.919619E-06    4.497841E-06    6.265390E-06    8.913386E-06    5.965886E-06    5.965886E-06    5.965886E-06    5.965886E-06    3.804845E-06    3.518846E-06    2.302964E-06    3.685804E-06    2.752248E-06    2.369413E-06    1.698894E-06    2.342326E-06    2.676682E-06    1.677686E-06    1.944795E-06    9.764639E-07
   4.763267E-06    7.658317E-06    8.216154E-06    1.063858E-05    5.965886E-06    5.965886E-06    5.965886E-06    5.965886E-06    8.385509E-06    3.696379E-06    3.437281E-06    2.707328E-06    2.128455E-06    2.086806E-06    2.553123E-06    2.071443E-06    2.054177E-06    1.608554E-06    1.969205E-06    2.566004E-06
   6.305305E-06    6.920997E-06    1.005286E-05    1.289740E-05    5.965886E-06    5.965886E-06    5.965886E-06    5.965886E-06    6.784411E-06    3.927541E-06    2.842966E-06    3.595244E-06    2.536416E-06    2.050178E-06    2.515018E-06    1.564824E-06    1.703279E-06    1.984610E-06    2.395035E-06    3.666068E-06
   6.987068E-06    7.613062E-06    1.190599E-05    1.302544E-05    5.965886E-06    5.965886E-06    5.965886E-06    5.965886E-06    5.520207E-06    2.709868E-06    1.588538E-06    1.800312E-06    1.888651E-06    1.161445E-06    2.518826E-06    1.764470E-06    1.680210E-06    2.442621E-06    3.034351E-06    5.141278E-06
   7.313906E-06    1.372114E-05    1.720953E-05    9.368273E-06    5.965886E-06    5.965886E-06    5.965886E-06    5.965886E-06    3.236293E-06    2.661570E-06    2.084730E-06    2.534535E-06    2.524506E-06    1.932626E-06    1.615071E-06    1.657395E-06    2.846498E-06    2.183736E-06    3.840000E-06    5.732945E-06
   1.082898E-05    7.514267E-06    8.697121E-06    7.396392E-06    5.965886E-06    5.965886E-06    5.965886E-06    5.965886E-06    3.908334E-06    2.500835E-06    3.529796E-06    4.014328E-06    2.374294E-06    1.430595E-06    1.341220E-06    2.530124E-06    3.452972E-06    4.464206E-06    6.031907E-06    7.742796E-06
   1.021185E-05    8.698920E-06    7.328324E-06    6.865352E-06    5.965886E-06    5.965886E-06    5.965886E-06    5.965886E-06    4.908450E-06    2.260480E-06    2.707190E-06    5.947603E-06    3.581784E-06    1.956902E-06    2.141446E-06    2.398464E-06    4.167613E-06    4.871807E-06    4.999002E-06    5.802535E-06
   1.256701E-05    8.998395E-06    4.829549E-06    5.905635E-06    5.965886E-06    5.965886E-06    5.965886E-06    5.965886E-06    2.442976E-06    2.812468E-06    1.606627E-06    3.771790E-06    2.788256E-06    2.897221E-06    2.878057E-06    2.705845E-06    3.351732E-06    3.885750E-06    5.528285E-06    3.574764E-06
   4.968450E-06    6.494864E-06    2.463805E-06    4.202574E-06    5.965886E-06    5.965886E-06    5.965886E-06    5.965886E-06    4.493679E-06    3.875927E-06    3.183708E-06    4.690721E-06    6.845786E-06    4.271610E-06    3.260414E-06    3.189297E-06    2.646782E-06    3.190437E-06    3.289241E-06    3.764554E-06
   3.151853E-06    2.931598E-06    2.682346E-06    2.536555E-06    5.965886E-06    5.965886E-06    3.370383E-06    3.811055E-06    5.636723E-06    4.018078E-06    4.354899E-06    5.437720E-06    9.108967E-06    1.060256E-05    4.108772E-06    2.933445E-06    2.616332E-06    2.260617E-06    2.124045E-06    3.409367E-06
   2.606769E-06    2.753551E-06    2.700706E-06    3.030110E-06    4.884258E-06    5.965886E-06    2.915107E-06    3.470019E-06    4.653542E-06    6.847332E-06    9.496436E-06    6.782054E-06    5.947502E-06    5.212059E-06    4.516964E-06    3.646212E-06    4.486415E-06    2.792965E-06    1.953060E-06    2.947520E-06
   2.052799E-06    4.715831E-06    3.139350E-06    4.421303E-06    3.034400E-06    4.902793E-06    2.312822E-06    4.268397E-06    6.906762E-06    7.323093E-06    9.427610E-06    8.716271E-06    6.887428E-06    7.532810E-06    5.852189E-06    4.382333E-06    4.520415E-06    2.219755E-06    2.921070E-06    2.693038E-06
   2.470437E-06    5.354528E-06    5.427627E-06    5.998876E-06    4.314101E-06    4.385971E-06    2.899252E-06    4.362230E-06    7.806243E-06    6.735251E-06    7.655618E-06    9.855505E-06    1.245997E-05    7.116223E-06    6.850763E-06    4.019784E-06    3.712135E-06    3.585259E-06    3.709269E-06    3.984132E-06
   3.614720E-06    6.021710E-06    7.954107E-06    6.694810E-06    4.341647E-06    3.347075E-06    4.597986E-06    6.162530E-06    7.251612E-06    7.855352E-06    8.198612E-06    1.051500E-05    8.607603E-06    7.932161E-06    5.731085E-06    5.325276E-06    4.103892E-06    4.605686E-06    2.975260E-06    4.261916E-06
   5.059137E-06    5.691460E-06    6.602119E-06    7.496984E-06    5.366902E-06    4.352293E-06    5.292003E-06    5.571117E-06    9.771863E-06    1.212757E-05    7.894009E-06    9.714567E-06    8.090088E-06    5.226750E-06    6.250945E-06    5.782745E-06    3.878794E-06    4.344020E-06    4.764719E-06    3.476512E-06
   8.272184E-06    8.236932E-06    9.815970E-06    5.932588E-06    8.661961E-06    8.817129E-06    6.106639E-06    4.357620E-06    8.599378E-06    1.213750E-05    1.164751E-05    6.900811E-06    6.034503E-06    4.845098E-06    4.501817E-06    4.801021E-06    2.929063E-06    2.690161E-06    3.426998E-06    3.332056E-06
   1.725585E-05    1.649114E-05    1.110669E-05    6.430847E-06    3.365823E-06    3.783548E-06    6.218637E-06    4.356127E-06    5.041607E-06    9.140961E-06    8.403148E-06    9.968330E-06    9.093247E-06    3.873503E-06    3.074519E-06    2.949385E-06    1.873053E-06    2.536722E-06    2.221658E-06    4.449272E-06
   1.762855E-05    1.763550E-05    8.079751E-06    7.658116E-06    3.348476E-06    4.007443E-06    7.577479E-06    5.993529E-06    7.566330E-06    4.289209E-06    5.896197E-06    7.611436E-06    4.889962E-06    3.296246E-06    2.492303E-06    2.622896E-06    1.936934E-06    1.870521E-06    1.843053E-06    3.006062E-06
   1.470359E-05    2.026924E-05    8.229804E-06    4.253933E-06    3.564994E-06    3.768292E-06    5.722134E-06    4.401160E-06    3.525092E-06    3.599246E-06    5.093161E-06    6.826794E-06    5.684701E-06    4.652776E-06    3.330629E-06    2.982810E-06    1.374980E-06    2.289254E-06    2.030167E-06    1.766012E-06
   1.519911E-05    2.013894E-05    1.647107E-05    8.348923E-06    8.102587E-06    7.016886E-06    4.717444E-06    4.727890E-06    5.979373E-06    4.441319E-06    8.536738E-06    4.767652E-06    8.539971E-06    9.459684E-06    5.054776E-06    3.350268E-06    3.170206E-06    2.867348E-06    1.764125E-06    2.037807E-06
   5.965886E-06    1.607492E-05    1.384287E-05    8.485653E-06    6.832958E-06    6.583254E-06    5.025906E-06    7.320248E-06    5.062108E-06    5.376946E-06    8.159998E-06    9.425117E-06    1.058567E-05    4.976211E-06    3.874521E-06    2.859611E-06    4.193428E-06    2.644887E-06    2.756482E-06    2.442865E-06
   5.965886E-06    5.965886E-06    1.958746E-05    8.782193E-06    7.970069E-06    8.303115E-06    6.364847E-06    6.441224E-06    5.252643E-06    7.506397E-06    8.996873E-06    1.023425E-05    8.416342E-06    8.159818E-06    3.196876E-06    2.354257E-06    2.711917E-06    3.372459E-06    2.752396E-06    3.097734E-06
   5.965886E-06    5.965886E-06    5.965886E-06    7.867582E-06    6.712928E-06    7.944831E-06    1.417845E-05    9.535362E-06    5.579215E-06    7.073340E-06    1.324327E-05    6.651091E-06    1.017327E-05    5.272551E-06    2.483267E-06    3.155843E-06    3.186942E-06    3.199959E-06    2.520996E-06    4.443073E-06
   5.965886E-06    5.965886E-06    5.965886E-06    5.965886E-06    5.843234E-06    9.013927E-06    1.013621E-05    9.458351E-06    8.809300E-06    7.210525E-06    7.783175E-06    6.096875E-06    5.618156E-06    3.515251E-06    3.827198E-06    3.511809E-06    3.645647E-06    5.117586E-06    3.435460E-06    5.965886E-06
   5.965886E-06    5.965886E-06    5.965886E-06    5.965886E-06    4.322334E-06    5.688086E-06    6.221921E-06    8.630249E-06    8.284597E-06    5.282804E-06    5.667144E-06    4.437436E-06    4.034395E-06    5.293539E-06    5.428530E-06    5.232042E-06    6.862318E-06    4.271057E-06    3.183797E-06    5.965886E-06
   5.965886E-06    5.965886E-06    5.965886E-06    5.965886E-06    5.965886E-06    5.230719E-06    6.203919E-06    8.063603E-06    6.726081E-06    3.948585E-06    5.418975E-06    4.257382E-06    3.673424E-06    5.888626E-06    4.880667E-06    5.314684E-06    3.138891E-06    2.615173E-06    5.965886E-06    5.965886E-06
   5.965886E-06    5.965886E-06    5.965886E-06    5.965886E-06    5.965886E-06    4.320174E-06    5.936781E-06    5.615902E-06    5.102818E-06    2.314341E-06    5.207962E-06    5.438644E-06    3.345589E-06    5.089815E-06    5.877392E-06    4.389833E-06    2.602331E-06    5.965886E-06    5.965886E-06    5.965886E-06
   5.965886E-06    5.965886E-06    5.965886E-06    5.965886E-06    5.965886E-06    6.312282E-06    3.388048E-06    4.281863E-06    4.245110E-06    7.868699E-06    6.801146E-06    7.722224E-06    3.742912E-06    2.728753E-06    3.507817E-06    2.251142E-06    5.965886E-06    5.965886E-06    5.965886E-06    5.965886E-06
