   7.521679E-05    6.639705E-05    4.311378E-05    6.914250E-05    8.696737E-05    1.132745E-04    1.417331E-04    1.395081E-04    8.548221E-05    7.232094E-05    5.813476E-05    5.604295E-05    5.908611E-05    4.902946E-05    6.101571E-05    6.505923E-05    9.518156E-05    1.050292E-04    1.361344E-04    1.074548E-04
   1.020321E-04    8.311234E-05    8.281781E-05    9.182934E-05    9.447924E-05    1.105918E-04    1.425042E-04    1.448134E-04    8.390850E-05    5.736716E-05    5.281316E-05    2.938699E-05    3.380233E-05    4.542078E-05    5.343299E-05    8.182133E-05    1.695739E-04    1.566686E-04    1.289149E-04    1.407002E-04
   1.160834E-04    1.206192E-04    8.625316E-05    9.014800E-05    8.200583E-05    1.362032E-04    1.425932E-04    1.217322E-04    6.040672E-05    5.778156E-05    5.824161E-05    3.758806E-05    5.340617E-05    4.625542E-05    9.843708E-05    1.110665E-04    1.177316E-04    7.345504E-05    1.502333E-04    1.228938E-04
   8.798612E-05    1.152867E-04    9.693301E-05    6.026163E-05    9.271088E-05    9.982275E-05    1.362715E-04    1.232832E-04    6.971029E-05    5.189715E-05    4.852127E-05    2.808007E-05    4.380033E-05    3.535381E-05    6.501991E-05    7.754385E-05    8.556433E-05    7.497646E-05    8.580185E-05    8.166574E-05
   6.598358E-05    7.115822E-05    1.032085E-04    5.245649E-05    6.307302E-05    1.360922E-04    9.114788E-05    1.200560E-04    6.406479E-05    6.457710E-05    7.468985E-05    4.095225E-05    3.224487E-05    3.629894E-05    6.484135E-05    8.259693E-05    1.006139E-04    5.577834E-05    1.240113E-04    1.414857E-04
   8.631252E-05    9.902996E-05    1.348576E-04    6.208081E-05    6.203187E-05    6.612485E-05    1.250121E-04    1.148098E-04    7.302408E-05    4.654182E-05    6.654116E-05    4.378287E-05    3.931433E-05    3.311632E-05    4.308530E-05    6.798940E-05    7.913683E-05    4.549665E-05    5.076770E-05    9.461931E-05
   1.063721E-04    1.284142E-04    8.681905E-05    8.241961E-05    5.785669E-05    8.229984E-05    8.902769E-05    1.121754E-04    5.173676E-05    3.845373E-05    6.159436E-05    2.753879E-05    2.250981E-05    2.126815E-05    2.084870E-05    2.837151E-05    4.239242E-05    6.764458E-05    5.932939E-05    8.090682E-05
   1.297646E-04    1.200841E-04    1.688844E-04    1.429338E-04    8.106046E-05    9.250097E-05    8.992805E-05    1.126282E-04    5.720923E-05    5.384266E-05    6.014422E-05    3.141008E-05    2.708605E-05    2.949249E-05    2.395151E-05    2.726949E-05    4.247280E-05    4.781661E-05    3.825410E-05    6.946994E-05
   1.173867E-04    7.887315E-05    1.377983E-04    1.138453E-04    1.205089E-04    1.205089E-04    1.205089E-04    9.295178E-05    7.657255E-05    3.474451E-05    4.170024E-05    4.686873E-05    1.926322E-05    1.567567E-05    2.041474E-05    2.982530E-05    2.575002E-05    4.749589E-05    4.101924E-05    3.603468E-05
   1.038511E-04    7.388947E-05    8.590150E-05    1.194843E-04    1.205089E-04    1.205089E-04    1.205089E-04    1.205089E-04    5.910546E-05    6.293665E-05    6.507074E-05    3.803841E-05    2.036400E-05    1.585595E-05    1.942492E-05    4.196854E-05    3.020590E-05    3.782569E-05    4.862957E-05    3.570352E-05
   1.125432E-04    1.057850E-04    1.086365E-04    2.521408E-04    1.205089E-04    1.205089E-04    1.205089E-04    1.205089E-04    7.522691E-05    8.189421E-05    6.937375E-05    4.641292E-05    3.186301E-05    3.464842E-05    4.271822E-05    4.692593E-05    4.086988E-05    5.375707E-05    4.215883E-05    4.051120E-05
   7.075429E-05    1.181887E-04    1.776829E-04    2.278600E-04    1.205089E-04    1.205089E-04    1.205089E-04    1.205089E-04    1.001803E-04    5.266469E-05    4.028053E-05    6.127432E-05    3.925857E-05    3.771890E-05    5.557691E-05    5.184850E-05    7.943822E-05    5.257129E-05    3.364286E-05    4.050019E-05
   1.029953E-04    9.416512E-05    1.311699E-04    1.866074E-04    1.205089E-04    1.205089E-04    1.205089E-04    1.205089E-04    7.965683E-05    7.366924E-05    4.821400E-05    7.716462E-05    5.762004E-05    4.960515E-05    3.556742E-05    4.903807E-05    5.603802E-05    3.512341E-05    4.071552E-05    2.044289E-05
   9.972198E-05    1.603317E-04    1.720103E-04    2.227254E-04    1.205089E-04    1.205089E-04    1.205089E-04    1.205089E-04    1.755559E-04    7.738602E-05    7.196164E-05    5.667962E-05    4.456055E-05    4.368860E-05    5.345124E-05    4.336697E-05    4.300549E-05    3.367609E-05    4.122655E-05    5.372091E-05
   1.320055E-04    1.448954E-04    2.104630E-04    2.700152E-04    1.205089E-04    1.205089E-04    1.205089E-04    1.205089E-04    1.420359E-04    8.222554E-05    5.951927E-05    7.526869E-05    5.310146E-05    4.292176E-05    5.265348E-05    3.276058E-05    3.565921E-05    4.154905E-05    5.014156E-05    7.675144E-05
   1.462787E-04    1.593842E-04    2.492595E-04    2.726957E-04    1.205089E-04    1.205089E-04    1.205089E-04    1.205089E-04    1.155690E-04    5.673279E-05    3.325704E-05    3.769066E-05    3.954009E-05    2.431557E-05    5.273321E-05    3.694028E-05    3.517624E-05    5.113781E-05    6.352605E-05    1.076359E-04
   1.531212E-04    2.872607E-04    3.602923E-04    1.961307E-04    1.205089E-04    1.205089E-04    1.205089E-04    1.205089E-04    6.775382E-05    5.572165E-05    4.364512E-05    5.306209E-05    5.285211E-05    4.046073E-05    3.381254E-05    3.469861E-05    5.959323E-05    4.571788E-05    8.039281E-05    1.200228E-04
   2.267114E-04    1.573159E-04    1.820797E-04    1.548481E-04    1.205089E-04    1.205089E-04    1.205089E-04    1.205089E-04    8.182343E-05    5.235655E-05    7.389850E-05    8.404248E-05    4.970734E-05    2.995041E-05    2.807928E-05    5.296973E-05    7.229014E-05    9.346095E-05    1.262818E-04    1.621003E-04
   2.137914E-04    1.821174E-04    1.534231E-04    1.437305E-04    1.205089E-04    1.205089E-04    1.205089E-04    1.205089E-04    1.027615E-04    4.732456E-05    5.667672E-05    1.245168E-04    7.498689E-05    4.096896E-05    4.483251E-05    5.021336E-05    8.725161E-05    1.019944E-04    1.046573E-04    1.214797E-04
   2.630983E-04    1.883871E-04    1.011096E-04    1.236382E-04    1.205089E-04    1.205089E-04    1.205089E-04    1.205089E-04    5.114523E-05    5.888079E-05    3.363575E-05    7.896480E-05    5.837389E-05    6.065514E-05    6.025394E-05    5.664857E-05    7.017063E-05    8.135062E-05    1.157381E-04    7.483993E-05
   1.040176E-04    1.359741E-04    5.158130E-05    8.798352E-05    1.205089E-04    1.205089E-04    1.205089E-04    1.205089E-04    9.407799E-05    8.114498E-05    6.665293E-05    9.820320E-05    1.433208E-04    8.942884E-05    6.825882E-05    6.676994E-05    5.541205E-05    6.679381E-05    6.886233E-05    7.881331E-05
   6.598602E-05    6.137485E-05    5.615659E-05    5.310437E-05    1.205089E-04    1.205089E-04    7.056110E-05    7.978684E-05    1.180083E-04    8.412099E-05    9.117254E-05    1.138421E-04    1.907020E-04    2.219712E-04    8.601973E-05    6.141351E-05    5.477455E-05    4.732744E-05    4.446821E-05    7.137725E-05
   5.457435E-05    5.764732E-05    5.654098E-05    6.343727E-05    1.022550E-04    1.205089E-04    6.102960E-05    7.264704E-05    9.742483E-05    1.433532E-04    1.988139E-04    1.419866E-04    1.245147E-04    1.091177E-04    9.456548E-05    7.633574E-05    9.392593E-05    5.847247E-05    4.088854E-05    6.170818E-05
   4.297664E-05    9.872888E-05    6.572427E-05    9.256276E-05    6.352707E-05    1.026430E-04    4.842038E-05    8.936157E-05    1.445974E-04    1.533136E-04    1.973729E-04    1.824806E-04    1.441926E-04    1.577041E-04    1.225193E-04    9.174690E-05    9.463774E-05    4.647197E-05    6.115444E-05    5.638045E-05
   5.172016E-05    1.121004E-04    1.136308E-04    1.255903E-04    9.031841E-05    9.182307E-05    6.069765E-05    9.132602E-05    1.634286E-04    1.410067E-04    1.602752E-04    2.063312E-04    2.608573E-04    1.489826E-04    1.434250E-04    8.415670E-05    7.771587E-05    7.505965E-05    7.765587E-05    8.341031E-05
   7.567644E-05    1.260683E-04    1.665242E-04    1.401601E-04    9.089512E-05    7.007311E-05    9.626173E-05    1.290164E-04    1.518171E-04    1.644567E-04    1.716431E-04    2.201382E-04    1.802056E-04    1.660648E-04    1.199839E-04    1.114880E-04    8.591756E-05    9.642293E-05    6.228895E-05    8.922590E-05
   1.059162E-04    1.191543E-04    1.382195E-04    1.569541E-04    1.123595E-04    9.111798E-05    1.107914E-04    1.166348E-04    2.045801E-04    2.538983E-04    1.652660E-04    2.033806E-04    1.693711E-04    1.094253E-04    1.308675E-04    1.210654E-04    8.120500E-05    9.094478E-05    9.975240E-05    7.278297E-05
   1.731834E-04    1.724453E-04    2.055035E-04    1.242025E-04    1.813436E-04    1.845921E-04    1.278463E-04    9.122953E-05    1.800334E-04    2.541062E-04    2.438479E-04    1.444728E-04    1.263361E-04    1.014352E-04    9.424837E-05    1.005124E-04    6.132178E-05    5.632022E-05    7.174637E-05    6.975869E-05
   3.612620E-04    3.452525E-04    2.325255E-04    1.346338E-04    7.046562E-05    7.921095E-05    1.301911E-04    9.119826E-05    1.055492E-04    1.913718E-04    1.759252E-04    2.086933E-04    1.903728E-04    8.109423E-05    6.436700E-05    6.174724E-05    3.921354E-05    5.310788E-05    4.651181E-05    9.314831E-05
   3.690647E-04    3.692103E-04    1.691547E-04    1.603275E-04    7.010244E-05    8.389834E-05    1.586393E-04    1.254783E-04    1.584059E-04    8.979728E-05    1.234406E-04    1.593502E-04    1.023744E-04    6.900898E-05    5.217794E-05    5.491198E-05    4.055093E-05    3.916053E-05    3.858548E-05    6.293380E-05
   3.078288E-04    4.243493E-04    1.722961E-04    8.905876E-05    7.463538E-05    7.889157E-05    1.197965E-04    9.214105E-05    7.380001E-05    7.535249E-05    1.066285E-04    1.429232E-04    1.190128E-04    9.740879E-05    6.972882E-05    6.244700E-05    2.878607E-05    4.792696E-05    4.250283E-05    3.697258E-05
   3.182030E-04    4.216213E-04    3.448322E-04    1.747900E-04    1.696328E-04    1.469029E-04    9.876267E-05    9.898134E-05    1.251819E-04    9.298181E-05    1.787220E-04    9.981379E-05    1.787897E-04    1.980444E-04    1.058249E-04    7.013996E-05    6.637025E-05    6.002974E-05    3.693307E-05    4.266276E-05
   1.205089E-04    3.365385E-04    2.898093E-04    1.776525E-04    1.430523E-04    1.378246E-04    1.052205E-04    1.532540E-04    1.059784E-04    1.125697E-04    1.708347E-04    1.973207E-04    2.216176E-04    1.041801E-04    8.111554E-05    5.986775E-05    8.779206E-05    5.537237E-05    5.770869E-05    5.114292E-05
   1.205089E-04    1.205089E-04    4.100759E-04    1.838607E-04    1.668584E-04    1.738309E-04    1.332521E-04    1.348511E-04    1.099674E-04    1.571511E-04    1.883552E-04    2.142604E-04    1.762014E-04    1.708309E-04    6.692861E-05    4.928784E-05    5.677570E-05    7.060455E-05    5.762314E-05    6.485302E-05
   1.205089E-04    1.205089E-04    1.205089E-04    1.647128E-04    1.405394E-04    1.663300E-04    2.968348E-04    1.996288E-04    1.168044E-04    1.480848E-04    2.772563E-04    1.392448E-04    2.129838E-04    1.103842E-04    5.198875E-05    6.606957E-05    6.672065E-05    6.699316E-05    5.277864E-05    9.301852E-05
   1.205089E-04    1.205089E-04    1.205089E-04    1.205089E-04    1.223318E-04    1.887122E-04    2.122080E-04    1.980165E-04    1.844282E-04    1.509569E-04    1.629457E-04    1.276419E-04    1.176196E-04    7.359399E-05    8.012480E-05    7.352193E-05    7.632392E-05    1.071399E-04    7.192351E-05    1.205089E-04
   1.205089E-04    1.205089E-04    1.205089E-04    1.205089E-04    9.049078E-05    1.190837E-04    1.302598E-04    1.806797E-04    1.734433E-04    1.105988E-04    1.186452E-04    9.290051E-05    8.446260E-05    1.108236E-04    1.136497E-04    1.095361E-04    1.436669E-04    8.941727E-05    6.665480E-05    1.205089E-04
   1.205089E-04    1.205089E-04    1.205089E-04    1.205089E-04    1.205089E-04    1.095084E-04    1.298830E-04    1.688166E-04    1.408147E-04    8.266612E-05    1.134497E-04    8.913098E-05    7.690545E-05    1.232821E-04    1.021798E-04    1.112663E-04    6.571465E-05    5.475029E-05    1.205089E-04    1.205089E-04
   1.205089E-04    1.205089E-04    1.205089E-04    1.205089E-04    1.205089E-04    9.044555E-05    1.242902E-04    1.175724E-04    1.068307E-04    4.845218E-05    1.090320E-04    1.138614E-04    7.004200E-05    1.065585E-04    1.230469E-04    9.190391E-05    5.448144E-05    1.205089E-04    1.205089E-04    1.205089E-04
   1.205089E-04    1.205089E-04    1.205089E-04    1.205089E-04    1.205089E-04    1.321516E-04    7.093091E-05    8.964350E-05    8.887404E-05    1.647362E-04    1.423863E-04    1.616696E-04    7.836022E-05    5.712816E-05    7.343835E-05    4.712907E-05    1.205089E-04    1.205089E-04    1.205089E-04    1.205089E-04
