   6.295874E-05    5.557635E-05    3.608755E-05    5.787437E-05    7.279433E-05    9.481423E-05    1.186349E-04    1.167726E-04    7.155121E-05    6.053483E-05    4.866056E-05    4.690965E-05    4.945687E-05    4.103915E-05    5.107200E-05    5.445656E-05    7.966986E-05    8.791260E-05    1.139486E-04    8.994295E-05
   8.540395E-05    6.956756E-05    6.932103E-05    7.686395E-05    7.908200E-05    9.256874E-05    1.192803E-04    1.212132E-04    7.023397E-05    4.801806E-05    4.420622E-05    2.459780E-05    2.829358E-05    3.801858E-05    4.472504E-05    6.848694E-05    1.419385E-04    1.311364E-04    1.079057E-04    1.177704E-04
   9.716535E-05    1.009619E-04    7.219652E-05    7.545661E-05    6.864138E-05    1.140062E-04    1.193548E-04    1.018936E-04    5.056226E-05    4.836492E-05    4.875000E-05    3.146235E-05    4.470259E-05    3.871720E-05    8.239483E-05    9.296606E-05    9.854490E-05    6.148410E-05    1.257498E-04    1.028658E-04
   7.364706E-05    9.649851E-05    8.113588E-05    5.044082E-05    7.760183E-05    8.355468E-05    1.140634E-04    1.031918E-04    5.834963E-05    4.343949E-05    4.061378E-05    2.350387E-05    3.666221E-05    2.959221E-05    5.442364E-05    6.490656E-05    7.161995E-05    6.275758E-05    7.181876E-05    6.835671E-05
   5.523026E-05    5.956159E-05    8.638864E-05    4.390768E-05    5.279403E-05    1.139133E-04    7.629354E-05    1.004905E-04    5.362418E-05    5.405300E-05    6.251768E-05    3.427828E-05    2.698994E-05    3.038331E-05    5.427418E-05    6.913614E-05    8.421685E-05    4.668817E-05    1.038012E-04    1.184278E-04
   7.224621E-05    8.289109E-05    1.128799E-04    5.196353E-05    5.192256E-05    5.534851E-05    1.046389E-04    9.609928E-05    6.112338E-05    3.895692E-05    5.569697E-05    3.664759E-05    3.290729E-05    2.771937E-05    3.606371E-05    5.690919E-05    6.623993E-05    3.808208E-05    4.249411E-05    7.919924E-05
   8.903665E-05    1.074866E-04    7.267019E-05    6.898772E-05    4.842781E-05    6.888747E-05    7.451888E-05    9.389419E-05    4.330524E-05    3.218694E-05    5.155635E-05    2.305080E-05    1.884140E-05    1.780209E-05    1.745100E-05    2.374782E-05    3.548375E-05    5.662057E-05    4.966050E-05    6.772147E-05
   1.086169E-04    1.005140E-04    1.413614E-04    1.196399E-04    6.785007E-05    7.742612E-05    7.527252E-05    9.427324E-05    4.788586E-05    4.506794E-05    5.034254E-05    2.629119E-05    2.267185E-05    2.468611E-05    2.004814E-05    2.282539E-05    3.555102E-05    4.002395E-05    3.201984E-05    5.814845E-05
   9.825621E-05    6.601922E-05    1.153414E-04    9.529195E-05    8.849865E-05    8.849865E-05    8.849865E-05    7.780347E-05    6.409355E-05    2.908221E-05    3.490437E-05    3.923055E-05    1.612390E-05    1.312101E-05    1.708776E-05    2.496469E-05    2.155355E-05    3.975551E-05    3.433435E-05    3.016212E-05
   8.692654E-05    6.184773E-05    7.190217E-05    1.000120E-04    8.849865E-05    8.849865E-05    8.849865E-05    8.849865E-05    4.947307E-05    5.267989E-05    5.446619E-05    3.183931E-05    1.704529E-05    1.327192E-05    1.625925E-05    3.512894E-05    2.528326E-05    3.166126E-05    4.070443E-05    2.988493E-05
   9.420206E-05    8.854526E-05    9.093206E-05    2.110495E-04    8.849865E-05    8.849865E-05    8.849865E-05    8.849865E-05    6.296721E-05    6.854794E-05    5.806794E-05    3.884903E-05    2.667031E-05    2.900178E-05    3.575645E-05    3.927843E-05    3.420933E-05    4.499630E-05    3.528822E-05    3.390911E-05
   5.922349E-05    9.892752E-05    1.487260E-04    1.907258E-04    8.849865E-05    8.849865E-05    8.849865E-05    8.849865E-05    8.385395E-05    4.408195E-05    3.371603E-05    5.128847E-05    3.286062E-05    3.157187E-05    4.651956E-05    4.339877E-05    6.649221E-05    4.400377E-05    2.816010E-05    3.389989E-05
   8.621021E-05    7.881907E-05    1.097932E-04    1.561960E-04    8.849865E-05    8.849865E-05    8.849865E-05    8.849865E-05    6.667519E-05    6.166340E-05    4.035658E-05    6.458913E-05    4.822973E-05    4.152102E-05    2.977101E-05    4.104635E-05    4.690552E-05    2.939937E-05    3.408013E-05    1.711132E-05
   8.347033E-05    1.342025E-04    1.439779E-04    1.864279E-04    8.849865E-05    8.849865E-05    8.849865E-05    8.849865E-05    1.469456E-04    6.477446E-05    6.023408E-05    4.744257E-05    3.729854E-05    3.656869E-05    4.474032E-05    3.629947E-05    3.599690E-05    2.818791E-05    3.450788E-05    4.496603E-05
   1.104926E-04    1.212819E-04    1.761639E-04    2.260109E-04    8.849865E-05    8.849865E-05    8.849865E-05    8.849865E-05    1.188884E-04    6.882528E-05    4.981944E-05    6.300219E-05    4.444754E-05    3.592682E-05    4.407256E-05    2.742160E-05    2.984784E-05    3.477782E-05    4.197001E-05    6.424329E-05
   1.224397E-04    1.334095E-04    2.086377E-04    2.282546E-04    8.849865E-05    8.849865E-05    8.849865E-05    8.849865E-05    9.673478E-05    4.748707E-05    2.783716E-05    3.154823E-05    3.309626E-05    2.035287E-05    4.413930E-05    3.092014E-05    2.944359E-05    4.280390E-05    5.317324E-05    9.009452E-05
   1.281671E-04    2.404459E-04    3.015756E-04    1.641674E-04    8.849865E-05    8.849865E-05    8.849865E-05    8.849865E-05    5.671201E-05    4.664071E-05    3.653230E-05    4.441459E-05    4.423883E-05    3.386686E-05    2.830212E-05    2.904379E-05    4.988134E-05    3.826726E-05    6.729123E-05    1.004627E-04
   1.897644E-04    1.316782E-04    1.524062E-04    1.296126E-04    8.849865E-05    8.849865E-05    8.849865E-05    8.849865E-05    6.848870E-05    4.382403E-05    6.185529E-05    7.034611E-05    4.160655E-05    2.506940E-05    2.350321E-05    4.433728E-05    6.050905E-05    7.822966E-05    1.057017E-04    1.356829E-04
   1.789499E-04    1.524378E-04    1.284198E-04    1.203068E-04    8.849865E-05    8.849865E-05    8.849865E-05    8.849865E-05    8.601449E-05    3.961210E-05    4.744014E-05    1.042244E-04    6.276631E-05    3.429227E-05    3.752618E-05    4.203011E-05    7.303225E-05    8.537238E-05    8.760130E-05    1.016822E-04
   2.202213E-04    1.576857E-04    8.463184E-05    1.034889E-04    8.849865E-05    8.849865E-05    8.849865E-05    8.849865E-05    4.281012E-05    4.928501E-05    2.815414E-05    6.609594E-05    4.886072E-05    5.077019E-05    5.043438E-05    4.741658E-05    5.873495E-05    6.809295E-05    9.687634E-05    6.264330E-05
   8.706592E-05    1.138144E-04    4.317512E-05    7.364489E-05    8.849865E-05    8.849865E-05    8.849865E-05    8.849865E-05    7.874614E-05    6.792081E-05    5.579053E-05    8.219906E-05    1.199639E-04    7.485466E-05    5.713471E-05    5.588847E-05    4.638157E-05    5.590845E-05    5.763987E-05    6.596914E-05
   5.523231E-05    5.137262E-05    4.700478E-05    4.444997E-05    8.849865E-05    8.849865E-05    5.906178E-05    6.678401E-05    9.877657E-05    7.041183E-05    7.631419E-05    9.528929E-05    1.596233E-04    1.857967E-04    7.200113E-05    5.140497E-05    4.584796E-05    3.961451E-05    3.722124E-05    5.974493E-05
   4.568039E-05    4.825256E-05    4.732652E-05    5.309892E-05    8.559055E-05    8.849865E-05    5.108363E-05    6.080778E-05    8.154754E-05    1.199910E-04    1.664132E-04    1.188471E-04    1.042226E-04    9.133487E-05    7.915418E-05    6.389534E-05    7.861886E-05    4.894324E-05    3.422495E-05    5.165162E-05
   3.597276E-05    8.263908E-05    5.501321E-05    7.747784E-05    5.317409E-05    8.591535E-05    4.052933E-05    7.479835E-05    1.210324E-04    1.283281E-04    1.652072E-04    1.527418E-04    1.206936E-04    1.320031E-04    1.025523E-04    7.679495E-05    7.921467E-05    3.889845E-05    5.118812E-05    4.719215E-05
   4.329134E-05    9.383146E-05    9.511242E-05    1.051229E-04    7.559926E-05    7.685870E-05    5.080578E-05    7.644266E-05    1.367947E-04    1.180269E-04    1.341552E-04    1.727055E-04    2.183455E-04    1.247030E-04    1.200511E-04    7.044172E-05    6.505055E-05    6.282721E-05    6.500033E-05    6.981697E-05
   6.334348E-05    1.055230E-04    1.393859E-04    1.173182E-04    7.608198E-05    5.865332E-05    8.057399E-05    1.079907E-04    1.270755E-04    1.376553E-04    1.436705E-04    1.842623E-04    1.508376E-04    1.390013E-04    1.004301E-04    9.331885E-05    7.191561E-05    8.070893E-05    5.213774E-05    7.468479E-05
   8.865510E-05    9.973578E-05    1.156939E-04    1.313753E-04    9.404830E-05    7.626852E-05    9.273577E-05    9.762690E-05    1.712398E-04    2.125206E-04    1.383327E-04    1.702357E-04    1.417688E-04    9.159231E-05    1.095400E-04    1.013354E-04    6.797105E-05    7.612355E-05    8.349579E-05    6.092156E-05
   1.449598E-04    1.443420E-04    1.720127E-04    1.039612E-04    1.517901E-04    1.545092E-04    1.070113E-04    7.636189E-05    1.506934E-04    2.126946E-04    2.041081E-04    1.209281E-04    1.057472E-04    8.490433E-05    7.888875E-05    8.413193E-05    5.132819E-05    4.714174E-05    6.005389E-05    5.839015E-05
   3.023873E-04    2.889868E-04    1.946309E-04    1.126926E-04    5.898186E-05    6.630198E-05    1.089739E-04    7.633572E-05    8.834791E-05    1.601840E-04    1.472547E-04    1.746826E-04    1.593479E-04    6.787834E-05    5.387713E-05    5.168432E-05    3.282292E-05    4.445291E-05    3.893180E-05    7.796797E-05
   3.089184E-04    3.090402E-04    1.415876E-04    1.341990E-04    5.867788E-05    7.022546E-05    1.327859E-04    1.050292E-04    1.325905E-04    7.516305E-05    1.033235E-04    1.333810E-04    8.569052E-05    5.776261E-05    4.367452E-05    4.596299E-05    3.394236E-05    3.277855E-05    3.229722E-05    5.267750E-05
   2.576621E-04    3.551933E-04    1.442171E-04    7.454489E-05    6.247208E-05    6.603465E-05    1.002733E-04    7.712486E-05    6.177285E-05    6.307232E-05    8.925133E-05    1.196311E-04    9.961733E-05    8.153412E-05    5.836514E-05    5.227004E-05    2.409482E-05    4.011633E-05    3.557616E-05    3.094717E-05
   2.663455E-04    3.529099E-04    2.886351E-04    1.463045E-04    1.419878E-04    1.229622E-04    8.266736E-05    8.285040E-05    1.047811E-04    7.782860E-05    1.495957E-04    8.354718E-05    1.496524E-04    1.657692E-04    8.857867E-05    5.870928E-05    5.555392E-05    5.024671E-05    3.091411E-05    3.571003E-05
   8.849865E-05    2.816930E-04    2.425792E-04    1.487005E-04    1.197391E-04    1.153634E-04    8.807276E-05    1.282783E-04    8.870715E-05    9.422429E-05    1.429938E-04    1.651635E-04    1.855007E-04    8.720192E-05    6.789617E-05    5.011113E-05    7.348462E-05    4.634836E-05    4.830393E-05    4.280818E-05
   8.849865E-05    8.849865E-05    3.432460E-04    1.538970E-04    1.396656E-04    1.455018E-04    1.115360E-04    1.128744E-04    9.204604E-05    1.315403E-04    1.576590E-04    1.793425E-04    1.474859E-04    1.429907E-04    5.602128E-05    4.125542E-05    4.752298E-05    5.909816E-05    4.823232E-05    5.428395E-05
   8.849865E-05    8.849865E-05    8.849865E-05    1.378696E-04    1.176357E-04    1.392233E-04    2.484598E-04    1.670954E-04    9.776882E-05    1.239515E-04    2.320719E-04    1.165521E-04    1.782739E-04    9.239490E-05    4.351616E-05    5.530224E-05    5.584721E-05    5.607532E-05    4.417733E-05    7.785933E-05
   8.849865E-05    8.849865E-05    8.849865E-05    8.849865E-05    1.023954E-04    1.579579E-04    1.776246E-04    1.657458E-04    1.543720E-04    1.263555E-04    1.363905E-04    1.068402E-04    9.845121E-05    6.160040E-05    6.706689E-05    6.154009E-05    6.388544E-05    8.967933E-05    6.020216E-05    8.849865E-05
   8.849865E-05    8.849865E-05    8.849865E-05    8.849865E-05    7.574354E-05    9.967664E-05    1.090314E-04    1.512344E-04    1.451773E-04    9.257457E-05    9.930966E-05    7.776055E-05    7.069777E-05    9.276269E-05    9.512825E-05    9.168504E-05    1.202536E-04    7.484497E-05    5.579209E-05    8.849865E-05
   8.849865E-05    8.849865E-05    8.849865E-05    8.849865E-05    8.849865E-05    9.166185E-05    1.087160E-04    1.413046E-04    1.178662E-04    6.919406E-05    9.496082E-05    7.460534E-05    6.437220E-05    1.031909E-04    8.552764E-05    9.313324E-05    5.500516E-05    4.582765E-05    8.849865E-05    8.849865E-05
   8.849865E-05    8.849865E-05    8.849865E-05    8.849865E-05    8.849865E-05    7.570568E-05    1.040347E-04    9.841172E-05    8.942054E-05    4.055594E-05    9.126306E-05    9.530548E-05    5.862729E-05    8.919268E-05    1.029940E-04    7.692636E-05    4.560262E-05    8.849865E-05    8.849865E-05    8.849865E-05
   8.849865E-05    8.849865E-05    8.849865E-05    8.849865E-05    8.849865E-05    1.106149E-04    5.937133E-05    7.503434E-05    7.439028E-05    1.378892E-04    1.191816E-04    1.353224E-04    6.558989E-05    4.781801E-05    6.147013E-05    3.944847E-05    8.849865E-05    8.849865E-05    8.849865E-05    8.849865E-05
