   5.142243E-06    4.539275E-06    2.947501E-06    4.726970E-06    5.945578E-06    7.744084E-06    9.689673E-06    9.537561E-06    5.844044E-06    4.944266E-06    3.974419E-06    3.831411E-06    4.039458E-06    3.351930E-06    4.171377E-06    4.447815E-06    6.507146E-06    7.180383E-06    9.306910E-06    7.346215E-06
   6.975486E-06    5.682027E-06    5.661891E-06    6.277969E-06    6.459132E-06    7.560680E-06    9.742387E-06    9.900256E-06    5.736457E-06    3.921942E-06    3.610605E-06    2.009060E-06    2.310917E-06    3.105220E-06    3.652980E-06    5.593766E-06    1.159302E-05    1.071074E-05    8.813348E-06    9.619057E-06
   7.936115E-06    8.246207E-06    5.896750E-06    6.163024E-06    5.606379E-06    9.311618E-06    9.748470E-06    8.322300E-06    4.129742E-06    3.950272E-06    3.981724E-06    2.569731E-06    3.651146E-06    3.162281E-06    6.729712E-06    7.593132E-06    8.048791E-06    5.021799E-06    1.027079E-05    8.401708E-06
   6.015226E-06    7.881650E-06    6.626885E-06    4.119824E-06    6.338237E-06    6.824444E-06    9.316282E-06    8.428331E-06    4.765787E-06    3.547981E-06    3.317187E-06    1.919712E-06    2.994437E-06    2.416985E-06    4.445126E-06    5.301333E-06    5.849658E-06    5.125812E-06    5.865896E-06    5.583129E-06
   4.511008E-06    4.864776E-06    7.055912E-06    3.586221E-06    4.312026E-06    9.304030E-06    6.231381E-06    8.207703E-06    4.379829E-06    4.414854E-06    5.106218E-06    2.799726E-06    2.204441E-06    2.481599E-06    4.432919E-06    5.646790E-06    6.878528E-06    3.813321E-06    8.478107E-06    9.672756E-06
   5.900809E-06    6.770245E-06    9.219621E-06    4.244193E-06    4.240847E-06    4.520666E-06    8.546529E-06    7.849042E-06    4.992336E-06    3.181860E-06    4.549127E-06    2.993243E-06    2.687749E-06    2.264018E-06    2.945553E-06    4.648137E-06    5.410238E-06    3.110407E-06    3.470765E-06    6.468708E-06
   7.272192E-06    8.779119E-06    5.935438E-06    5.634667E-06    3.955408E-06    5.626480E-06    6.086433E-06    7.668938E-06    3.537015E-06    2.628913E-06    4.210937E-06    1.882706E-06    1.538897E-06    1.454010E-06    1.425334E-06    1.939636E-06    2.898184E-06    4.624564E-06    4.056090E-06    5.531245E-06
   8.871434E-06    8.209622E-06    1.154589E-05    9.771754E-06    5.541749E-06    6.323886E-06    6.147987E-06    7.699897E-06    3.911144E-06    3.680987E-06    4.111797E-06    2.147370E-06    1.851755E-06    2.016272E-06    1.637460E-06    1.864295E-06    2.903679E-06    3.269012E-06    2.615265E-06    4.749355E-06
   8.025212E-06    5.392212E-06    9.420665E-06    7.783102E-06    8.496600E-06    8.496600E-06    8.496600E-06    6.354706E-06    5.234930E-06    2.375330E-06    2.850862E-06    3.204210E-06    1.316942E-06    1.071677E-06    1.395666E-06    2.039025E-06    1.760416E-06    3.247086E-06    2.804306E-06    2.463533E-06
   7.099846E-06    5.051499E-06    5.872710E-06    8.168620E-06    8.496600E-06    8.496600E-06    8.496600E-06    8.496600E-06    4.040781E-06    4.302703E-06    4.448601E-06    2.600520E-06    1.392198E-06    1.084002E-06    1.327997E-06    2.869205E-06    2.065045E-06    2.585977E-06    3.324591E-06    2.440893E-06
   7.694084E-06    7.232057E-06    7.427002E-06    1.723776E-05    8.496600E-06    8.496600E-06    8.496600E-06    8.496600E-06    5.142934E-06    5.598748E-06    4.742780E-06    3.173048E-06    2.178335E-06    2.368761E-06    2.920458E-06    3.208120E-06    2.794095E-06    3.675135E-06    2.882214E-06    2.769573E-06
   4.837161E-06    8.080042E-06    1.214740E-05    1.557779E-05    8.496600E-06    8.496600E-06    8.496600E-06    8.496600E-06    6.848887E-06    3.600454E-06    2.753804E-06    4.189057E-06    2.683937E-06    2.578676E-06    3.799550E-06    3.544655E-06    5.430843E-06    3.594069E-06    2.300015E-06    2.768821E-06
   7.041338E-06    6.437657E-06    8.967510E-06    1.275753E-05    8.496600E-06    8.496600E-06    8.496600E-06    8.496600E-06    5.445789E-06    5.036443E-06    3.296180E-06    5.275407E-06    3.939230E-06    3.391287E-06    2.431588E-06    3.352518E-06    3.831074E-06    2.401234E-06    2.783541E-06    1.397591E-06
   6.817555E-06    1.096118E-05    1.175959E-05    1.522676E-05    8.496600E-06    8.496600E-06    8.496600E-06    8.496600E-06    1.200199E-05    5.290543E-06    4.919702E-06    3.874938E-06    3.046410E-06    2.986798E-06    3.654227E-06    2.964810E-06    2.940097E-06    2.302286E-06    2.818479E-06    3.672663E-06
   9.024640E-06    9.905866E-06    1.438843E-05    1.845976E-05    8.496600E-06    8.496600E-06    8.496600E-06    8.496600E-06    9.710373E-06    5.621400E-06    4.069072E-06    5.145791E-06    3.630314E-06    2.934373E-06    3.599688E-06    2.239697E-06    2.437864E-06    2.840526E-06    3.427959E-06    5.247159E-06
   1.000043E-05    1.089640E-05    1.704078E-05    1.864301E-05    8.496600E-06    8.496600E-06    8.496600E-06    8.496600E-06    7.900947E-06    3.878572E-06    2.273638E-06    2.576745E-06    2.703183E-06    1.662349E-06    3.605138E-06    2.525445E-06    2.404846E-06    3.496068E-06    4.342998E-06    7.358595E-06
   1.046823E-05    1.963875E-05    2.463160E-05    1.340860E-05    8.496600E-06    8.496600E-06    8.496600E-06    8.496600E-06    4.632032E-06    3.809445E-06    2.983826E-06    3.627623E-06    3.613267E-06    2.766123E-06    2.311615E-06    2.372192E-06    4.074128E-06    3.125531E-06    5.496104E-06    8.205434E-06
   1.549927E-05    1.075500E-05    1.244799E-05    1.058629E-05    8.496600E-06    8.496600E-06    8.496600E-06    8.496600E-06    5.593910E-06    3.579388E-06    5.052116E-06    5.745616E-06    3.398273E-06    2.047578E-06    1.919657E-06    3.621309E-06    4.942160E-06    6.389516E-06    8.633332E-06    1.108209E-05
   1.461598E-05    1.245057E-05    1.048886E-05    9.826223E-06    8.496600E-06    8.496600E-06    8.496600E-06    8.496600E-06    7.025352E-06    3.235373E-06    3.874739E-06    8.512668E-06    5.126525E-06    2.800869E-06    3.065003E-06    3.432867E-06    5.965010E-06    6.972907E-06    7.154958E-06    8.305036E-06
   1.798688E-05    1.287920E-05    6.912423E-06    8.452601E-06    8.496600E-06    8.496600E-06    8.496600E-06    8.496600E-06    3.496576E-06    4.025421E-06    2.299529E-06    5.398478E-06    3.990767E-06    4.146726E-06    4.119298E-06    3.872815E-06    4.797258E-06    5.561586E-06    7.912509E-06    5.116478E-06
   7.111229E-06    9.295951E-06    3.526388E-06    6.015048E-06    8.496600E-06    8.496600E-06    8.496600E-06    8.496600E-06    6.431700E-06    5.547527E-06    4.556769E-06    6.713722E-06    9.798217E-06    6.113858E-06    4.666557E-06    4.564768E-06    3.788279E-06    4.566400E-06    4.707816E-06    5.388121E-06
   4.511175E-06    4.195930E-06    3.839180E-06    3.630513E-06    8.496600E-06    8.496600E-06    4.823953E-06    5.454677E-06    8.067713E-06    5.750984E-06    6.233067E-06    7.782885E-06    1.303746E-05    1.517520E-05    5.880792E-06    4.198572E-06    3.744696E-06    3.235570E-06    3.040097E-06    4.879750E-06
   3.731009E-06    3.941095E-06    3.865459E-06    4.336928E-06    6.990727E-06    8.496600E-06    4.172326E-06    4.966560E-06    6.660509E-06    9.800430E-06    1.359203E-05    9.706999E-06    8.512524E-06    7.459902E-06    6.465028E-06    5.218740E-06    6.421304E-06    3.997507E-06    2.795370E-06    4.218718E-06
   2.938125E-06    6.749661E-06    4.493280E-06    6.328110E-06    4.343068E-06    7.017256E-06    3.310289E-06    6.109259E-06    9.885491E-06    1.048138E-05    1.349352E-05    1.247540E-05    9.857819E-06    1.078154E-05    8.376105E-06    6.272334E-06    6.469968E-06    3.177085E-06    4.180861E-06    3.854484E-06
   3.535880E-06    7.663815E-06    7.768439E-06    8.586055E-06    6.174674E-06    6.277541E-06    4.149633E-06    6.243560E-06    1.117290E-05    9.640011E-06    1.095731E-05    1.410596E-05    1.783367E-05    1.018529E-05    9.805342E-06    5.753425E-06    5.313094E-06    5.131499E-06    5.308992E-06    5.702398E-06
   5.173667E-06    8.618737E-06    1.138453E-05    9.582129E-06    6.214101E-06    4.790592E-06    6.580993E-06    8.820289E-06    1.037907E-05    1.124319E-05    1.173449E-05    1.504988E-05    1.231987E-05    1.135312E-05    8.202771E-06    7.621947E-06    5.873807E-06    6.592014E-06    4.258422E-06    6.099984E-06
   7.241028E-06    8.146058E-06    9.449462E-06    1.073026E-05    7.681525E-06    6.229337E-06    7.574323E-06    7.973813E-06    1.398624E-05    1.735791E-05    1.129852E-05    1.390424E-05    1.157916E-05    7.480929E-06    8.946835E-06    8.276711E-06    5.551630E-06    6.217496E-06    6.819634E-06    4.975853E-06
   1.183979E-05    1.178933E-05    1.404937E-05    8.491179E-06    1.239767E-05    1.261976E-05    8.740293E-06    6.236963E-06    1.230809E-05    1.737213E-05    1.667082E-05    9.876974E-06    8.637046E-06    6.934679E-06    6.443348E-06    6.871592E-06    4.192301E-06    3.850367E-06    4.904985E-06    4.769096E-06
   2.469790E-05    2.360340E-05    1.589675E-05    9.204325E-06    4.817425E-06    5.415306E-06    8.900593E-06    6.234825E-06    7.215938E-06    1.308325E-05    1.202723E-05    1.426744E-05    1.301496E-05    5.544057E-06    4.400489E-06    4.221388E-06    2.680858E-06    3.630753E-06    3.179809E-06    6.368142E-06
   2.523134E-05    2.524129E-05    1.156436E-05    1.096089E-05    4.792597E-06    5.735762E-06    1.084547E-05    8.578402E-06    1.082952E-05    6.139047E-06    8.439093E-06    1.089407E-05    6.998892E-06    4.717841E-06    3.567177E-06    3.754091E-06    2.772290E-06    2.677234E-06    2.637920E-06    4.302508E-06
   2.104491E-05    2.901090E-05    1.177913E-05    6.088557E-06    5.102494E-06    5.393471E-06    8.189960E-06    6.299280E-06    5.045383E-06    5.151519E-06    7.289726E-06    9.771034E-06    8.136384E-06    6.659412E-06    4.767054E-06    4.269228E-06    1.967978E-06    3.276557E-06    2.905732E-06    2.527653E-06
   2.175414E-05    2.882440E-05    2.357467E-05    1.194962E-05    1.159705E-05    1.004311E-05    6.751971E-06    6.766921E-06    8.558141E-06    6.356759E-06    1.221844E-05    6.823832E-06    1.222307E-05    1.353943E-05    7.234786E-06    4.795162E-06    4.537443E-06    4.103970E-06    2.524952E-06    2.916666E-06
   8.496600E-06    2.300767E-05    1.981299E-05    1.214532E-05    9.779857E-06    9.422462E-06    7.193465E-06    1.047730E-05    7.245280E-06    7.695900E-06    1.167922E-05    1.348995E-05    1.515102E-05    7.122337E-06    5.545514E-06    4.092896E-06    6.001958E-06    3.785566E-06    3.945291E-06    3.496417E-06
   8.496600E-06    8.496600E-06    2.803509E-05    1.256975E-05    1.140738E-05    1.188406E-05    9.109861E-06    9.219177E-06    7.517988E-06    1.074374E-05    1.287702E-05    1.464805E-05    1.204612E-05    1.167896E-05    4.575616E-06    3.369594E-06    3.881506E-06    4.826924E-06    3.939442E-06    4.433717E-06
   8.496600E-06    8.496600E-06    8.496600E-06    1.126069E-05    9.608061E-06    1.137126E-05    2.029330E-05    1.364775E-05    7.985404E-06    1.012391E-05    1.895480E-05    9.519556E-06    1.456077E-05    7.546482E-06    3.554243E-06    4.516887E-06    4.561398E-06    4.580029E-06    3.608245E-06    6.359269E-06
   8.496600E-06    8.496600E-06    8.496600E-06    8.496600E-06    8.363288E-06    1.290143E-05    1.450773E-05    1.353752E-05    1.260855E-05    1.032026E-05    1.113988E-05    8.726318E-06    8.041139E-06    5.031298E-06    5.477781E-06    5.026372E-06    5.217932E-06    7.324684E-06    4.917095E-06    8.496600E-06
   8.496600E-06    8.496600E-06    8.496600E-06    8.496600E-06    6.186458E-06    8.141228E-06    8.905294E-06    1.235228E-05    1.185756E-05    7.561157E-06    8.111254E-06    6.351201E-06    5.774338E-06    7.576522E-06    7.769732E-06    7.488503E-06    9.821879E-06    6.113067E-06    4.556896E-06    8.496600E-06
   8.496600E-06    8.496600E-06    8.496600E-06    8.496600E-06    8.496600E-06    7.486608E-06    8.879529E-06    1.154125E-05    9.626887E-06    5.651520E-06    7.756056E-06    6.093494E-06    5.257689E-06    8.428257E-06    6.985588E-06    7.606787E-06    4.492623E-06    3.743037E-06    8.496600E-06    8.496600E-06
   8.496600E-06    8.496600E-06    8.496600E-06    8.496600E-06    8.496600E-06    6.183366E-06    8.497179E-06    8.037913E-06    7.303547E-06    3.312463E-06    7.454037E-06    7.784207E-06    4.788465E-06    7.284936E-06    8.412178E-06    6.283067E-06    3.724657E-06    8.496600E-06    8.496600E-06    8.496600E-06
   8.496600E-06    8.496600E-06    8.496600E-06    8.496600E-06    8.496600E-06    9.034625E-06    4.849236E-06    6.128534E-06    6.075929E-06    1.126229E-05    9.734326E-06    1.105264E-05    5.357145E-06    3.905602E-06    5.020658E-06    3.222008E-06    8.496600E-06    8.496600E-06    8.496600E-06    8.496600E-06
