1 1 1 16 250.0 5.0 5e-05 34.0 1.0 0.15958890838252515 0.03 1 1.0 0 headwater
2 1 2 16 250.0 5.0 5e-05 33.98718 1.0 0.15262174379333301 0.03 2 1.0 0 headwater
3 1 3 16 250.0 5.0 5e-05 33.97436 1.0 0.23193389123068364 0.03 2 1.0 0 headwater
4 1 4 16 250.0 5.0 5e-05 33.96154 1.0 0.09930823746112241 0.03 2 1.0 0 headwater
5 1 5 16 250.0 5.0 5e-05 33.94872 1.0 0.07792979837821927 0.03 2 1.0 0 headwater
6 1 6 16 250.0 5.0 5e-05 33.9359 1.0 0.11558716804318825 0.03 2 1.0 0 headwater
7 1 7 16 250.0 5.0 5e-05 33.92308 1.0 0.08368923169647001 0.03 2 1.0 0 headwater
8 1 8 16 250.0 5.0 5e-05 33.91026 1.0 0.09864929369561462 0.03 2 1.0 0 headwater
9 1 9 16 250.0 5.0 5e-05 33.89743 1.0 0.14115739015447687 0.03 2 1.0 0 headwater
10 1 10 16 250.0 5.0 5e-05 33.88462 1.0 0.14446083737103463 0.03 2 1.0 0 headwater
11 1 11 16 250.0 5.0 5e-05 33.8718 1.0 0.059372243151873595 0.03 2 1.0 0 headwater
12 1 12 16 250.0 5.0 5e-05 33.85897 1.0 0.06427658282183292 0.03 2 1.0 0 headwater
13 1 13 16 250.0 5.0 5e-05 33.84615 1.0 0.03004726528198513 0.03 2 1.0 0 headwater
14 1 14 16 250.0 5.0 5e-05 33.83333 1.0 0.02181160458127908 0.03 2 1.0 0 headwater
15 1 15 16 250.0 5.0 5e-05 33.82051 1.0 0.01590001154362165 0.03 2 1.0 0 headwater
16 1 16 16 250.0 5.0 5e-05 33.80769 1.0 0.02443741785234543 0.03 2 1.0 0 headwater
17 1 17 16 250.0 5.0 5e-05 33.79487 1.0 0.04241990368882706 0.03 2 1.0 0 headwater
18 1 18 16 250.0 5.0 5e-05 33.78205 1.0 0.06311780417650212 0.03 2 1.0 0 headwater
19 1 19 16 250.0 5.0 5e-05 33.76923 1.0 0.07854793469407881 0.03 2 1.0 0 headwater
20 1 20 16 250.0 5.0 5e-05 33.75641 1.0 0.17566441890561338 0.03 2 1.0 0 headwater
21 1 21 16 250.0 5.0 5e-05 33.74359 1.0 0.2405081750169623 0.03 2 1.0 0 headwater
22 1 22 16 250.0 5.0 5e-05 33.73077 1.0 0.12107269493886429 0.03 2 1.0 0 tailwater
23 1 23 16 250.0 5.0 5e-05 33.71795 1.0 0.1691501512198648 0.03 2 1.0 0 tailwater
24 1 24 16 250.0 5.0 5e-05 33.70513 1.0 0.17767444540269065 0.03 2 1.0 0 tailwater
25 1 25 16 250.0 5.0 5e-05 33.69231 1.0 0.33262600202009296 0.03 2 1.0 0 tailwater
26 1 26 16 250.0 5.0 5e-05 33.67949 1.0 0.24694228402234078 0.03 2 1.0 0 tailwater
27 1 27 16 250.0 5.0 5e-05 33.66667 1.0 0.17108539925686972 0.03 2 1.0 0 tailwater
28 1 28 16 250.0 5.0 5e-05 33.65385 1.0 0.2462354930862424 0.03 2 1.0 0 tailwater
29 1 29 16 250.0 5.0 5e-05 33.64103 1.0 0.2777463008558759 0.03 2 1.0 0 tailwater
30 1 30 16 250.0 5.0 5e-05 33.6282 1.0 0.22203344203314632 0.03 2 1.0 0 tailwater
31 1 31 16 250.0 5.0 5e-05 33.61538 1.0 0.13765995724562982 0.03 2 1.0 0 tailwater
32 1 32 16 250.0 5.0 5e-05 33.60257 1.0 0.15342762806274782 0.03 2 1.0 0 tailwater
33 1 33 16 250.0 5.0 5e-05 33.58974 1.0 0.1913217799674546 0.03 2 1.0 0 tailwater
34 1 34 16 250.0 5.0 5e-05 33.57692 1.0 0.14314244552913916 0.03 2 1.0 0 tailwater
35 1 35 16 250.0 5.0 5e-05 33.5641 1.0 0.2554064862489047 0.03 2 1.0 0 tailwater
36 1 36 16 250.0 5.0 5e-05 33.55128 1.0 0.17121267826330314 0.03 2 1.0 0 tailwater
37 1 37 16 250.0 5.0 5e-05 33.53846 1.0 0.13289240768954352 0.03 2 1.0 0 tailwater
38 1 38 16 250.0 5.0 5e-05 33.52564 1.0 0.09350728587821273 0.03 2 1.0 0 tailwater
39 1 39 16 250.0 5.0 5e-05 33.51282 1.0 0.08250351024413344 0.03 2 1.0 0 tailwater
40 1 40 16 250.0 5.0 5e-05 33.51 1.0 0.12476606912592315 0.03 1 1.0 0 tailwater
