   7.209560E-05    6.364184E-05    4.132474E-05    6.627336E-05    8.335858E-05    1.085741E-04    1.358518E-04    1.337191E-04    8.193504E-05    6.931991E-05    5.572240E-05    5.371739E-05    5.663427E-05    4.699494E-05    5.848380E-05    6.235954E-05    9.123191E-05    1.006709E-04    1.304853E-04    1.029959E-04
   9.779816E-05    7.966351E-05    7.938121E-05    8.801879E-05    9.055873E-05    1.060027E-04    1.365908E-04    1.388042E-04    8.042664E-05    5.498666E-05    5.062163E-05    2.816755E-05    3.239967E-05    4.353600E-05    5.121574E-05    7.842607E-05    1.625373E-04    1.501675E-04    1.235655E-04    1.348617E-04
   1.112664E-04    1.156140E-04    8.267400E-05    8.640722E-05    7.860292E-05    1.305513E-04    1.366761E-04    1.166808E-04    5.790008E-05    5.538385E-05    5.582482E-05    3.602831E-05    5.119003E-05    4.433601E-05    9.435234E-05    1.064577E-04    1.128462E-04    7.040695E-05    1.439992E-04    1.177942E-04
   8.433505E-05    1.105028E-04    9.291068E-05    5.776101E-05    8.886376E-05    9.568051E-05    1.306167E-04    1.181674E-04    6.681759E-05    4.974362E-05    4.650783E-05    2.691486E-05    4.198279E-05    3.388677E-05    6.232185E-05    7.432609E-05    8.201375E-05    7.186524E-05    8.224142E-05    7.827694E-05
   6.324553E-05    6.820544E-05    9.892575E-05    5.027976E-05    6.045574E-05    1.304450E-04    8.736561E-05    1.150742E-04    6.140636E-05    6.189741E-05    7.159052E-05    3.925289E-05    3.090684E-05    3.479268E-05    6.215070E-05    7.916949E-05    9.643878E-05    5.346376E-05    1.188653E-04    1.356146E-04
   8.273090E-05    9.492062E-05    1.292615E-04    5.950471E-05    5.945779E-05    6.338093E-05    1.198246E-04    1.100456E-04    6.999387E-05    4.461052E-05    6.377997E-05    4.196605E-05    3.768295E-05    3.174213E-05    4.129744E-05    6.516811E-05    7.585297E-05    4.360872E-05    4.866105E-05    9.069299E-05
   1.019580E-04    1.230856E-04    8.321641E-05    7.899953E-05    5.545587E-05    7.888473E-05    8.533340E-05    1.075205E-04    4.958989E-05    3.685806E-05    5.903844E-05    2.639604E-05    2.157574E-05    2.038561E-05    1.998356E-05    2.719421E-05    4.063331E-05    6.483760E-05    5.686746E-05    7.754951E-05
   1.243799E-04    1.151011E-04    1.618764E-04    1.370026E-04    7.769678E-05    8.866255E-05    8.619640E-05    1.079546E-04    5.483528E-05    5.160841E-05    5.764847E-05    3.010669E-05    2.596209E-05    2.826867E-05    2.295762E-05    2.613791E-05    4.071035E-05    4.583241E-05    3.666671E-05    6.658722E-05
   1.125156E-04    7.560023E-05    1.320802E-04    1.091211E-04    9.926175E-05    9.926175E-05    9.926175E-05    8.909466E-05    7.339510E-05    3.330275E-05    3.996984E-05    4.492387E-05    1.846388E-05    1.502519E-05    1.956761E-05    2.858767E-05    2.468150E-05    4.552500E-05    3.931711E-05    3.453938E-05
   9.954171E-05    7.082335E-05    8.233694E-05    1.145262E-04    9.926175E-05    9.926175E-05    9.926175E-05    9.926175E-05    5.665282E-05    6.032503E-05    6.237056E-05    3.645997E-05    1.951898E-05    1.519800E-05    1.861887E-05    4.022701E-05    2.895248E-05    3.625608E-05    4.661164E-05    3.422197E-05
   1.078731E-04    1.013953E-04    1.041285E-04    2.416780E-04    9.926175E-05    9.926175E-05    9.926175E-05    9.926175E-05    7.210529E-05    7.849593E-05    6.649502E-05    4.448697E-05    3.054083E-05    3.321065E-05    4.094559E-05    4.497869E-05    3.917394E-05    5.152636E-05    4.040940E-05    3.883015E-05
   6.781827E-05    1.132843E-04    1.703098E-04    2.184047E-04    9.926175E-05    9.926175E-05    9.926175E-05    9.926175E-05    9.602321E-05    5.047932E-05    3.860905E-05    5.873168E-05    3.762950E-05    3.615372E-05    5.327069E-05    4.969699E-05    7.614185E-05    5.038980E-05    3.224682E-05    3.881960E-05
   9.872142E-05    9.025765E-05    1.257269E-04    1.788639E-04    9.926175E-05    9.926175E-05    9.926175E-05    9.926175E-05    7.635139E-05    7.061227E-05    4.621331E-05    7.396260E-05    5.522904E-05    4.754673E-05    3.409151E-05    4.700319E-05    5.371266E-05    3.366593E-05    3.902599E-05    1.959459E-05
   9.558392E-05    1.536786E-04    1.648726E-04    2.134832E-04    9.926175E-05    9.926175E-05    9.926175E-05    9.926175E-05    1.682710E-04    7.417481E-05    6.897552E-05    5.432765E-05    4.271147E-05    4.187570E-05    5.123323E-05    4.156741E-05    4.122094E-05    3.227866E-05    3.951581E-05    5.149171E-05
   1.265278E-04    1.388829E-04    2.017296E-04    2.588107E-04    9.926175E-05    9.926175E-05    9.926175E-05    9.926175E-05    1.361420E-04    7.881351E-05    5.704946E-05    7.214535E-05    5.089796E-05    4.114068E-05    5.046857E-05    3.140114E-05    3.417950E-05    3.982493E-05    4.806089E-05    7.356656E-05
   1.402087E-04    1.527704E-04    2.389162E-04    2.613799E-04    9.926175E-05    9.926175E-05    9.926175E-05    9.926175E-05    1.107734E-04    5.437861E-05    3.187701E-05    3.612665E-05    3.789934E-05    2.330657E-05    5.054499E-05    3.540741E-05    3.371657E-05    4.901580E-05    6.088998E-05    1.031694E-04
   1.467673E-04    2.753405E-04    3.453416E-04    1.879921E-04    9.926175E-05    9.926175E-05    9.926175E-05    9.926175E-05    6.494231E-05    5.340942E-05    4.183403E-05    5.086023E-05    5.065896E-05    3.878177E-05    3.240945E-05    3.325875E-05    5.712035E-05    4.382077E-05    7.705683E-05    1.150424E-04
   2.173038E-04    1.507879E-04    1.745241E-04    1.484225E-04    9.926175E-05    9.926175E-05    9.926175E-05    9.926175E-05    7.842809E-05    5.018397E-05    7.083201E-05    8.055505E-05    4.764468E-05    2.870759E-05    2.691410E-05    5.077170E-05    6.929039E-05    8.958270E-05    1.210416E-04    1.553738E-04
   2.049200E-04    1.745602E-04    1.470566E-04    1.377662E-04    9.926175E-05    9.926175E-05    9.926175E-05    9.926175E-05    9.849729E-05    4.536078E-05    5.432487E-05    1.193499E-04    7.187524E-05    3.926892E-05    4.297214E-05    4.812970E-05    8.363102E-05    9.776200E-05    1.003144E-04    1.164388E-04
   2.521808E-04    1.805698E-04    9.691400E-05    1.185077E-04    9.926175E-05    9.926175E-05    9.926175E-05    9.926175E-05    4.902291E-05    5.643747E-05    3.224000E-05    7.568808E-05    5.595160E-05    5.813819E-05    5.775364E-05    5.429788E-05    6.725883E-05    7.797490E-05    1.109355E-04    7.173438E-05
   9.970131E-05    1.303317E-04    4.944089E-05    8.433256E-05    9.926175E-05    9.926175E-05    9.926175E-05    9.926175E-05    9.017413E-05    7.777779E-05    6.388710E-05    9.412816E-05    1.373736E-04    8.571790E-05    6.542636E-05    6.399925E-05    5.311268E-05    6.402213E-05    6.600482E-05    7.554287E-05
   6.324787E-05    5.882804E-05    5.382632E-05    5.090075E-05    9.926175E-05    9.926175E-05    6.763310E-05    7.647601E-05    1.131115E-04    8.063031E-05    8.738925E-05    1.091181E-04    1.827886E-04    2.127603E-04    8.245026E-05    5.886509E-05    5.250162E-05    4.536354E-05    4.262296E-05    6.841538E-05
   5.230973E-05    5.525519E-05    5.419476E-05    6.080488E-05    9.801184E-05    9.926175E-05    5.849712E-05    6.963248E-05    9.338209E-05    1.374046E-04    1.905639E-04    1.360947E-04    1.193478E-04    1.045898E-04    9.064139E-05    7.316812E-05    9.002838E-05    5.604610E-05    3.919183E-05    5.914754E-05
   4.119328E-05    9.463203E-05    6.299697E-05    8.872178E-05    6.089095E-05    9.838378E-05    4.641113E-05    8.565342E-05    1.385972E-04    1.469517E-04    1.891828E-04    1.749084E-04    1.382092E-04    1.511600E-04    1.174352E-04    8.793977E-05    9.071066E-05    4.454357E-05    5.861677E-05    5.404089E-05
   4.957398E-05    1.074487E-04    1.089156E-04    1.203788E-04    8.657056E-05    8.801278E-05    5.817895E-05    8.753636E-05    1.566470E-04    1.351555E-04    1.536244E-04    1.977693E-04    2.500327E-04    1.428004E-04    1.374735E-04    8.066454E-05    7.449098E-05    7.194497E-05    7.443347E-05    7.994912E-05
   7.253617E-05    1.208370E-04    1.596142E-04    1.343440E-04    8.712334E-05    6.716536E-05    9.226725E-05    1.236628E-04    1.455173E-04    1.576324E-04    1.645206E-04    2.110033E-04    1.727278E-04    1.591738E-04    1.150050E-04    1.068617E-04    8.235233E-05    9.242177E-05    5.970420E-05    8.552338E-05
   1.015211E-04    1.142099E-04    1.324840E-04    1.504411E-04    1.076970E-04    8.733695E-05    1.061940E-04    1.117950E-04    1.960908E-04    2.433625E-04    1.584082E-04    1.949411E-04    1.623429E-04    1.048846E-04    1.254370E-04    1.160417E-04    7.783532E-05    8.717094E-05    9.561308E-05    6.976277E-05
   1.659970E-04    1.652896E-04    1.969759E-04    1.190486E-04    1.738186E-04    1.769323E-04    1.225412E-04    8.744387E-05    1.725627E-04    2.435618E-04    2.337292E-04    1.384778E-04    1.210937E-04    9.722603E-05    9.033744E-05    9.634153E-05    5.877717E-05    5.398316E-05    6.876918E-05    6.686398E-05
   3.462711E-04    3.309259E-04    2.228766E-04    1.290471E-04    6.754158E-05    7.592402E-05    1.247887E-04    8.741390E-05    1.011694E-04    1.834306E-04    1.686250E-04    2.000333E-04    1.824731E-04    7.772915E-05    6.169602E-05    5.918498E-05    3.758633E-05    5.090411E-05    4.458176E-05    8.928303E-05
   3.537500E-04    3.538895E-04    1.621354E-04    1.536745E-04    6.719347E-05    8.041689E-05    1.520564E-04    1.202715E-04    1.518327E-04    8.607105E-05    1.183183E-04    1.527378E-04    9.812631E-05    6.614538E-05    5.001277E-05    5.263335E-05    3.886823E-05    3.753552E-05    3.698434E-05    6.032230E-05
   2.950552E-04    4.067405E-04    1.651465E-04    8.536318E-05    7.153831E-05    7.561789E-05    1.148254E-04    8.831757E-05    7.073761E-05    7.222566E-05    1.022039E-04    1.369925E-04    1.140742E-04    9.336672E-05    6.683535E-05    5.985570E-05    2.759157E-05    4.593819E-05    4.073914E-05    3.543836E-05
   3.049988E-04    4.041257E-04    3.305231E-04    1.675369E-04    1.625937E-04    1.408070E-04    9.466441E-05    9.487402E-05    1.199874E-04    8.912344E-05    1.713057E-04    9.567192E-05    1.713706E-04    1.898264E-04    1.014336E-04    6.722943E-05    6.361615E-05    5.753874E-05    3.540050E-05    4.089243E-05
   9.926175E-05    3.225735E-04    2.777834E-04    1.702806E-04    1.371162E-04    1.321054E-04    1.008543E-04    1.468946E-04    1.015807E-04    1.078985E-04    1.637457E-04    1.891327E-04    2.124213E-04    9.985705E-05    7.774957E-05    5.738348E-05    8.414904E-05    5.307464E-05    5.531401E-05    4.902069E-05
   9.926175E-05    9.926175E-05    3.930594E-04    1.762312E-04    1.599345E-04    1.666177E-04    1.277227E-04    1.292553E-04    1.054042E-04    1.506300E-04    1.805392E-04    2.053695E-04    1.688898E-04    1.637421E-04    6.415134E-05    4.724259E-05    5.441973E-05    6.767474E-05    5.523201E-05    6.216188E-05
   9.926175E-05    9.926175E-05    9.926175E-05    1.578779E-04    1.347075E-04    1.594280E-04    2.845174E-04    1.913450E-04    1.119575E-04    1.419399E-04    2.657512E-04    1.334667E-04    2.041459E-04    1.058037E-04    4.983142E-05    6.332795E-05    6.395201E-05    6.421322E-05    5.058854E-05    8.915862E-05
   9.926175E-05    9.926175E-05    9.926175E-05    9.926175E-05    1.172555E-04    1.808814E-04    2.034022E-04    1.897996E-04    1.767752E-04    1.446928E-04    1.561841E-04    1.223453E-04    1.127389E-04    7.054013E-05    7.679994E-05    7.047106E-05    7.315678E-05    1.026940E-04    6.893897E-05    9.926175E-05
   9.926175E-05    9.926175E-05    9.926175E-05    9.926175E-05    8.673578E-05    1.141422E-04    1.248546E-04    1.731822E-04    1.662461E-04    1.060094E-04    1.137219E-04    8.904551E-05    8.095774E-05    1.062248E-04    1.089337E-04    1.049908E-04    1.377053E-04    8.570681E-05    6.388889E-05    9.926175E-05
   9.926175E-05    9.926175E-05    9.926175E-05    9.926175E-05    9.926175E-05    1.049642E-04    1.244933E-04    1.618114E-04    1.349715E-04    7.923581E-05    1.087420E-04    8.543240E-05    7.371418E-05    1.181664E-04    9.793979E-05    1.066492E-04    6.298776E-05    5.247837E-05    9.926175E-05    9.926175E-05
   9.926175E-05    9.926175E-05    9.926175E-05    9.926175E-05    9.926175E-05    8.669242E-05    1.191327E-04    1.126937E-04    1.023977E-04    4.644161E-05    1.045076E-04    1.091366E-04    6.713554E-05    1.021367E-04    1.179410E-04    8.809026E-05    5.222068E-05    9.926175E-05    9.926175E-05    9.926175E-05
   9.926175E-05    9.926175E-05    9.926175E-05    9.926175E-05    9.926175E-05    1.266678E-04    6.798756E-05    8.592366E-05    8.518613E-05    1.579003E-04    1.364778E-04    1.549610E-04    7.510858E-05    5.475757E-05    7.039095E-05    4.517340E-05    9.926175E-05    9.926175E-05    9.926175E-05    9.926175E-05
