   3.833283E+01    3.829444E+01    3.823842E+01    3.817527E+01    3.807541E+01    3.793951E+01    3.778417E+01    3.751954E+01    3.712561E+01    3.674754E+01    3.639699E+01    3.592700E+01    3.545427E+01    3.507914E+01    3.462125E+01    3.421259E+01    3.435520E+01    3.441373E+01    3.445120E+01    3.445827E+01
   3.833744E+01    3.830228E+01    3.824586E+01    3.816575E+01    3.803317E+01    3.787671E+01    3.771356E+01    3.746096E+01    3.707477E+01    3.667979E+01    3.631469E+01    3.586636E+01    3.543198E+01    3.501961E+01    3.458022E+01    3.420578E+01    3.434215E+01    3.439568E+01    3.442154E+01    3.443651E+01
   3.835473E+01    3.831778E+01    3.824684E+01    3.812866E+01    3.797632E+01    3.782248E+01    3.763256E+01    3.735500E+01    3.696982E+01    3.656470E+01    3.616823E+01    3.574259E+01    3.535784E+01    3.495967E+01    3.453483E+01    3.416496E+01    3.427934E+01    3.432798E+01    3.435908E+01    3.437711E+01
   3.837112E+01    3.833515E+01    3.824853E+01    3.810336E+01    3.794583E+01    3.777448E+01    3.753377E+01    3.719914E+01    3.680120E+01    3.639953E+01    3.598624E+01    3.556756E+01    3.518805E+01    3.480100E+01    3.444339E+01    3.418080E+01    3.421209E+01    3.422674E+01    3.424713E+01    3.427318E+01
   3.839635E+01    3.835743E+01    3.827816E+01    3.812040E+01    3.792115E+01    3.769064E+01    3.736112E+01    3.700472E+01    3.662728E+01    3.617376E+01    3.571346E+01    3.531536E+01    3.495459E+01    3.462818E+01    3.435021E+01    3.413798E+01    3.411979E+01    3.410806E+01    3.410979E+01    3.413302E+01
   3.846613E+01    3.841237E+01    3.831549E+01    3.813425E+01    3.788339E+01    3.759227E+01    3.724561E+01    3.679358E+01    3.630012E+01    3.581157E+01    3.541008E+01    3.505797E+01    3.471573E+01    3.443960E+01    3.421090E+01    3.404242E+01    3.399678E+01    3.397918E+01    3.397654E+01    3.397320E+01
   3.858017E+01    3.850653E+01    3.839388E+01    3.817766E+01    3.785094E+01    3.751586E+01    3.705067E+01    3.642244E+01    3.587791E+01    3.542045E+01    3.507953E+01    3.475114E+01    3.446715E+01    3.425564E+01    3.406567E+01    3.393713E+01    3.384889E+01    3.382646E+01    3.381871E+01    3.379630E+01
   3.868094E+01    3.862579E+01    3.853280E+01    3.831630E+01    3.781228E+01    3.744155E+01    3.687857E+01    3.601658E+01    3.543077E+01    3.503285E+01    3.477027E+01    3.451147E+01    3.428504E+01    3.410135E+01    3.393027E+01    3.378479E+01    3.358433E+01    3.356979E+01    3.360072E+01    3.362487E+01
   3.874450E+01    3.871652E+01    3.868215E+01    3.863115E+01    1.000000E+30    1.000000E+30    1.000000E+30    3.544163E+01    3.499709E+01    3.477726E+01    3.456759E+01    3.432225E+01    3.411469E+01    3.392406E+01    3.371967E+01    3.353181E+01    3.310862E+01    3.327463E+01    3.341033E+01    3.348702E+01
   3.878560E+01    3.877552E+01    3.876723E+01    3.875634E+01    1.000000E+30    1.000000E+30    1.000000E+30    1.000000E+30    3.463888E+01    3.450863E+01    3.433194E+01    3.412289E+01    3.394688E+01    3.371406E+01    3.349851E+01    3.320902E+01    3.227090E+01    3.304489E+01    3.331591E+01    3.341082E+01
   3.880154E+01    3.880092E+01    3.880478E+01    3.881784E+01    1.000000E+30    1.000000E+30    1.000000E+30    1.000000E+30    3.436428E+01    3.429075E+01    3.415996E+01    3.399255E+01    3.376281E+01    3.345475E+01    3.338842E+01    3.329682E+01    3.305847E+01    3.324255E+01    3.334430E+01    3.340111E+01
   3.879087E+01    3.879545E+01    3.880685E+01    3.881970E+01    1.000000E+30    1.000000E+30    1.000000E+30    1.000000E+30    3.420276E+01    3.415547E+01    3.404100E+01    3.387053E+01    3.357756E+01    3.295941E+01    3.331155E+01    3.339346E+01    3.332597E+01    3.336228E+01    3.340215E+01    3.343553E+01
   3.876741E+01    3.877063E+01    3.878101E+01    3.879705E+01    1.000000E+30    1.000000E+30    1.000000E+30    1.000000E+30    3.410302E+01    3.407249E+01    3.398334E+01    3.384071E+01    3.366536E+01    3.344603E+01    3.346313E+01    3.349328E+01    3.345190E+01    3.344479E+01    3.345920E+01    3.347513E+01
   3.870748E+01    3.873024E+01    3.874648E+01    3.876034E+01    1.000000E+30    1.000000E+30    1.000000E+30    1.000000E+30    3.405570E+01    3.402589E+01    3.396334E+01    3.385247E+01    3.372742E+01    3.363046E+01    3.359597E+01    3.358775E+01    3.355297E+01    3.353060E+01    3.353074E+01    3.353512E+01
   3.858606E+01    3.863462E+01    3.867135E+01    3.868826E+01    1.000000E+30    1.000000E+30    1.000000E+30    1.000000E+30    3.401943E+01    3.399227E+01    3.393878E+01    3.386200E+01    3.377113E+01    3.370365E+01    3.367092E+01    3.365104E+01    3.362885E+01    3.361514E+01    3.361195E+01    3.361159E+01
   3.842195E+01    3.846038E+01    3.849263E+01    3.849688E+01    1.000000E+30    1.000000E+30    1.000000E+30    1.000000E+30    3.398442E+01    3.395569E+01    3.390821E+01    3.384881E+01    3.377885E+01    3.372810E+01    3.370636E+01    3.369444E+01    3.367919E+01    3.367314E+01    3.366801E+01    3.366812E+01
   3.813111E+01    3.816498E+01    3.816977E+01    3.815831E+01    1.000000E+30    1.000000E+30    1.000000E+30    1.000000E+30    3.393602E+01    3.390479E+01    3.385791E+01    3.380798E+01    3.376217E+01    3.372934E+01    3.371415E+01    3.371140E+01    3.370399E+01    3.370297E+01    3.370111E+01    3.370268E+01
   3.773012E+01    3.772810E+01    3.774656E+01    3.774860E+01    1.000000E+30    1.000000E+30    1.000000E+30    1.000000E+30    3.386787E+01    3.383561E+01    3.379837E+01    3.376445E+01    3.373504E+01    3.371047E+01    3.370195E+01    3.371068E+01    3.371083E+01    3.371355E+01    3.371838E+01    3.372563E+01
   3.725268E+01    3.719676E+01    3.719236E+01    3.717871E+01    1.000000E+30    1.000000E+30    1.000000E+30    1.000000E+30    3.380346E+01    3.378592E+01    3.375846E+01    3.373167E+01    3.370084E+01    3.367633E+01    3.367115E+01    3.369711E+01    3.370706E+01    3.371560E+01    3.372248E+01    3.372867E+01
   3.667290E+01    3.659402E+01    3.650638E+01    3.651766E+01    1.000000E+30    1.000000E+30    1.000000E+30    1.000000E+30    3.375905E+01    3.374676E+01    3.372145E+01    3.369810E+01    3.366704E+01    3.363990E+01    3.362339E+01    3.367376E+01    3.369564E+01    3.371006E+01    3.371976E+01    3.372464E+01
   3.615443E+01    3.607636E+01    3.600847E+01    3.601970E+01    1.000000E+30    1.000000E+30    1.000000E+30    1.000000E+30    3.372381E+01    3.371147E+01    3.369297E+01    3.367122E+01    3.364594E+01    3.361278E+01    3.355190E+01    3.364509E+01    3.368334E+01    3.370392E+01    3.371450E+01    3.372047E+01
   3.578367E+01    3.569551E+01    3.567066E+01    3.559124E+01    1.000000E+30    1.000000E+30    3.369880E+01    3.369236E+01    3.369228E+01    3.367914E+01    3.366339E+01    3.364839E+01    3.363635E+01    3.362341E+01    3.361008E+01    3.364904E+01    3.368260E+01    3.370217E+01    3.371282E+01    3.371860E+01
   3.545733E+01    3.539865E+01    3.529238E+01    3.506773E+01    3.472442E+01    1.000000E+30    3.369137E+01    3.367253E+01    3.365911E+01    3.364487E+01    3.362823E+01    3.362037E+01    3.362158E+01    3.362523E+01    3.363331E+01    3.366054E+01    3.368774E+01    3.370544E+01    3.371502E+01    3.371964E+01
   3.518094E+01    3.513762E+01    3.498746E+01    3.473883E+01    3.421631E+01    3.384073E+01    3.369757E+01    3.363825E+01    3.360801E+01    3.357437E+01    3.356314E+01    3.358021E+01    3.360221E+01    3.362100E+01    3.364225E+01    3.366978E+01    3.369514E+01    3.371011E+01    3.371946E+01    3.372328E+01
   3.502190E+01    3.495828E+01    3.477911E+01    3.440069E+01    3.334194E+01    3.363413E+01    3.362757E+01    3.357480E+01    3.352063E+01    3.345401E+01    3.343797E+01    3.350326E+01    3.356849E+01    3.361013E+01    3.364459E+01    3.367587E+01    3.370117E+01    3.371761E+01    3.372603E+01    3.372896E+01
   3.491206E+01    3.483882E+01    3.468219E+01    3.439157E+01    3.389597E+01    3.372914E+01    3.361155E+01    3.351945E+01    3.342878E+01    3.331969E+01    3.322640E+01    3.337513E+01    3.350564E+01    3.358823E+01    3.364320E+01    3.368390E+01    3.370868E+01    3.372272E+01    3.373008E+01    3.373449E+01
   3.486737E+01    3.479749E+01    3.464605E+01    3.440741E+01    3.407849E+01    3.380130E+01    3.360227E+01    3.348075E+01    3.336174E+01    3.315521E+01    3.252839E+01    3.321410E+01    3.346035E+01    3.357314E+01    3.363787E+01    3.368077E+01    3.370761E+01    3.372489E+01    3.373516E+01    3.373993E+01
   3.487921E+01    3.481095E+01    3.463806E+01    3.436294E+01    3.410646E+01    3.381678E+01    3.354280E+01    3.343763E+01    3.337964E+01    3.328168E+01    3.316625E+01    3.334577E+01    3.348274E+01    3.357486E+01    3.363411E+01    3.367155E+01    3.370162E+01    3.372253E+01    3.373692E+01    3.374516E+01
   3.491011E+01    3.484844E+01    3.466978E+01    3.437163E+01    3.404921E+01    3.368839E+01    3.333924E+01    3.334873E+01    3.338278E+01    3.338757E+01    3.338379E+01    3.345357E+01    3.352275E+01    3.358983E+01    3.364012E+01    3.366501E+01    3.369568E+01    3.372046E+01    3.373688E+01    3.374929E+01
   3.493439E+01    3.486922E+01    3.469699E+01    3.442838E+01    3.404214E+01    3.354283E+01    3.274078E+01    3.324438E+01    3.340080E+01    3.345066E+01    3.348005E+01    3.352001E+01    3.355744E+01    3.360265E+01    3.363872E+01    3.366100E+01    3.369035E+01    3.371744E+01    3.373630E+01    3.374930E+01
   3.495768E+01    3.489802E+01    3.473336E+01    3.450358E+01    3.416749E+01    3.372432E+01    3.336847E+01    3.343085E+01    3.349798E+01    3.352127E+01    3.355071E+01    3.356608E+01    3.358441E+01    3.360793E+01    3.363107E+01    3.365186E+01    3.368550E+01    3.371642E+01    3.373781E+01    3.375213E+01
   3.496813E+01    3.490917E+01    3.478487E+01    3.458504E+01    3.433436E+01    3.399354E+01    3.368889E+01    3.362467E+01    3.360230E+01    3.359775E+01    3.359576E+01    3.357991E+01    3.357874E+01    3.359207E+01    3.361537E+01    3.363881E+01    3.367896E+01    3.371608E+01    3.374190E+01    3.375852E+01
   1.000000E+30    3.490200E+01    3.478149E+01    3.460266E+01    3.441000E+01    3.416031E+01    3.389168E+01    3.375347E+01    3.368382E+01    3.364445E+01    3.360174E+01    3.355160E+01    3.352025E+01    3.353610E+01    3.357572E+01    3.361599E+01    3.367099E+01    3.371189E+01    3.374308E+01    3.376524E+01
   1.000000E+30    1.000000E+30    3.476321E+01    3.457601E+01    3.439160E+01    3.420788E+01    3.400981E+01    3.384879E+01    3.373352E+01    3.365305E+01    3.357417E+01    3.347531E+01    3.337562E+01    3.344327E+01    3.351564E+01    3.359012E+01    3.365230E+01    3.370331E+01    3.374006E+01    3.377179E+01
   1.000000E+30    1.000000E+30    1.000000E+30    3.447248E+01    3.428236E+01    3.414591E+01    3.402586E+01    3.388435E+01    3.374382E+01    3.364284E+01    3.353364E+01    3.336885E+01    3.301239E+01    3.333821E+01    3.346348E+01    3.356342E+01    3.363496E+01    3.368880E+01    3.372538E+01    3.377224E+01
   1.000000E+30    1.000000E+30    1.000000E+30    1.000000E+30    3.413337E+01    3.405418E+01    3.396403E+01    3.384411E+01    3.371347E+01    3.361860E+01    3.351637E+01    3.340877E+01    3.331511E+01    3.338516E+01    3.346943E+01    3.355284E+01    3.361842E+01    3.366968E+01    3.369759E+01    1.000000E+30
   1.000000E+30    1.000000E+30    1.000000E+30    1.000000E+30    3.404807E+01    3.393167E+01    3.384829E+01    3.375552E+01    3.365552E+01    3.356930E+01    3.349265E+01    3.343115E+01    3.339192E+01    3.342277E+01    3.348332E+01    3.355186E+01    3.360686E+01    3.364678E+01    3.367799E+01    1.000000E+30
   1.000000E+30    1.000000E+30    1.000000E+30    1.000000E+30    1.000000E+30    3.374430E+01    3.370897E+01    3.364668E+01    3.358218E+01    3.350943E+01    3.345261E+01    3.341515E+01    3.339038E+01    3.340613E+01    3.344928E+01    3.351763E+01    3.357351E+01    3.361913E+01    1.000000E+30    1.000000E+30
   1.000000E+30    1.000000E+30    1.000000E+30    1.000000E+30    1.000000E+30    3.359517E+01    3.359452E+01    3.356138E+01    3.350856E+01    3.345063E+01    3.340494E+01    3.337150E+01    3.332620E+01    3.332766E+01    3.337157E+01    3.345112E+01    3.351495E+01    1.000000E+30    1.000000E+30    1.000000E+30
   1.000000E+30    1.000000E+30    1.000000E+30    1.000000E+30    1.000000E+30    3.340069E+01    3.346299E+01    3.346531E+01    3.343380E+01    3.341176E+01    3.334717E+01    3.329416E+01    3.320800E+01    3.319145E+01    3.326128E+01    3.338944E+01    1.000000E+30    1.000000E+30    1.000000E+30    1.000000E+30
