   3.588489E+01    3.586486E+01    3.582557E+01    3.576834E+01    3.569512E+01    3.560827E+01    3.551046E+01    3.540465E+01    3.529336E+01    3.517886E+01    3.506260E+01    3.494469E+01    3.482424E+01    3.470009E+01    3.457120E+01    3.443638E+01    3.444881E+01    3.445727E+01    3.446246E+01    3.446492E+01
   3.588889E+01    3.586844E+01    3.582829E+01    3.576975E+01    3.569485E+01    3.560604E+01    3.550616E+01    3.539834E+01    3.528531E+01    3.516955E+01    3.505274E+01    3.493491E+01    3.481471E+01    3.469094E+01    3.456246E+01    3.442772E+01    3.444010E+01    3.444834E+01    3.445337E+01    3.445573E+01
   3.589712E+01    3.587587E+01    3.583403E+01    3.577288E+01    3.569455E+01    3.560175E+01    3.549768E+01    3.538586E+01    3.526937E+01    3.515106E+01    3.503304E+01    3.491524E+01    3.479535E+01    3.467225E+01    3.454485E+01    3.441128E+01    3.442279E+01    3.443037E+01    3.443504E+01    3.443728E+01
   3.591015E+01    3.588778E+01    3.584352E+01    3.577844E+01    3.569470E+01    3.559558E+01    3.548489E+01    3.536687E+01    3.524529E+01    3.512311E+01    3.500324E+01    3.488517E+01    3.476538E+01    3.464331E+01    3.451783E+01    3.438700E+01    3.439647E+01    3.440298E+01    3.440729E+01    3.440949E+01
   3.592880E+01    3.590521E+01    3.585804E+01    3.578771E+01    3.569613E+01    3.558771E+01    3.546723E+01    3.534004E+01    3.521159E+01    3.508495E+01    3.496221E+01    3.484283E+01    3.472363E+01    3.460326E+01    3.448067E+01    3.435440E+01    3.436047E+01    3.436569E+01    3.436999E+01    3.437247E+01
   3.595391E+01    3.592947E+01    3.587965E+01    3.580309E+01    3.570019E+01    3.557863E+01    3.544397E+01    3.530240E+01    3.516429E+01    3.503284E+01    3.490826E+01    3.478821E+01    3.466985E+01    3.455161E+01    3.443266E+01    3.431226E+01    3.431354E+01    3.431780E+01    3.432318E+01    3.432674E+01
   3.598585E+01    3.596191E+01    3.591166E+01    3.582958E+01    3.570873E+01    3.556959E+01    3.541541E+01    3.524977E+01    3.509931E+01    3.496432E+01    3.483973E+01    3.472062E+01    3.460380E+01    3.448795E+01    3.437277E+01    3.425831E+01    3.425221E+01    3.425772E+01    3.426721E+01    3.427363E+01
   3.602350E+01    3.600295E+01    3.595879E+01    3.587972E+01    3.572160E+01    3.556314E+01    3.538673E+01    3.517141E+01    3.500867E+01    3.487585E+01    3.475581E+01    3.464011E+01    3.452553E+01    3.441189E+01    3.429987E+01    3.418885E+01    3.416820E+01    3.418289E+01    3.420359E+01    3.421618E+01
   3.606258E+01    3.604907E+01    3.602372E+01    3.599444E+01    1.000000E+30    1.000000E+30    1.000000E+30    3.503107E+01    3.487865E+01    3.476531E+01    3.465800E+01    3.454846E+01    3.443583E+01    3.432329E+01    3.421449E+01    3.409970E+01    3.403808E+01    3.409150E+01    3.413750E+01    3.416064E+01
   3.609484E+01    3.608716E+01    3.607397E+01    3.606181E+01    1.000000E+30    1.000000E+30    1.000000E+30    1.000000E+30    3.470070E+01    3.463959E+01    3.455316E+01    3.445045E+01    3.433617E+01    3.422054E+01    3.412404E+01    3.399881E+01    3.378148E+01    3.399706E+01    3.408372E+01    3.411757E+01
   3.611303E+01    3.610903E+01    3.610245E+01    3.609671E+01    1.000000E+30    1.000000E+30    1.000000E+30    1.000000E+30    3.457238E+01    3.452963E+01    3.445566E+01    3.435504E+01    3.422843E+01    3.408834E+01    3.405074E+01    3.399765E+01    3.395610E+01    3.402040E+01    3.407204E+01    3.409759E+01
   3.611242E+01    3.611024E+01    3.610675E+01    3.610382E+01    1.000000E+30    1.000000E+30    1.000000E+30    1.000000E+30    3.447576E+01    3.444144E+01    3.437605E+01    3.427697E+01    3.412483E+01    3.384302E+01    3.398141E+01    3.399737E+01    3.401207E+01    3.404520E+01    3.407555E+01    3.409233E+01
   3.609090E+01    3.608949E+01    3.608735E+01    3.608566E+01    1.000000E+30    1.000000E+30    1.000000E+30    1.000000E+30    3.440261E+01    3.437485E+01    3.432138E+01    3.424304E+01    3.414016E+01    3.402689E+01    3.402271E+01    3.401514E+01    3.403789E+01    3.406160E+01    3.408168E+01    3.409296E+01
   3.604792E+01    3.604684E+01    3.604527E+01    3.604408E+01    1.000000E+30    1.000000E+30    1.000000E+30    1.000000E+30    3.434634E+01    3.432431E+01    3.428251E+01    3.422419E+01    3.415501E+01    3.408895E+01    3.405548E+01    3.402999E+01    3.405122E+01    3.407050E+01    3.408564E+01    3.409397E+01
   3.598355E+01    3.598255E+01    3.598114E+01    3.598011E+01    1.000000E+30    1.000000E+30    1.000000E+30    1.000000E+30    3.430106E+01    3.428354E+01    3.425076E+01    3.420639E+01    3.415570E+01    3.410664E+01    3.406838E+01    3.403500E+01    3.405501E+01    3.407237E+01    3.408541E+01    3.409241E+01
   3.589793E+01    3.589681E+01    3.589526E+01    3.589413E+01    1.000000E+30    1.000000E+30    1.000000E+30    1.000000E+30    3.426200E+01    3.424762E+01    3.422084E+01    3.418476E+01    3.414344E+01    3.410194E+01    3.406443E+01    3.402950E+01    3.404994E+01    3.406738E+01    3.408016E+01    3.408691E+01
   3.579117E+01    3.578965E+01    3.578756E+01    3.578603E+01    1.000000E+30    1.000000E+30    1.000000E+30    1.000000E+30    3.422572E+01    3.421316E+01    3.418962E+01    3.415753E+01    3.412017E+01    3.408165E+01    3.404591E+01    3.401378E+01    3.403635E+01    3.405575E+01    3.406983E+01    3.407718E+01
   3.566355E+01    3.566113E+01    3.565768E+01    3.565516E+01    1.000000E+30    1.000000E+30    1.000000E+30    1.000000E+30    3.419009E+01    3.417831E+01    3.415586E+01    3.412445E+01    3.408673E+01    3.404697E+01    3.401179E+01    3.398718E+01    3.401448E+01    3.403813E+01    3.405508E+01    3.406383E+01
   3.551559E+01    3.551127E+01    3.550490E+01    3.550011E+01    1.000000E+30    1.000000E+30    1.000000E+30    1.000000E+30    3.415399E+01    3.414238E+01    3.411964E+01    3.408638E+01    3.404387E+01    3.399605E+01    3.395514E+01    3.394732E+01    3.398486E+01    3.401607E+01    3.403750E+01    3.404827E+01
   3.534873E+01    3.534057E+01    3.532801E+01    3.531795E+01    1.000000E+30    1.000000E+30    1.000000E+30    1.000000E+30    3.411682E+01    3.410549E+01    3.408225E+01    3.404608E+01    3.399480E+01    3.392652E+01    3.385355E+01    3.389093E+01    3.395018E+01    3.399273E+01    3.401960E+01    3.403257E+01
   3.516641E+01    3.515100E+01    3.512561E+01    3.510276E+01    1.000000E+30    1.000000E+30    1.000000E+30    1.000000E+30    3.407782E+01    3.406797E+01    3.404582E+01    3.400921E+01    3.395112E+01    3.384974E+01    3.362906E+01    3.382611E+01    3.392082E+01    3.397396E+01    3.400462E+01    3.401894E+01
   3.497559E+01    3.494766E+01    3.489692E+01    3.484084E+01    1.000000E+30    1.000000E+30    3.401150E+01    3.401890E+01    3.403478E+01    3.402968E+01    3.401149E+01    3.398193E+01    3.393874E+01    3.387894E+01    3.381407E+01    3.385863E+01    3.392143E+01    3.396651E+01    3.399498E+01    3.400873E+01
   3.478786E+01    3.474271E+01    3.464942E+01    3.449751E+01    3.424247E+01    1.000000E+30    3.398651E+01    3.399360E+01    3.399763E+01    3.399069E+01    3.397574E+01    3.395602E+01    3.393076E+01    3.390083E+01    3.387656E+01    3.388333E+01    3.392809E+01    3.396441E+01    3.398905E+01    3.400136E+01
   3.462048E+01    3.456149E+01    3.443635E+01    3.423257E+01    3.396385E+01    3.390079E+01    3.393638E+01    3.395428E+01    3.395583E+01    3.394540E+01    3.393146E+01    3.392297E+01    3.391489E+01    3.390470E+01    3.389567E+01    3.389315E+01    3.393145E+01    3.396271E+01    3.398437E+01    3.399537E+01
   3.448735E+01    3.442222E+01    3.427792E+01    3.400815E+01    3.345412E+01    3.378077E+01    3.388409E+01    3.391345E+01    3.390981E+01    3.388882E+01    3.386777E+01    3.387614E+01    3.388836E+01    3.389497E+01    3.389594E+01    3.389284E+01    3.393010E+01    3.395929E+01    3.397931E+01    3.398946E+01
   3.439505E+01    3.433826E+01    3.422163E+01    3.404348E+01    3.383637E+01    3.385994E+01    3.388513E+01    3.388725E+01    3.386463E+01    3.381739E+01    3.376005E+01    3.381153E+01    3.385432E+01    3.387831E+01    3.388792E+01    3.388690E+01    3.392503E+01    3.395376E+01    3.397308E+01    3.398280E+01
   3.433567E+01    3.429071E+01    3.420364E+01    3.408497E+01    3.396660E+01    3.391632E+01    3.388954E+01    3.386754E+01    3.382792E+01    3.374120E+01    3.352694E+01    3.374092E+01    3.382568E+01    3.386332E+01    3.387815E+01    3.387858E+01    3.391762E+01    3.394637E+01    3.396546E+01    3.397500E+01
   3.429799E+01    3.426228E+01    3.419457E+01    3.410389E+01    3.400767E+01    3.392902E+01    3.386980E+01    3.384745E+01    3.382296E+01    3.377928E+01    3.372624E+01    3.378282E+01    3.383035E+01    3.385836E+01    3.387043E+01    3.386969E+01    3.390874E+01    3.393745E+01    3.395644E+01    3.396592E+01
   3.427337E+01    3.424349E+01    3.418640E+01    3.410677E+01    3.401043E+01    3.390226E+01    3.379400E+01    3.381164E+01    3.382159E+01    3.381283E+01    3.380146E+01    3.381920E+01    3.384108E+01    3.385665E+01    3.386321E+01    3.386007E+01    3.389853E+01    3.392708E+01    3.394606E+01    3.395555E+01
   3.425672E+01    3.423027E+01    3.417950E+01    3.410556E+01    3.400491E+01    3.385645E+01    3.357426E+01    3.376629E+01    3.382260E+01    3.383398E+01    3.383318E+01    3.383760E+01    3.384501E+01    3.385142E+01    3.385353E+01    3.384867E+01    3.388664E+01    3.391521E+01    3.393436E+01    3.394397E+01
   3.424532E+01    3.422050E+01    3.417533E+01    3.411113E+01    3.402777E+01    3.392515E+01    3.381830E+01    3.383685E+01    3.385175E+01    3.385227E+01    3.384566E+01    3.383972E+01    3.383724E+01    3.383826E+01    3.383878E+01    3.383441E+01    3.387270E+01    3.390180E+01    3.392145E+01    3.393137E+01
   3.423819E+01    3.421094E+01    3.417055E+01    3.411681E+01    3.405156E+01    3.398016E+01    3.391734E+01    3.389365E+01    3.387961E+01    3.386336E+01    3.384412E+01    3.382567E+01    3.381371E+01    3.381364E+01    3.381710E+01    3.381660E+01    3.385656E+01    3.388698E+01    3.390758E+01    3.391808E+01
   1.000000E+30    3.419506E+01    3.416025E+01    3.411587E+01    3.406405E+01    3.400979E+01    3.396083E+01    3.392525E+01    3.389521E+01    3.386402E+01    3.382923E+01    3.379312E+01    3.376655E+01    3.377379E+01    3.378769E+01    3.379546E+01    3.383867E+01    3.387114E+01    3.389317E+01    3.390472E+01
   1.000000E+30    1.000000E+30    3.414141E+01    3.410501E+01    3.406239E+01    3.401827E+01    3.397579E+01    3.393694E+01    3.389852E+01    3.385575E+01    3.380396E+01    3.373991E+01    3.367423E+01    3.371578E+01    3.375283E+01    3.377296E+01    3.382028E+01    3.385491E+01    3.387863E+01    3.389236E+01
   1.000000E+30    1.000000E+30    1.000000E+30    3.408374E+01    3.404631E+01    3.400998E+01    3.397271E+01    3.393459E+01    3.389342E+01    3.384478E+01    3.378021E+01    3.367769E+01    3.346264E+01    3.365072E+01    3.372338E+01    3.375387E+01    3.380343E+01    3.383878E+01    3.386345E+01    3.388318E+01
   1.000000E+30    1.000000E+30    1.000000E+30    1.000000E+30    3.401397E+01    3.398805E+01    3.395652E+01    3.392200E+01    3.388346E+01    3.383860E+01    3.378413E+01    3.371733E+01    3.364906E+01    3.368874E+01    3.372453E+01    3.374400E+01    3.378961E+01    3.382250E+01    3.384251E+01    1.000000E+30
   1.000000E+30    1.000000E+30    1.000000E+30    1.000000E+30    3.399295E+01    3.395761E+01    3.392980E+01    3.390053E+01    3.386774E+01    3.383072E+01    3.378970E+01    3.374770E+01    3.371588E+01    3.371909E+01    3.373043E+01    3.373709E+01    3.377726E+01    3.380817E+01    3.383078E+01    1.000000E+30
   1.000000E+30    1.000000E+30    1.000000E+30    1.000000E+30    1.000000E+30    3.390579E+01    3.389116E+01    3.386982E+01    3.384410E+01    3.381527E+01    3.378509E+01    3.375686E+01    3.373642E+01    3.372987E+01    3.372943E+01    3.372754E+01    3.376277E+01    3.379111E+01    1.000000E+30    1.000000E+30
   1.000000E+30    1.000000E+30    1.000000E+30    1.000000E+30    1.000000E+30    3.385492E+01    3.384585E+01    3.383056E+01    3.381113E+01    3.378927E+01    3.376699E+01    3.374679E+01    3.373155E+01    3.372290E+01    3.371802E+01    3.371259E+01    3.374361E+01    1.000000E+30    1.000000E+30    1.000000E+30
   1.000000E+30    1.000000E+30    1.000000E+30    1.000000E+30    1.000000E+30    3.379925E+01    3.379310E+01    3.378204E+01    3.376757E+01    3.375133E+01    3.373488E+01    3.371994E+01    3.370805E+01    3.370000E+01    3.369488E+01    3.369145E+01    1.000000E+30    1.000000E+30    1.000000E+30    1.000000E+30
