   3.585001E+01    3.582890E+01    3.578750E+01    3.572723E+01    3.565023E+01    3.555908E+01    3.545668E+01    3.534626E+01    3.523060E+01    3.511228E+01    3.499300E+01    3.487319E+01    3.475227E+01    3.462956E+01    3.450453E+01    3.437671E+01    3.437717E+01    3.437700E+01    3.437663E+01    3.437635E+01
   3.585464E+01    3.583308E+01    3.579075E+01    3.572908E+01    3.565028E+01    3.555704E+01    3.545246E+01    3.533992E+01    3.522246E+01    3.510283E+01    3.498300E+01    3.486327E+01    3.474262E+01    3.462028E+01    3.449567E+01    3.436795E+01    3.436839E+01    3.436802E+01    3.436748E+01    3.436713E+01
   3.586417E+01    3.584173E+01    3.579758E+01    3.573310E+01    3.565063E+01    3.555313E+01    3.544410E+01    3.532737E+01    3.520629E+01    3.508403E+01    3.496297E+01    3.484329E+01    3.472297E+01    3.460134E+01    3.447784E+01    3.435133E+01    3.435093E+01    3.434992E+01    3.434906E+01    3.434861E+01
   3.587926E+01    3.585560E+01    3.580881E+01    3.574007E+01    3.565177E+01    3.554752E+01    3.543147E+01    3.530821E+01    3.518183E+01    3.505557E+01    3.493263E+01    3.481272E+01    3.469255E+01    3.457201E+01    3.445049E+01    3.432677E+01    3.432441E+01    3.432238E+01    3.432121E+01    3.432074E+01
   3.590085E+01    3.587584E+01    3.582585E+01    3.575139E+01    3.565460E+01    3.554038E+01    3.541396E+01    3.528108E+01    3.514754E+01    3.501667E+01    3.489083E+01    3.476965E+01    3.465018E+01    3.453144E+01    3.441291E+01    3.429378E+01    3.428817E+01    3.428497E+01    3.428382E+01    3.428365E+01
   3.592997E+01    3.590398E+01    3.585103E+01    3.576968E+01    3.566053E+01    3.553219E+01    3.539075E+01    3.524281E+01    3.509925E+01    3.496348E+01    3.483584E+01    3.471410E+01    3.459562E+01    3.447917E+01    3.436439E+01    3.425117E+01    3.424098E+01    3.423693E+01    3.423693E+01    3.423787E+01
   3.596718E+01    3.594164E+01    3.588803E+01    3.580040E+01    3.567141E+01    3.552405E+01    3.536199E+01    3.518898E+01    3.503271E+01    3.489343E+01    3.476596E+01    3.464538E+01    3.452865E+01    3.441480E+01    3.430394E+01    3.419673E+01    3.417936E+01    3.417669E+01    3.418088E+01    3.418471E+01
   3.601149E+01    3.598950E+01    3.594222E+01    3.585731E+01    3.568671E+01    3.551830E+01    3.533283E+01    3.510829E+01    3.493962E+01    3.480287E+01    3.468037E+01    3.456357E+01    3.444939E+01    3.433798E+01    3.423046E+01    3.412677E+01    3.409502E+01    3.410168E+01    3.411719E+01    3.412722E+01
   3.605853E+01    3.604406E+01    3.601690E+01    3.598552E+01    1.000000E+30    1.000000E+30    1.000000E+30    3.496284E+01    3.480588E+01    3.468970E+01    3.458067E+01    3.447054E+01    3.435868E+01    3.424864E+01    3.414452E+01    3.403714E+01    3.396451E+01    3.401010E+01    3.405104E+01    3.407169E+01
   3.609967E+01    3.609142E+01    3.607729E+01    3.606433E+01    1.000000E+30    1.000000E+30    1.000000E+30    1.000000E+30    3.462335E+01    3.456122E+01    3.447401E+01    3.437128E+01    3.425812E+01    3.414522E+01    3.405359E+01    3.393585E+01    3.370726E+01    3.391550E+01    3.399727E+01    3.402868E+01
   3.612725E+01    3.612299E+01    3.611600E+01    3.610989E+01    1.000000E+30    1.000000E+30    1.000000E+30    1.000000E+30    3.449239E+01    3.444931E+01    3.437516E+01    3.427494E+01    3.414972E+01    3.401248E+01    3.397999E+01    3.393457E+01    3.388232E+01    3.393903E+01    3.398575E+01    3.400888E+01
   3.613621E+01    3.613395E+01    3.613031E+01    3.612720E+01    1.000000E+30    1.000000E+30    1.000000E+30    1.000000E+30    3.439450E+01    3.436014E+01    3.429490E+01    3.419648E+01    3.404582E+01    3.376662E+01    3.391056E+01    3.393431E+01    3.393854E+01    3.396411E+01    3.398954E+01    3.400390E+01
   3.612425E+01    3.612284E+01    3.612065E+01    3.611889E+01    1.000000E+30    1.000000E+30    1.000000E+30    1.000000E+30    3.432121E+01    3.429353E+01    3.424037E+01    3.416283E+01    3.406158E+01    3.395129E+01    3.395224E+01    3.395230E+01    3.396470E+01    3.398089E+01    3.399606E+01    3.400492E+01
   3.609070E+01    3.608963E+01    3.608805E+01    3.608684E+01    1.000000E+30    1.000000E+30    1.000000E+30    1.000000E+30    3.426583E+01    3.424390E+01    3.420244E+01    3.414492E+01    3.407736E+01    3.401424E+01    3.398565E+01    3.396754E+01    3.397848E+01    3.399026E+01    3.400050E+01    3.400643E+01
   3.603559E+01    3.603460E+01    3.603320E+01    3.603216E+01    1.000000E+30    1.000000E+30    1.000000E+30    1.000000E+30    3.422244E+01    3.420497E+01    3.417242E+01    3.412872E+01    3.407947E+01    3.403314E+01    3.399946E+01    3.397314E+01    3.398288E+01    3.399275E+01    3.400087E+01    3.400546E+01
   3.595901E+01    3.595790E+01    3.595636E+01    3.595522E+01    1.000000E+30    1.000000E+30    1.000000E+30    1.000000E+30    3.418631E+01    3.417185E+01    3.414507E+01    3.410936E+01    3.406915E+01    3.403002E+01    3.399670E+01    3.396844E+01    3.397858E+01    3.398849E+01    3.399634E+01    3.400067E+01
   3.586098E+01    3.585947E+01    3.585736E+01    3.585583E+01    1.000000E+30    1.000000E+30    1.000000E+30    1.000000E+30    3.415409E+01    3.414123E+01    3.411732E+01    3.408513E+01    3.404839E+01    3.401173E+01    3.397967E+01    3.395368E+01    3.396590E+01    3.397772E+01    3.398685E+01    3.399176E+01
   3.574160E+01    3.573917E+01    3.573570E+01    3.573316E+01    1.000000E+30    1.000000E+30    1.000000E+30    1.000000E+30    3.412380E+01    3.411138E+01    3.408798E+01    3.405582E+01    3.401801E+01    3.397943E+01    3.394728E+01    3.392820E+01    3.394506E+01    3.396107E+01    3.397303E+01    3.397931E+01
   3.560115E+01    3.559679E+01    3.559035E+01    3.558550E+01    1.000000E+30    1.000000E+30    1.000000E+30    1.000000E+30    3.409457E+01    3.408175E+01    3.405719E+01    3.402223E+01    3.397873E+01    3.393122E+01    3.389256E+01    3.388956E+01    3.391654E+01    3.394005E+01    3.395643E+01    3.396471E+01
   3.544071E+01    3.543245E+01    3.541973E+01    3.540952E+01    1.000000E+30    1.000000E+30    1.000000E+30    1.000000E+30    3.406625E+01    3.405260E+01    3.402620E+01    3.398703E+01    3.393362E+01    3.386463E+01    3.379297E+01    3.383443E+01    3.388301E+01    3.391776E+01    3.393953E+01    3.394998E+01
   3.526332E+01    3.524768E+01    3.522188E+01    3.519863E+01    1.000000E+30    1.000000E+30    1.000000E+30    1.000000E+30    3.403889E+01    3.402437E+01    3.399694E+01    3.395566E+01    3.389408E+01    3.379085E+01    3.357028E+01    3.377088E+01    3.385478E+01    3.390003E+01    3.392552E+01    3.393729E+01
   3.507546E+01    3.504706E+01    3.499539E+01    3.493818E+01    1.000000E+30    1.000000E+30    3.401576E+01    3.401361E+01    3.401228E+01    3.399641E+01    3.396993E+01    3.393381E+01    3.388577E+01    3.382309E+01    3.375770E+01    3.380472E+01    3.385650E+01    3.389355E+01    3.391677E+01    3.392793E+01
   3.488841E+01    3.484238E+01    3.474713E+01    3.459176E+01    3.433114E+01    1.000000E+30    3.399849E+01    3.399494E+01    3.398478E+01    3.396550E+01    3.394041E+01    3.391263E+01    3.388134E+01    3.384762E+01    3.382209E+01    3.383055E+01    3.386411E+01    3.389228E+01    3.391159E+01    3.392129E+01
   3.471921E+01    3.465892E+01    3.453075E+01    3.432116E+01    3.404137E+01    3.395519E+01    3.396445E+01    3.396434E+01    3.395011E+01    3.392609E+01    3.390080E+01    3.388319E+01    3.386822E+01    3.385352E+01    3.384262E+01    3.384122E+01    3.386820E+01    3.389122E+01    3.390750E+01    3.391586E+01
   3.458183E+01    3.451507E+01    3.436714E+01    3.409090E+01    3.352639E+01    3.383419E+01    3.391700E+01    3.392812E+01    3.390818E+01    3.387302E+01    3.383999E+01    3.383864E+01    3.384343E+01    3.384509E+01    3.384380E+01    3.384145E+01    3.386731E+01    3.388822E+01    3.390283E+01    3.391032E+01
   3.448298E+01    3.442434E+01    3.430366E+01    3.411863E+01    3.390091E+01    3.390934E+01    3.391736E+01    3.390245E+01    3.386400E+01    3.380270E+01    3.373327E+01    3.377489E+01    3.381009E+01    3.382895E+01    3.383614E+01    3.383570E+01    3.386243E+01    3.388286E+01    3.389677E+01    3.390383E+01
   3.441525E+01    3.436823E+01    3.427685E+01    3.415123E+01    3.402285E+01    3.395946E+01    3.391768E+01    3.388018E+01    3.382568E+01    3.372546E+01    3.349931E+01    3.370379E+01    3.378113E+01    3.381374E+01    3.382620E+01    3.382724E+01    3.385492E+01    3.387542E+01    3.388912E+01    3.389600E+01
   3.436803E+01    3.433010E+01    3.425788E+01    3.416030E+01    3.405465E+01    3.396424E+01    3.389164E+01    3.385524E+01    3.381703E+01    3.376079E+01    3.369667E+01    3.374414E+01    3.378462E+01    3.380790E+01    3.381784E+01    3.381791E+01    3.384570E+01    3.386622E+01    3.387988E+01    3.388672E+01
   3.433347E+01    3.430114E+01    3.423931E+01    3.415276E+01    3.404741E+01    3.392844E+01    3.380807E+01    3.381300E+01    3.381056E+01    3.379029E+01    3.376877E+01    3.377808E+01    3.379347E+01    3.380477E+01    3.380960E+01    3.380759E+01    3.383494E+01    3.385542E+01    3.386913E+01    3.387602E+01
   3.430727E+01    3.427797E+01    3.422204E+01    3.414100E+01    3.403160E+01    3.387306E+01    3.357983E+01    3.376038E+01    3.380554E+01    3.380658E+01    3.379661E+01    3.379340E+01    3.379501E+01    3.379775E+01    3.379861E+01    3.379532E+01    3.382238E+01    3.384302E+01    3.385697E+01    3.386402E+01
   3.428767E+01    3.425904E+01    3.420794E+01    3.413629E+01    3.404428E+01    3.393209E+01    3.381507E+01    3.382333E+01    3.382827E+01    3.381954E+01    3.380478E+01    3.379208E+01    3.378456E+01    3.378257E+01    3.378242E+01    3.378010E+01    3.380770E+01    3.382903E+01    3.384358E+01    3.385098E+01
   3.427503E+01    3.424139E+01    3.419379E+01    3.413204E+01    3.405813E+01    3.397762E+01    3.390547E+01    3.387252E+01    3.384961E+01    3.382519E+01    3.379879E+01    3.377448E+01    3.375827E+01    3.375587E+01    3.375927E+01    3.376135E+01    3.379088E+01    3.381369E+01    3.382930E+01    3.383732E+01
   1.000000E+30    3.421757E+01    3.417440E+01    3.412144E+01    3.406095E+01    3.399806E+01    3.394060E+01    3.389677E+01    3.385892E+01    3.382059E+01    3.377961E+01    3.373851E+01    3.370845E+01    3.371407E+01    3.372852E+01    3.373939E+01    3.377244E+01    3.379750E+01    3.381465E+01    3.382374E+01
   1.000000E+30    1.000000E+30    3.414648E+01    3.410106E+01    3.404974E+01    3.399768E+01    3.394765E+01    3.390161E+01    3.385643E+01    3.380752E+01    3.375047E+01    3.368226E+01    3.361377E+01    3.365439E+01    3.369259E+01    3.371632E+01    3.375379E+01    3.378123E+01    3.380018E+01    3.381138E+01
   1.000000E+30    1.000000E+30    1.000000E+30    3.407029E+01    3.402399E+01    3.398085E+01    3.393728E+01    3.389314E+01    3.384630E+01    3.379253E+01    3.372359E+01    3.361762E+01    3.340017E+01    3.358819E+01    3.366254E+01    3.369705E+01    3.373711E+01    3.376556E+01    3.378563E+01    3.380240E+01
   1.000000E+30    1.000000E+30    1.000000E+30    1.000000E+30    3.398084E+01    3.395103E+01    3.391485E+01    3.387557E+01    3.383246E+01    3.378344E+01    3.372546E+01    3.365599E+01    3.358619E+01    3.362602E+01    3.366381E+01    3.368757E+01    3.372405E+01    3.375043E+01    3.376663E+01    1.000000E+30
   1.000000E+30    1.000000E+30    1.000000E+30    1.000000E+30    3.395428E+01    3.391499E+01    3.388365E+01    3.385078E+01    3.381444E+01    3.377414E+01    3.373037E+01    3.368636E+01    3.365357E+01    3.365722E+01    3.367074E+01    3.368176E+01    3.371315E+01    3.373769E+01    3.375604E+01    1.000000E+30
   1.000000E+30    1.000000E+30    1.000000E+30    1.000000E+30    1.000000E+30    3.385910E+01    3.384269E+01    3.381891E+01    3.379054E+01    3.375919E+01    3.372689E+01    3.369716E+01    3.367612E+01    3.367021E+01    3.367197E+01    3.367430E+01    3.370118E+01    3.372337E+01    1.000000E+30    1.000000E+30
   1.000000E+30    1.000000E+30    1.000000E+30    1.000000E+30    1.000000E+30    3.380846E+01    3.379832E+01    3.378132E+01    3.375991E+01    3.373611E+01    3.371219E+01    3.369085E+01    3.367524E+01    3.366728E+01    3.366444E+01    3.366274E+01    3.368598E+01    1.000000E+30    1.000000E+30    1.000000E+30
   1.000000E+30    1.000000E+30    1.000000E+30    1.000000E+30    1.000000E+30    3.375718E+01    3.375028E+01    3.373793E+01    3.372190E+01    3.370406E+01    3.368623E+01    3.367037E+01    3.365822E+01    3.365079E+01    3.364735E+01    3.364677E+01    1.000000E+30    1.000000E+30    1.000000E+30    1.000000E+30
