   3.621852E+01    3.619754E+01    3.615622E+01    3.609562E+01    3.601740E+01    3.592355E+01    3.581640E+01    3.569865E+01    3.557265E+01    3.544063E+01    3.530403E+01    3.516300E+01    3.501660E+01    3.486392E+01    3.470444E+01    3.453799E+01    3.455818E+01    3.457391E+01    3.458462E+01    3.459002E+01
   3.622040E+01    3.619908E+01    3.615705E+01    3.609536E+01    3.601568E+01    3.592008E+01    3.581103E+01    3.569139E+01    3.556373E+01    3.543051E+01    3.529349E+01    3.515268E+01    3.500670E+01    3.485452E+01    3.469558E+01    3.452930E+01    3.454942E+01    3.456491E+01    3.457543E+01    3.458074E+01
   3.622426E+01    3.620231E+01    3.615892E+01    3.609506E+01    3.601243E+01    3.591329E+01    3.580041E+01    3.567703E+01    3.554607E+01    3.541043E+01    3.527239E+01    3.513191E+01    3.498649E+01    3.483524E+01    3.467762E+01    3.451271E+01    3.453194E+01    3.454676E+01    3.455690E+01    3.456206E+01
   3.623049E+01    3.620769E+01    3.616241E+01    3.609534E+01    3.600813E+01    3.590341E+01    3.578449E+01    3.565531E+01    3.551954E+01    3.538019E+01    3.524055E+01    3.510015E+01    3.495512E+01    3.480525E+01    3.464993E+01    3.448813E+01    3.450533E+01    3.451906E+01    3.452881E+01    3.453391E+01
   3.623966E+01    3.621601E+01    3.616858E+01    3.609738E+01    3.600365E+01    3.589075E+01    3.576282E+01    3.562495E+01    3.548266E+01    3.533913E+01    3.519682E+01    3.505534E+01    3.491133E+01    3.476363E+01    3.461175E+01    3.445514E+01    3.446889E+01    3.448129E+01    3.449099E+01    3.449635E+01
   3.625229E+01    3.622826E+01    3.617919E+01    3.610340E+01    3.600049E+01    3.587611E+01    3.573488E+01    3.558292E+01    3.543119E+01    3.528322E+01    3.513946E+01    3.499766E+01    3.485495E+01    3.470997E+01    3.456242E+01    3.441247E+01    3.442139E+01    3.443275E+01    3.444349E+01    3.444993E+01
   3.626841E+01    3.624535E+01    3.619694E+01    3.611788E+01    3.600103E+01    3.586143E+01    3.570148E+01    3.552506E+01    3.536090E+01    3.520979E+01    3.506661E+01    3.492635E+01    3.478580E+01    3.464392E+01    3.450093E+01    3.435782E+01    3.435934E+01    3.437189E+01    3.438669E+01    3.439595E+01
   3.628662E+01    3.626719E+01    3.622555E+01    3.615171E+01    3.600678E+01    3.585083E+01    3.566894E+01    3.544024E+01    3.526325E+01    3.511497E+01    3.497730E+01    3.484137E+01    3.470394E+01    3.456512E+01    3.442620E+01    3.428749E+01    3.427448E+01    3.429614E+01    3.432207E+01    3.433746E+01
   3.630273E+01    3.629011E+01    3.626638E+01    3.623893E+01    1.000000E+30    1.000000E+30    1.000000E+30    3.529004E+01    3.512321E+01    3.499622E+01    3.487294E+01    3.474452E+01    3.461019E+01    3.447351E+01    3.433877E+01    3.419730E+01    3.414346E+01    3.420368E+01    3.425479E+01    3.428068E+01
   3.630920E+01    3.630209E+01    3.628984E+01    3.627834E+01    1.000000E+30    1.000000E+30    1.000000E+30    1.000000E+30    3.493012E+01    3.486049E+01    3.476064E+01    3.464074E+01    3.450611E+01    3.436751E+01    3.424607E+01    3.409514E+01    3.388616E+01    3.410798E+01    3.419957E+01    3.423610E+01
   3.629986E+01    3.629609E+01    3.628988E+01    3.628445E+01    1.000000E+30    1.000000E+30    1.000000E+30    1.000000E+30    3.479042E+01    3.474112E+01    3.465554E+01    3.453928E+01    3.439372E+01    3.423196E+01    3.417020E+01    3.409215E+01    3.405837E+01    3.412940E+01    3.418607E+01    3.421433E+01
   3.627124E+01    3.626904E+01    3.626557E+01    3.626288E+01    1.000000E+30    1.000000E+30    1.000000E+30    1.000000E+30    3.468416E+01    3.464422E+01    3.456844E+01    3.445499E+01    3.428524E+01    3.398350E+01    3.409807E+01    3.408985E+01    3.411211E+01    3.415206E+01    3.418749E+01    3.420701E+01
   3.622234E+01    3.622086E+01    3.621871E+01    3.621714E+01    1.000000E+30    1.000000E+30    1.000000E+30    1.000000E+30    3.460219E+01    3.456935E+01    3.450632E+01    3.441455E+01    3.429493E+01    3.416214E+01    3.413589E+01    3.410532E+01    3.413560E+01    3.416614E+01    3.419132E+01    3.420535E+01
   3.615345E+01    3.615231E+01    3.615075E+01    3.614964E+01    1.000000E+30    1.000000E+30    1.000000E+30    1.000000E+30    3.453742E+01    3.451069E+01    3.445998E+01    3.438905E+01    3.430403E+01    3.421932E+01    3.416503E+01    3.411769E+01    3.414643E+01    3.417254E+01    3.419279E+01    3.420388E+01
   3.606509E+01    3.606408E+01    3.606272E+01    3.606176E+01    1.000000E+30    1.000000E+30    1.000000E+30    1.000000E+30    3.448368E+01    3.446179E+01    3.442069E+01    3.436451E+01    3.429887E+01    3.423212E+01    3.417415E+01    3.412006E+01    3.414756E+01    3.417175E+01    3.418990E+01    3.419965E+01
   3.595781E+01    3.595673E+01    3.595527E+01    3.595423E+01    1.000000E+30    1.000000E+30    1.000000E+30    1.000000E+30    3.443597E+01    3.441757E+01    3.438309E+01    3.433596E+01    3.428054E+01    3.422235E+01    3.416625E+01    3.411174E+01    3.413968E+01    3.416395E+01    3.418184E+01    3.419133E+01
   3.583203E+01    3.583060E+01    3.582865E+01    3.582725E+01    1.000000E+30    1.000000E+30    1.000000E+30    1.000000E+30    3.439067E+01    3.437446E+01    3.434384E+01    3.430149E+01    3.425096E+01    3.419681E+01    3.414361E+01    3.409307E+01    3.412314E+01    3.414936E+01    3.416855E+01    3.417863E+01
   3.568836E+01    3.568609E+01    3.568285E+01    3.568051E+01    1.000000E+30    1.000000E+30    1.000000E+30    1.000000E+30    3.434547E+01    3.433045E+01    3.430163E+01    3.426086E+01    3.421098E+01    3.415671E+01    3.410525E+01    3.406345E+01    3.409824E+01    3.412869E+01    3.415072E+01    3.416220E+01
   3.552758E+01    3.552350E+01    3.551748E+01    3.551295E+01    1.000000E+30    1.000000E+30    1.000000E+30    1.000000E+30    3.429908E+01    3.428478E+01    3.425653E+01    3.421494E+01    3.416141E+01    3.410028E+01    3.404434E+01    3.402054E+01    3.406555E+01    3.410353E+01    3.413001E+01    3.414350E+01
   3.535138E+01    3.534361E+01    3.533165E+01    3.532206E+01    1.000000E+30    1.000000E+30    1.000000E+30    1.000000E+30    3.425072E+01    3.423751E+01    3.420988E+01    3.416658E+01    3.410554E+01    3.402526E+01    3.393857E+01    3.396114E+01    3.402782E+01    3.407708E+01    3.410896E+01    3.412464E+01
   3.516330E+01    3.514857E+01    3.512426E+01    3.510237E+01    1.000000E+30    1.000000E+30    1.000000E+30    1.000000E+30    3.419920E+01    3.418902E+01    3.416400E+01    3.412165E+01    3.405511E+01    3.394308E+01    3.371028E+01    3.389336E+01    3.399541E+01    3.405522E+01    3.409087E+01    3.410787E+01
   3.497025E+01    3.494346E+01    3.489476E+01    3.484084E+01    1.000000E+30    1.000000E+30    3.410132E+01    3.411464E+01    3.414130E+01    3.413960E+01    3.412048E+01    3.408659E+01    3.403618E+01    3.396680E+01    3.389061E+01    3.392279E+01    3.399300E+01    3.404474E+01    3.407817E+01    3.409459E+01
   3.478347E+01    3.474013E+01    3.465046E+01    3.450413E+01    3.425747E+01    1.000000E+30    3.406937E+01    3.408292E+01    3.409440E+01    3.409141E+01    3.407661E+01    3.405365E+01    3.402218E+01    3.398364E+01    3.394902E+01    3.394458E+01    3.399675E+01    3.403971E+01    3.406928E+01    3.408424E+01
   3.461955E+01    3.456293E+01    3.444269E+01    3.424690E+01    3.399075E+01    3.394855E+01    3.400515E+01    3.403496E+01    3.404460E+01    3.403862E+01    3.402553E+01    3.401454E+01    3.400102E+01    3.398303E+01    3.396452E+01    3.395174E+01    3.399739E+01    3.403523E+01    3.406177E+01    3.407540E+01
   3.449170E+01    3.442922E+01    3.429036E+01    3.402918E+01    3.348763E+01    3.382913E+01    3.394753E+01    3.398834E+01    3.399274E+01    3.397633E+01    3.395646E+01    3.396273E+01    3.397001E+01    3.396944E+01    3.396163E+01    3.394904E+01    3.399353E+01    3.402920E+01    3.405402E+01    3.406676E+01
   3.440589E+01    3.435178E+01    3.424051E+01    3.407043E+01    3.387397E+01    3.390966E+01    3.394687E+01    3.395904E+01    3.394381E+01    3.390090E+01    3.384480E+01    3.389420E+01    3.393229E+01    3.394949E+01    3.395086E+01    3.394097E+01    3.398615E+01    3.402122E+01    3.404525E+01    3.405750E+01
   3.435375E+01    3.431133E+01    3.422926E+01    3.411785E+01    3.400859E+01    3.396844E+01    3.395163E+01    3.393823E+01    3.390503E+01    3.382214E+01    3.360921E+01    3.382059E+01    3.390063E+01    3.393172E+01    3.393869E+01    3.393073E+01    3.397659E+01    3.401151E+01    3.403518E+01    3.404720E+01
   3.432359E+01    3.429026E+01    3.422711E+01    3.414288E+01    3.405453E+01    3.398443E+01    3.393356E+01    3.391838E+01    3.389915E+01    3.385838E+01    3.380571E+01    3.385986E+01    3.390274E+01    3.392435E+01    3.392883E+01    3.392008E+01    3.396569E+01    3.400035E+01    3.402379E+01    3.403568E+01
   3.430636E+01    3.427870E+01    3.422580E+01    3.415190E+01    3.406238E+01    3.396152E+01    3.386031E+01    3.388362E+01    3.389757E+01    3.389074E+01    3.387902E+01    3.389407E+01    3.391122E+01    3.392045E+01    3.391963E+01    3.390878E+01    3.395349E+01    3.398776E+01    3.401104E+01    3.402287E+01
   3.429646E+01    3.427221E+01    3.422536E+01    3.415657E+01    3.406185E+01    3.391962E+01    3.364361E+01    3.383960E+01    3.389864E+01    3.391100E+01    3.390916E+01    3.391051E+01    3.391303E+01    3.391312E+01    3.390798E+01    3.389569E+01    3.393958E+01    3.397363E+01    3.399692E+01    3.400880E+01
   3.429060E+01    3.426829E+01    3.422697E+01    3.416742E+01    3.408910E+01    3.399151E+01    3.388918E+01    3.391092E+01    3.392760E+01    3.392826E+01    3.391999E+01    3.391059E+01    3.390303E+01    3.389773E+01    3.389116E+01    3.387963E+01    3.392348E+01    3.395783E+01    3.398148E+01    3.399361E+01
   3.428702E+01    3.426354E+01    3.422717E+01    3.417760E+01    3.411651E+01    3.404897E+01    3.398939E+01    3.396787E+01    3.395470E+01    3.393783E+01    3.391638E+01    3.389412E+01    3.387695E+01    3.387058E+01    3.386713E+01    3.385979E+01    3.390498E+01    3.394041E+01    3.396491E+01    3.397761E+01
   1.000000E+30    3.425209E+01    3.422120E+01    3.418034E+01    3.413165E+01    3.408008E+01    3.403316E+01    3.399871E+01    3.396868E+01    3.393619E+01    3.389871E+01    3.385855E+01    3.382671E+01    3.382774E+01    3.383498E+01    3.383630E+01    3.388439E+01    3.392169E+01    3.394761E+01    3.396145E+01
   1.000000E+30    1.000000E+30    3.420618E+01    3.417230E+01    3.413150E+01    3.408876E+01    3.404713E+01    3.400844E+01    3.396923E+01    3.392457E+01    3.386973E+01    3.380151E+01    3.373066E+01    3.376613E+01    3.379686E+01    3.381103E+01    3.386291E+01    3.390221E+01    3.392991E+01    3.394636E+01
   1.000000E+30    1.000000E+30    1.000000E+30    3.415293E+01    3.411550E+01    3.407907E+01    3.404148E+01    3.400260E+01    3.395998E+01    3.390902E+01    3.384118E+01    3.373450E+01    3.351464E+01    3.369674E+01    3.376352E+01    3.378870E+01    3.384247E+01    3.388232E+01    3.391110E+01    3.393503E+01
   1.000000E+30    1.000000E+30    1.000000E+30    1.000000E+30    3.408123E+01    3.405377E+01    3.402084E+01    3.398484E+01    3.394438E+01    3.389693E+01    3.383910E+01    3.376817E+01    3.369514E+01    3.372955E+01    3.376014E+01    3.377512E+01    3.382459E+01    3.386166E+01    3.388494E+01    1.000000E+30
   1.000000E+30    1.000000E+30    1.000000E+30    1.000000E+30    3.405768E+01    3.401770E+01    3.398761E+01    3.395649E+01    3.392160E+01    3.388194E+01    3.383765E+01    3.379173E+01    3.375550E+01    3.375408E+01    3.376103E+01    3.376415E+01    3.380795E+01    3.384318E+01    3.387000E+01    1.000000E+30
   1.000000E+30    1.000000E+30    1.000000E+30    1.000000E+30    1.000000E+30    3.395609E+01    3.394033E+01    3.391747E+01    3.388980E+01    3.385850E+01    3.382531E+01    3.379355E+01    3.376920E+01    3.375871E+01    3.375470E+01    3.375030E+01    3.378894E+01    3.382167E+01    1.000000E+30    1.000000E+30
   1.000000E+30    1.000000E+30    1.000000E+30    1.000000E+30    1.000000E+30    3.389556E+01    3.388580E+01    3.386933E+01    3.384826E+01    3.382426E+01    3.379937E+01    3.377611E+01    3.375756E+01    3.374566E+01    3.373805E+01    3.373106E+01    3.376516E+01    1.000000E+30    1.000000E+30    1.000000E+30
   1.000000E+30    1.000000E+30    1.000000E+30    1.000000E+30    1.000000E+30    3.383105E+01    3.382444E+01    3.381248E+01    3.379671E+01    3.377876E+01    3.376021E+01    3.374280E+01    3.372821E+01    3.371754E+01    3.371032E+01    3.370604E+01    1.000000E+30    1.000000E+30    1.000000E+30    1.000000E+30
