   3.619541E+01    3.617610E+01    3.613812E+01    3.608256E+01    3.601101E+01    3.592542E+01    3.582798E+01    3.572115E+01    3.560696E+01    3.548718E+01    3.536271E+01    3.523307E+01    3.509657E+01    3.495120E+01    3.479488E+01    3.462535E+01    3.466659E+01    3.469647E+01    3.471583E+01    3.472531E+01
   3.619828E+01    3.617860E+01    3.613987E+01    3.608315E+01    3.601010E+01    3.592273E+01    3.582337E+01    3.571465E+01    3.559881E+01    3.547781E+01    3.535284E+01    3.522332E+01    3.508715E+01    3.494219E+01    3.478634E+01    3.461692E+01    3.465804E+01    3.468768E+01    3.470683E+01    3.471620E+01
   3.620418E+01    3.618381E+01    3.614361E+01    3.608460E+01    3.600849E+01    3.591750E+01    3.581429E+01    3.570183E+01    3.558269E+01    3.545924E+01    3.533314E+01    3.520376E+01    3.506796E+01    3.492375E+01    3.476904E+01    3.460081E+01    3.464101E+01    3.466993E+01    3.468866E+01    3.469786E+01
   3.621356E+01    3.619224E+01    3.614996E+01    3.608752E+01    3.600662E+01    3.590991E+01    3.580061E+01    3.568237E+01    3.555843E+01    3.543125E+01    3.530339E+01    3.517383E+01    3.503818E+01    3.489508E+01    3.474239E+01    3.457699E+01    3.461505E+01    3.464281E+01    3.466107E+01    3.467017E+01
   3.622704E+01    3.620472E+01    3.616001E+01    3.609306E+01    3.600527E+01    3.590019E+01    3.578186E+01    3.565502E+01    3.552459E+01    3.539317E+01    3.526252E+01    3.513164E+01    3.499662E+01    3.485528E+01    3.470563E+01    3.454510E+01    3.457945E+01    3.460571E+01    3.462386E+01    3.463320E+01
   3.624522E+01    3.622230E+01    3.617552E+01    3.610338E+01    3.600579E+01    3.588892E+01    3.575742E+01    3.561689E+01    3.547722E+01    3.534124E+01    3.520883E+01    3.507726E+01    3.494307E+01    3.480391E+01    3.465805E+01    3.450376E+01    3.453296E+01    3.455801E+01    3.457712E+01    3.458750E+01
   3.626825E+01    3.624601E+01    3.619929E+01    3.612293E+01    3.601015E+01    3.587761E+01    3.572779E+01    3.556397E+01    3.541230E+01    3.527295E+01    3.514060E+01    3.500996E+01    3.487728E+01    3.474055E+01    3.459863E+01    3.445066E+01    3.447213E+01    3.449816E+01    3.452123E+01    3.453439E+01
   3.629486E+01    3.627592E+01    3.623527E+01    3.616277E+01    3.601898E+01    3.586946E+01    3.569849E+01    3.548577E+01    3.532189E+01    3.518473E+01    3.505696E+01    3.492972E+01    3.479929E+01    3.466482E+01    3.452623E+01    3.438208E+01    3.438871E+01    3.442362E+01    3.445769E+01    3.447693E+01
   3.632089E+01    3.630852E+01    3.628526E+01    3.625836E+01    1.000000E+30    1.000000E+30    1.000000E+30    3.534652E+01    3.519209E+01    3.507431E+01    3.495927E+01    3.483824E+01    3.470983E+01    3.457657E+01    3.444136E+01    3.429380E+01    3.425942E+01    3.433261E+01    3.439167E+01    3.442133E+01
   3.633874E+01    3.633174E+01    3.631968E+01    3.630845E+01    1.000000E+30    1.000000E+30    1.000000E+30    1.000000E+30    3.501328E+01    3.494825E+01    3.485427E+01    3.474019E+01    3.461030E+01    3.447415E+01    3.435137E+01    3.419366E+01    3.400450E+01    3.423853E+01    3.433783E+01    3.437806E+01
   3.634188E+01    3.633819E+01    3.633212E+01    3.632681E+01    1.000000E+30    1.000000E+30    1.000000E+30    1.000000E+30    3.488412E+01    3.483761E+01    3.475623E+01    3.464444E+01    3.450255E+01    3.434236E+01    3.427827E+01    3.419249E+01    3.417767E+01    3.426130E+01    3.432571E+01    3.435766E+01
   3.632630E+01    3.632422E+01    3.632089E+01    3.631821E+01    1.000000E+30    1.000000E+30    1.000000E+30    1.000000E+30    3.478627E+01    3.474826E+01    3.467558E+01    3.456555E+01    3.439860E+01    3.409809E+01    3.420893E+01    3.419208E+01    3.423291E+01    3.428542E+01    3.432860E+01    3.435179E+01
   3.629044E+01    3.628905E+01    3.628698E+01    3.628541E+01    1.000000E+30    1.000000E+30    1.000000E+30    1.000000E+30    3.471132E+01    3.467991E+01    3.461924E+01    3.453004E+01    3.441227E+01    3.427936E+01    3.424918E+01    3.420942E+01    3.425806E+01    3.430108E+01    3.433398E+01    3.435167E+01
   3.623411E+01    3.623302E+01    3.623150E+01    3.623038E+01    1.000000E+30    1.000000E+30    1.000000E+30    1.000000E+30    3.465259E+01    3.462696E+01    3.457808E+01    3.450904E+01    3.442510E+01    3.433947E+01    3.428072E+01    3.422364E+01    3.427061E+01    3.430914E+01    3.433709E+01    3.435182E+01
   3.615755E+01    3.615657E+01    3.615522E+01    3.615424E+01    1.000000E+30    1.000000E+30    1.000000E+30    1.000000E+30    3.460415E+01    3.458314E+01    3.454345E+01    3.448862E+01    3.442347E+01    3.435521E+01    3.429221E+01    3.422784E+01    3.427350E+01    3.431007E+01    3.433589E+01    3.434928E+01
   3.606112E+01    3.606004E+01    3.605856E+01    3.605749E+01    1.000000E+30    1.000000E+30    1.000000E+30    1.000000E+30    3.456120E+01    3.454349E+01    3.451009E+01    3.446390E+01    3.440851E+01    3.434829E+01    3.428664E+01    3.422133E+01    3.426738E+01    3.430401E+01    3.432956E+01    3.434268E+01
   3.594509E+01    3.594364E+01    3.594166E+01    3.594022E+01    1.000000E+30    1.000000E+30    1.000000E+30    1.000000E+30    3.452023E+01    3.450457E+01    3.447479E+01    3.443306E+01    3.438215E+01    3.432552E+01    3.426629E+01    3.420444E+01    3.425260E+01    3.429119E+01    3.431803E+01    3.433173E+01
   3.580997E+01    3.580768E+01    3.580441E+01    3.580203E+01    1.000000E+30    1.000000E+30    1.000000E+30    1.000000E+30    3.447901E+01    3.446444E+01    3.443627E+01    3.439584E+01    3.434525E+01    3.428810E+01    3.423018E+01    3.417660E+01    3.422948E+01    3.427226E+01    3.430194E+01    3.431702E+01
   3.565653E+01    3.565242E+01    3.564636E+01    3.564181E+01    1.000000E+30    1.000000E+30    1.000000E+30    1.000000E+30    3.443631E+01    3.442238E+01    3.439461E+01    3.435313E+01    3.429861E+01    3.423427E+01    3.417151E+01    3.413549E+01    3.419855E+01    3.424884E+01    3.428294E+01    3.430004E+01
   3.548643E+01    3.547865E+01    3.546666E+01    3.545706E+01    1.000000E+30    1.000000E+30    1.000000E+30    1.000000E+30    3.439138E+01    3.437844E+01    3.435116E+01    3.430779E+01    3.424553E+01    3.416179E+01    3.406805E+01    3.407789E+01    3.416256E+01    3.422409E+01    3.426359E+01    3.428288E+01
   3.530329E+01    3.528856E+01    3.526427E+01    3.524241E+01    1.000000E+30    1.000000E+30    1.000000E+30    1.000000E+30    3.434304E+01    3.433303E+01    3.430823E+01    3.426566E+01    3.419772E+01    3.408209E+01    3.384250E+01    3.401190E+01    3.413184E+01    3.420391E+01    3.424717E+01    3.426780E+01
   3.511407E+01    3.508733E+01    3.503875E+01    3.498503E+01    1.000000E+30    1.000000E+30    3.424979E+01    3.426270E+01    3.428817E+01    3.428639E+01    3.426741E+01    3.423318E+01    3.418115E+01    3.410779E+01    3.402393E+01    3.404276E+01    3.413100E+01    3.419504E+01    3.423613E+01    3.425618E+01
   3.493014E+01    3.488691E+01    3.479754E+01    3.465194E+01    3.440709E+01    1.000000E+30    3.421870E+01    3.423211E+01    3.424342E+01    3.424061E+01    3.422601E+01    3.420264E+01    3.416936E+01    3.412656E+01    3.408389E+01    3.406597E+01    3.413627E+01    3.419161E+01    3.422887E+01    3.424748E+01
   3.476822E+01    3.471175E+01    3.459191E+01    3.439694E+01    3.414206E+01    3.409997E+01    3.415590E+01    3.418566E+01    3.419557E+01    3.419007E+01    3.417727E+01    3.416583E+01    3.415035E+01    3.412786E+01    3.410103E+01    3.407457E+01    3.413843E+01    3.418870E+01    3.422298E+01    3.424027E+01
   3.464170E+01    3.457938E+01    3.444099E+01    3.418092E+01    3.364207E+01    3.398173E+01    3.409963E+01    3.414065E+01    3.414564E+01    3.412996E+01    3.411053E+01    3.411628E+01    3.412145E+01    3.411617E+01    3.409981E+01    3.407331E+01    3.413608E+01    3.418424E+01    3.421684E+01    3.423327E+01
   3.455671E+01    3.450276E+01    3.439187E+01    3.422251E+01    3.402703E+01    3.406272E+01    3.410015E+01    3.411294E+01    3.409864E+01    3.405677E+01    3.400137E+01    3.405007E+01    3.408584E+01    3.409812E+01    3.409071E+01    3.406668E+01    3.413022E+01    3.417782E+01    3.420967E+01    3.422563E+01
   3.450509E+01    3.446285E+01    3.438114E+01    3.427031E+01    3.416178E+01    3.412224E+01    3.410619E+01    3.409379E+01    3.406183E+01    3.398032E+01    3.376895E+01    3.397883E+01    3.405627E+01    3.408222E+01    3.408021E+01    3.405789E+01    3.412216E+01    3.416967E+01    3.420120E+01    3.421694E+01
   3.447534E+01    3.444222E+01    3.437950E+01    3.429593E+01    3.420844E+01    3.413936E+01    3.408968E+01    3.407575E+01    3.405788E+01    3.401842E+01    3.396657E+01    3.401996E+01    3.406031E+01    3.407667E+01    3.407199E+01    3.404868E+01    3.411275E+01    3.416004E+01    3.419138E+01    3.420701E+01
   3.445852E+01    3.443115E+01    3.437881E+01    3.430576E+01    3.421737E+01    3.411794E+01    3.401844E+01    3.404302E+01    3.405833E+01    3.405273E+01    3.404166E+01    3.405609E+01    3.407071E+01    3.407458E+01    3.406440E+01    3.403881E+01    3.410201E+01    3.414896E+01    3.418016E+01    3.419575E+01
   3.444909E+01    3.442525E+01    3.437915E+01    3.431144E+01    3.421815E+01    3.407785E+01    3.380473E+01    3.400122E+01    3.406151E+01    3.407506E+01    3.407381E+01    3.407452E+01    3.407444E+01    3.406902E+01    3.405435E+01    3.402712E+01    3.408951E+01    3.413626E+01    3.416750E+01    3.418316E+01
   3.444375E+01    3.442204E+01    3.438170E+01    3.432348E+01    3.424680E+01    3.415114E+01    3.405095E+01    3.407427E+01    3.409248E+01    3.409440E+01    3.408669E+01    3.407659E+01    3.406633E+01    3.405535E+01    3.403905E+01    3.401239E+01    3.407472E+01    3.412177E+01    3.415338E+01    3.416931E+01
   3.444061E+01    3.441813E+01    3.438306E+01    3.433508E+01    3.427579E+01    3.421024E+01    3.415270E+01    3.413306E+01    3.412157E+01    3.410599E+01    3.408506E+01    3.406202E+01    3.404201E+01    3.402979E+01    3.401640E+01    3.399372E+01    3.405735E+01    3.410547E+01    3.413794E+01    3.415444E+01
   1.000000E+30    3.440777E+01    3.437851E+01    3.433947E+01    3.429273E+01    3.424316E+01    3.419825E+01    3.416573E+01    3.413739E+01    3.410616E+01    3.406913E+01    3.402810E+01    3.399332E+01    3.398829E+01    3.398536E+01    3.397114E+01    3.403759E+01    3.408754E+01    3.412142E+01    3.413911E+01
   1.000000E+30    1.000000E+30    3.436515E+01    3.433330E+01    3.429449E+01    3.425364E+01    3.421388E+01    3.417698E+01    3.413937E+01    3.409586E+01    3.404138E+01    3.397224E+01    3.389848E+01    3.392757E+01    3.394790E+01    3.394637E+01    3.401648E+01    3.406833E+01    3.410396E+01    3.412441E+01
   1.000000E+30    1.000000E+30    1.000000E+30    3.431595E+01    3.428040E+01    3.424542E+01    3.420931E+01    3.417195E+01    3.413071E+01    3.408072E+01    3.401311E+01    3.390553E+01    3.368336E+01    3.385827E+01    3.391445E+01    3.392387E+01    3.399569E+01    3.404790E+01    3.408446E+01    3.411304E+01
   1.000000E+30    1.000000E+30    1.000000E+30    1.000000E+30    3.424786E+01    3.422063E+01    3.418852E+01    3.415362E+01    3.411424E+01    3.406752E+01    3.400969E+01    3.393757E+01    3.386145E+01    3.388943E+01    3.390971E+01    3.390917E+01    3.397645E+01    3.402555E+01    3.405554E+01    1.000000E+30
   1.000000E+30    1.000000E+30    1.000000E+30    1.000000E+30    3.422448E+01    3.418278E+01    3.415282E+01    3.412241E+01    3.408830E+01    3.404913E+01    3.400465E+01    3.395738E+01    3.391793E+01    3.391045E+01    3.390753E+01    3.389571E+01    3.395714E+01    3.400448E+01    3.403894E+01    1.000000E+30
   1.000000E+30    1.000000E+30    1.000000E+30    1.000000E+30    1.000000E+30    3.411481E+01    3.409933E+01    3.407703E+01    3.404996E+01    3.401899E+01    3.398550E+01    3.395237E+01    3.392497E+01    3.390886E+01    3.389571E+01    3.387739E+01    3.393336E+01    3.397817E+01    1.000000E+30    1.000000E+30
   1.000000E+30    1.000000E+30    1.000000E+30    1.000000E+30    1.000000E+30    3.404310E+01    3.403363E+01    3.401766E+01    3.399713E+01    3.397342E+01    3.394825E+01    3.392376E+01    3.390250E+01    3.388564E+01    3.387000E+01    3.385083E+01    3.390180E+01    1.000000E+30    1.000000E+30    1.000000E+30
   1.000000E+30    1.000000E+30    1.000000E+30    1.000000E+30    1.000000E+30    3.396060E+01    3.395432E+01    3.394290E+01    3.392773E+01    3.391026E+01    3.389169E+01    3.387339E+01    3.385652E+01    3.384168E+01    3.382791E+01    3.381437E+01    1.000000E+30    1.000000E+30    1.000000E+30    1.000000E+30
