   6.414240E-05    6.414240E-05    6.414240E-05    6.414240E-05    6.414240E-05    6.414240E-05    6.414240E-05    6.414240E-05    6.414240E-05    6.414240E-05    6.414240E-05    6.414240E-05    6.414240E-05    6.414240E-05    6.414240E-05    6.414240E-05    6.414240E-05    6.414240E-05    6.414240E-05    6.414240E-05
   6.414240E-05    6.414240E-05    6.414240E-05    6.414240E-05    6.414240E-05    6.414240E-05    6.414240E-05    6.414240E-05    6.414240E-05    6.414240E-05    6.414240E-05    6.414240E-05    6.414240E-05    6.414240E-05    6.414240E-05    6.414240E-05    6.414240E-05    6.414240E-05    6.414240E-05    6.414240E-05
   6.414240E-05    6.414240E-05    6.414240E-05    6.414240E-05    6.414240E-05    6.414240E-05    6.414240E-05    6.414240E-05    6.414240E-05    6.414240E-05    6.414240E-05    6.414240E-05    6.414240E-05    6.414240E-05    6.414240E-05    6.414240E-05    6.414240E-05    6.414240E-05    6.414240E-05    6.414240E-05
   6.414240E-05    6.414240E-05    6.414240E-05    6.414240E-05    6.414240E-05    6.414240E-05    6.414240E-05    6.414240E-05    6.414240E-05    6.414240E-05    6.414240E-05    6.414240E-05    6.414240E-05    6.414240E-05    6.414240E-05    6.414240E-05    6.414240E-05    6.414240E-05    6.414240E-05    6.414240E-05
   6.414240E-05    6.414240E-05    6.414240E-05    6.414240E-05    6.414240E-05    6.414240E-05    6.414240E-05    6.414240E-05    6.414240E-05    6.414240E-05    6.414240E-05    6.414240E-05    6.414240E-05    6.414240E-05    6.414240E-05    6.414240E-05    6.414240E-05    6.414240E-05    6.414240E-05    6.414240E-05
   6.414240E-05    6.414240E-05    6.414240E-05    6.414240E-05    6.414240E-05    6.414240E-05    6.414240E-05    6.414240E-05    6.414240E-05    6.414240E-05    6.414240E-05    6.414240E-05    6.414240E-05    6.414240E-05    6.414240E-05    6.414240E-05    6.414240E-05    6.414240E-05    6.414240E-05    6.414240E-05
   6.414240E-05    6.414240E-05    6.414240E-05    6.414240E-05    6.414240E-05    6.414240E-05    6.414240E-05    6.414240E-05    6.414240E-05    6.414240E-05    6.414240E-05    6.414240E-05    6.414240E-05    6.414240E-05    6.414240E-05    6.414240E-05    6.414240E-05    6.414240E-05    6.414240E-05    6.414240E-05
   6.414240E-05    6.414240E-05    6.414240E-05    6.414240E-05    6.414240E-05    6.414240E-05    6.414240E-05    6.414240E-05    6.414240E-05    6.414240E-05    6.414240E-05    6.414240E-05    6.414240E-05    6.414240E-05    6.414240E-05    6.414240E-05    6.414240E-05    6.414240E-05    6.414240E-05    6.414240E-05
   6.414240E-05    6.414240E-05    6.414240E-05    6.414240E-05    6.839797E-05    6.839797E-05    6.839797E-05    6.414240E-05    6.414240E-05    6.414240E-05    6.414240E-05    6.414240E-05    6.414240E-05    6.414240E-05    6.414240E-05    6.414240E-05    6.414240E-05    6.414240E-05    6.414240E-05    6.414240E-05
   6.414240E-05    6.414240E-05    6.414240E-05    6.414240E-05    6.839797E-05    6.839797E-05    6.839797E-05    6.839797E-05    6.414240E-05    6.414240E-05    6.414240E-05    6.414240E-05    6.414240E-05    6.414240E-05    6.414240E-05    6.414240E-05    6.414240E-05    6.414240E-05    6.414240E-05    6.414240E-05
   6.414240E-05    6.414240E-05    6.414240E-05    6.414240E-05    6.839797E-05    6.839797E-05    6.839797E-05    6.839797E-05    6.414240E-05    6.414240E-05    6.414240E-05    6.414240E-05    6.414240E-05    6.414240E-05    6.414240E-05    6.414240E-05    6.414240E-05    6.414240E-05    6.414240E-05    6.414240E-05
   6.414240E-05    6.414240E-05    6.414240E-05    6.414240E-05    6.839797E-05    6.839797E-05    6.839797E-05    6.839797E-05    6.414240E-05    6.414240E-05    6.414240E-05    6.414240E-05    6.414240E-05    6.414240E-05    6.414240E-05    6.414240E-05    6.414240E-05    6.414240E-05    6.414240E-05    6.414240E-05
   6.414240E-05    6.414240E-05    6.414240E-05    6.414240E-05    6.839797E-05    6.839797E-05    6.839797E-05    6.839797E-05    6.414240E-05    6.414240E-05    6.414240E-05    6.414240E-05    6.414240E-05    6.414240E-05    6.414240E-05    6.414240E-05    6.414240E-05    6.414240E-05    6.414240E-05    6.414240E-05
   6.414240E-05    6.414240E-05    6.414240E-05    6.414240E-05    6.839797E-05    6.839797E-05    6.839797E-05    6.839797E-05    6.414240E-05    6.414240E-05    6.414240E-05    6.414240E-05    6.414240E-05    6.414240E-05    6.414240E-05    6.414240E-05    6.414240E-05    6.414240E-05    6.414240E-05    6.414240E-05
   6.414240E-05    6.414240E-05    6.414240E-05    6.414240E-05    6.839797E-05    6.839797E-05    6.839797E-05    6.839797E-05    6.414240E-05    6.414240E-05    6.414240E-05    6.414240E-05    6.414240E-05    6.414240E-05    6.414240E-05    6.414240E-05    6.414240E-05    6.414240E-05    6.414240E-05    6.414240E-05
   6.414240E-05    6.414240E-05    6.414240E-05    6.414240E-05    6.839797E-05    6.839797E-05    6.839797E-05    6.839797E-05    6.414240E-05    6.414240E-05    6.414240E-05    6.414240E-05    6.414240E-05    6.414240E-05    6.414240E-05    6.414240E-05    6.414240E-05    6.414240E-05    6.414240E-05    6.414240E-05
   6.414240E-05    6.414240E-05    6.414240E-05    6.414240E-05    6.839797E-05    6.839797E-05    6.839797E-05    6.839797E-05    6.414240E-05    6.414240E-05    6.414240E-05    6.414240E-05    6.414240E-05    6.414240E-05    6.414240E-05    6.414240E-05    6.414240E-05    6.414240E-05    6.414240E-05    6.414240E-05
   6.414240E-05    6.414240E-05    6.414240E-05    6.414240E-05    6.839797E-05    6.839797E-05    6.839797E-05    6.839797E-05    6.414240E-05    6.414240E-05    6.414240E-05    6.414240E-05    6.414240E-05    6.414240E-05    6.414240E-05    6.414240E-05    6.414240E-05    6.414240E-05    6.414240E-05    6.414240E-05
   6.414240E-05    6.414240E-05    6.414240E-05    6.414240E-05    6.839797E-05    6.839797E-05    6.839797E-05    6.839797E-05    6.414240E-05    6.414240E-05    6.414240E-05    6.414240E-05    6.414240E-05    6.414240E-05    6.414240E-05    6.414240E-05    6.414240E-05    6.414240E-05    6.414240E-05    6.414240E-05
   6.414240E-05    6.414240E-05    6.414240E-05    6.414240E-05    6.839797E-05    6.839797E-05    6.839797E-05    6.839797E-05    6.414240E-05    6.414240E-05    6.414240E-05    6.414240E-05    6.414240E-05    6.414240E-05    6.414240E-05    6.414240E-05    6.414240E-05    6.414240E-05    6.414240E-05    6.414240E-05
   6.414240E-05    6.414240E-05    6.414240E-05    6.414240E-05    6.839797E-05    6.839797E-05    6.839797E-05    6.839797E-05    6.414240E-05    6.414240E-05    6.414240E-05    6.414240E-05    6.414240E-05    6.414240E-05    6.414240E-05    6.414240E-05    6.414240E-05    6.414240E-05    6.414240E-05    6.414240E-05
   6.414240E-05    6.414240E-05    6.414240E-05    6.414240E-05    6.839797E-05    6.839797E-05    6.414240E-05    6.414240E-05    6.414240E-05    6.414240E-05    6.414240E-05    6.414240E-05    6.414240E-05    6.414240E-05    6.414240E-05    6.414240E-05    6.414240E-05    6.414240E-05    6.414240E-05    6.414240E-05
   6.414240E-05    6.414240E-05    6.414240E-05    6.414240E-05    6.414240E-05    6.839797E-05    6.414240E-05    6.414240E-05    6.414240E-05    6.414240E-05    6.414240E-05    6.414240E-05    6.414240E-05    6.414240E-05    6.414240E-05    6.414240E-05    6.414240E-05    6.414240E-05    6.414240E-05    6.414240E-05
   6.414240E-05    6.414240E-05    6.414240E-05    6.414240E-05    6.414240E-05    6.414240E-05    6.414240E-05    6.414240E-05    6.414240E-05    6.414240E-05    6.414240E-05    6.414240E-05    6.414240E-05    6.414240E-05    6.414240E-05    6.414240E-05    6.414240E-05    6.414240E-05    6.414240E-05    6.414240E-05
   6.414240E-05    6.414240E-05    6.414240E-05    6.414240E-05    6.414240E-05    6.414240E-05    6.414240E-05    6.414240E-05    6.414240E-05    6.414240E-05    6.414240E-05    6.414240E-05    6.414240E-05    6.414240E-05    6.414240E-05    6.414240E-05    6.414240E-05    6.414240E-05    6.414240E-05    6.414240E-05
   6.414240E-05    6.414240E-05    6.414240E-05    6.414240E-05    6.414240E-05    6.414240E-05    6.414240E-05    6.414240E-05    6.414240E-05    6.414240E-05    6.414240E-05    6.414240E-05    6.414240E-05    6.414240E-05    6.414240E-05    6.414240E-05    6.414240E-05    6.414240E-05    6.414240E-05    6.414240E-05
   6.414240E-05    6.414240E-05    6.414240E-05    6.414240E-05    6.414240E-05    6.414240E-05    6.414240E-05    6.414240E-05    6.414240E-05    6.414240E-05    6.414240E-05    6.414240E-05    6.414240E-05    6.414240E-05    6.414240E-05    6.414240E-05    6.414240E-05    6.414240E-05    6.414240E-05    6.414240E-05
   6.414240E-05    6.414240E-05    6.414240E-05    6.414240E-05    6.414240E-05    6.414240E-05    6.414240E-05    6.414240E-05    6.414240E-05    6.414240E-05    6.414240E-05    6.414240E-05    6.414240E-05    6.414240E-05    6.414240E-05    6.414240E-05    6.414240E-05    6.414240E-05    6.414240E-05    6.414240E-05
   6.414240E-05    6.414240E-05    6.414240E-05    6.414240E-05    6.414240E-05    6.414240E-05    6.414240E-05    6.414240E-05    6.414240E-05    6.414240E-05    6.414240E-05    6.414240E-05    6.414240E-05    6.414240E-05    6.414240E-05    6.414240E-05    6.414240E-05    6.414240E-05    6.414240E-05    6.414240E-05
   6.414240E-05    6.414240E-05    6.414240E-05    6.414240E-05    6.414240E-05    6.414240E-05    6.414240E-05    6.414240E-05    6.414240E-05    6.414240E-05    6.414240E-05    6.414240E-05    6.414240E-05    6.414240E-05    6.414240E-05    6.414240E-05    6.414240E-05    6.414240E-05    6.414240E-05    6.414240E-05
   6.414240E-05    6.414240E-05    6.414240E-05    6.414240E-05    6.414240E-05    6.414240E-05    6.414240E-05    6.414240E-05    6.414240E-05    6.414240E-05    6.414240E-05    6.414240E-05    6.414240E-05    6.414240E-05    6.414240E-05    6.414240E-05    6.414240E-05    6.414240E-05    6.414240E-05    6.414240E-05
   6.414240E-05    6.414240E-05    6.414240E-05    6.414240E-05    6.414240E-05    6.414240E-05    6.414240E-05    6.414240E-05    6.414240E-05    6.414240E-05    6.414240E-05    6.414240E-05    6.414240E-05    6.414240E-05    6.414240E-05    6.414240E-05    6.414240E-05    6.414240E-05    6.414240E-05    6.414240E-05
   6.839797E-05    6.414240E-05    6.414240E-05    6.414240E-05    6.414240E-05    6.414240E-05    6.414240E-05    6.414240E-05    6.414240E-05    6.414240E-05    6.414240E-05    6.414240E-05    6.414240E-05    6.414240E-05    6.414240E-05    6.414240E-05    6.414240E-05    6.414240E-05    6.414240E-05    6.414240E-05
   6.839797E-05    6.839797E-05    6.414240E-05    6.414240E-05    6.414240E-05    6.414240E-05    6.414240E-05    6.414240E-05    6.414240E-05    6.414240E-05    6.414240E-05    6.414240E-05    6.414240E-05    6.414240E-05    6.414240E-05    6.414240E-05    6.414240E-05    6.414240E-05    6.414240E-05    6.414240E-05
   6.839797E-05    6.839797E-05    6.839797E-05    6.414240E-05    6.414240E-05    6.414240E-05    6.414240E-05    6.414240E-05    6.414240E-05    6.414240E-05    6.414240E-05    6.414240E-05    6.414240E-05    6.414240E-05    6.414240E-05    6.414240E-05    6.414240E-05    6.414240E-05    6.414240E-05    6.414240E-05
   6.839797E-05    6.839797E-05    6.839797E-05    6.839797E-05    6.414240E-05    6.414240E-05    6.414240E-05    6.414240E-05    6.414240E-05    6.414240E-05    6.414240E-05    6.414240E-05    6.414240E-05    6.414240E-05    6.414240E-05    6.414240E-05    6.414240E-05    6.414240E-05    6.414240E-05    6.839797E-05
   6.839797E-05    6.839797E-05    6.839797E-05    6.839797E-05    6.414240E-05    6.414240E-05    6.414240E-05    6.414240E-05    6.414240E-05    6.414240E-05    6.414240E-05    6.414240E-05    6.414240E-05    6.414240E-05    6.414240E-05    6.414240E-05    6.414240E-05    6.414240E-05    6.414240E-05    6.839797E-05
   6.839797E-05    6.839797E-05    6.839797E-05    6.839797E-05    6.839797E-05    6.414240E-05    6.414240E-05    6.414240E-05    6.414240E-05    6.414240E-05    6.414240E-05    6.414240E-05    6.414240E-05    6.414240E-05    6.414240E-05    6.414240E-05    6.414240E-05    6.414240E-05    6.839797E-05    6.839797E-05
   6.839797E-05    6.839797E-05    6.839797E-05    6.839797E-05    6.839797E-05    6.414240E-05    6.414240E-05    6.414240E-05    6.414240E-05    6.414240E-05    6.414240E-05    6.414240E-05    6.414240E-05    6.414240E-05    6.414240E-05    6.414240E-05    6.414240E-05    6.839797E-05    6.839797E-05    6.839797E-05
   6.839797E-05    6.839797E-05    6.839797E-05    6.839797E-05    6.839797E-05    6.414240E-05    6.414240E-05    6.414240E-05    6.414240E-05    6.414240E-05    6.414240E-05    6.414240E-05    6.414240E-05    6.414240E-05    6.414240E-05    6.414240E-05    6.839797E-05    6.839797E-05    6.839797E-05    6.839797E-05
