   7.631134E-06    7.631134E-06    7.631134E-06    7.631134E-06    7.631134E-06    7.631134E-06    7.631134E-06    7.631134E-06    7.631134E-06    7.631134E-06    7.631134E-06    7.631134E-06    7.631134E-06    7.631134E-06    7.631134E-06    7.631134E-06    7.631134E-06    7.631134E-06    7.631134E-06    7.631134E-06
   7.631134E-06    7.631134E-06    7.631134E-06    7.631134E-06    7.631134E-06    7.631134E-06    7.631134E-06    7.631134E-06    7.631134E-06    7.631134E-06    7.631134E-06    7.631134E-06    7.631134E-06    7.631134E-06    7.631134E-06    7.631134E-06    7.631134E-06    7.631134E-06    7.631134E-06    7.631134E-06
   7.631134E-06    7.631134E-06    7.631134E-06    7.631134E-06    7.631134E-06    7.631134E-06    7.631134E-06    7.631134E-06    7.631134E-06    7.631134E-06    7.631134E-06    7.631134E-06    7.631134E-06    7.631134E-06    7.631134E-06    7.631134E-06    7.631134E-06    7.631134E-06    7.631134E-06    7.631134E-06
   7.631134E-06    7.631134E-06    7.631134E-06    7.631134E-06    7.631134E-06    7.631134E-06    7.631134E-06    7.631134E-06    7.631134E-06    7.631134E-06    7.631134E-06    7.631134E-06    7.631134E-06    7.631134E-06    7.631134E-06    7.631134E-06    7.631134E-06    7.631134E-06    7.631134E-06    7.631134E-06
   7.631134E-06    7.631134E-06    7.631134E-06    7.631134E-06    7.631134E-06    7.631134E-06    7.631134E-06    7.631134E-06    7.631134E-06    7.631134E-06    7.631134E-06    7.631134E-06    7.631134E-06    7.631134E-06    7.631134E-06    7.631134E-06    7.631134E-06    7.631134E-06    7.631134E-06    7.631134E-06
   7.631134E-06    7.631134E-06    7.631134E-06    7.631134E-06    7.631134E-06    7.631134E-06    7.631134E-06    7.631134E-06    7.631134E-06    7.631134E-06    7.631134E-06    7.631134E-06    7.631134E-06    7.631134E-06    7.631134E-06    7.631134E-06    7.631134E-06    7.631134E-06    7.631134E-06    7.631134E-06
   7.631134E-06    7.631134E-06    7.631134E-06    7.631134E-06    7.631134E-06    7.631134E-06    7.631134E-06    7.631134E-06    7.631134E-06    7.631134E-06    7.631134E-06    7.631134E-06    7.631134E-06    7.631134E-06    7.631134E-06    7.631134E-06    7.631134E-06    7.631134E-06    7.631134E-06    7.631134E-06
   7.631134E-06    7.631134E-06    7.631134E-06    7.631134E-06    7.631134E-06    7.631134E-06    7.631134E-06    7.631134E-06    7.631134E-06    7.631134E-06    7.631134E-06    7.631134E-06    7.631134E-06    7.631134E-06    7.631134E-06    7.631134E-06    7.631134E-06    7.631134E-06    7.631134E-06    7.631134E-06
   7.631134E-06    7.631134E-06    7.631134E-06    7.631134E-06    8.496600E-06    8.496600E-06    8.496600E-06    7.631134E-06    7.631134E-06    7.631134E-06    7.631134E-06    7.631134E-06    7.631134E-06    7.631134E-06    7.631134E-06    7.631134E-06    7.631134E-06    7.631134E-06    7.631134E-06    7.631134E-06
   7.631134E-06    7.631134E-06    7.631134E-06    7.631134E-06    8.496600E-06    8.496600E-06    8.496600E-06    8.496600E-06    7.631134E-06    7.631134E-06    7.631134E-06    7.631134E-06    7.631134E-06    7.631134E-06    7.631134E-06    7.631134E-06    7.631134E-06    7.631134E-06    7.631134E-06    7.631134E-06
   7.631134E-06    7.631134E-06    7.631134E-06    7.631134E-06    8.496600E-06    8.496600E-06    8.496600E-06    8.496600E-06    7.631134E-06    7.631134E-06    7.631134E-06    7.631134E-06    7.631134E-06    7.631134E-06    7.631134E-06    7.631134E-06    7.631134E-06    7.631134E-06    7.631134E-06    7.631134E-06
   7.631134E-06    7.631134E-06    7.631134E-06    7.631134E-06    8.496600E-06    8.496600E-06    8.496600E-06    8.496600E-06    7.631134E-06    7.631134E-06    7.631134E-06    7.631134E-06    7.631134E-06    7.631134E-06    7.631134E-06    7.631134E-06    7.631134E-06    7.631134E-06    7.631134E-06    7.631134E-06
   7.631134E-06    7.631134E-06    7.631134E-06    7.631134E-06    8.496600E-06    8.496600E-06    8.496600E-06    8.496600E-06    7.631134E-06    7.631134E-06    7.631134E-06    7.631134E-06    7.631134E-06    7.631134E-06    7.631134E-06    7.631134E-06    7.631134E-06    7.631134E-06    7.631134E-06    7.631134E-06
   7.631134E-06    7.631134E-06    7.631134E-06    7.631134E-06    8.496600E-06    8.496600E-06    8.496600E-06    8.496600E-06    7.631134E-06    7.631134E-06    7.631134E-06    7.631134E-06    7.631134E-06    7.631134E-06    7.631134E-06    7.631134E-06    7.631134E-06    7.631134E-06    7.631134E-06    7.631134E-06
   7.631134E-06    7.631134E-06    7.631134E-06    7.631134E-06    8.496600E-06    8.496600E-06    8.496600E-06    8.496600E-06    7.631134E-06    7.631134E-06    7.631134E-06    7.631134E-06    7.631134E-06    7.631134E-06    7.631134E-06    7.631134E-06    7.631134E-06    7.631134E-06    7.631134E-06    7.631134E-06
   7.631134E-06    7.631134E-06    7.631134E-06    7.631134E-06    8.496600E-06    8.496600E-06    8.496600E-06    8.496600E-06    7.631134E-06    7.631134E-06    7.631134E-06    7.631134E-06    7.631134E-06    7.631134E-06    7.631134E-06    7.631134E-06    7.631134E-06    7.631134E-06    7.631134E-06    7.631134E-06
   7.631134E-06    7.631134E-06    7.631134E-06    7.631134E-06    8.496600E-06    8.496600E-06    8.496600E-06    8.496600E-06    7.631134E-06    7.631134E-06    7.631134E-06    7.631134E-06    7.631134E-06    7.631134E-06    7.631134E-06    7.631134E-06    7.631134E-06    7.631134E-06    7.631134E-06    7.631134E-06
   7.631134E-06    7.631134E-06    7.631134E-06    7.631134E-06    8.496600E-06    8.496600E-06    8.496600E-06    8.496600E-06    7.631134E-06    7.631134E-06    7.631134E-06    7.631134E-06    7.631134E-06    7.631134E-06    7.631134E-06    7.631134E-06    7.631134E-06    7.631134E-06    7.631134E-06    7.631134E-06
   7.631134E-06    7.631134E-06    7.631134E-06    7.631134E-06    8.496600E-06    8.496600E-06    8.496600E-06    8.496600E-06    7.631134E-06    7.631134E-06    7.631134E-06    7.631134E-06    7.631134E-06    7.631134E-06    7.631134E-06    7.631134E-06    7.631134E-06    7.631134E-06    7.631134E-06    7.631134E-06
   7.631134E-06    7.631134E-06    7.631134E-06    7.631134E-06    8.496600E-06    8.496600E-06    8.496600E-06    8.496600E-06    7.631134E-06    7.631134E-06    7.631134E-06    7.631134E-06    7.631134E-06    7.631134E-06    7.631134E-06    7.631134E-06    7.631134E-06    7.631134E-06    7.631134E-06    7.631134E-06
   7.631134E-06    7.631134E-06    7.631134E-06    7.631134E-06    8.496600E-06    8.496600E-06    8.496600E-06    8.496600E-06    7.631134E-06    7.631134E-06    7.631134E-06    7.631134E-06    7.631134E-06    7.631134E-06    7.631134E-06    7.631134E-06    7.631134E-06    7.631134E-06    7.631134E-06    7.631134E-06
   7.631134E-06    7.631134E-06    7.631134E-06    7.631134E-06    8.496600E-06    8.496600E-06    7.631134E-06    7.631134E-06    7.631134E-06    7.631134E-06    7.631134E-06    7.631134E-06    7.631134E-06    7.631134E-06    7.631134E-06    7.631134E-06    7.631134E-06    7.631134E-06    7.631134E-06    7.631134E-06
   7.631134E-06    7.631134E-06    7.631134E-06    7.631134E-06    7.631134E-06    8.496600E-06    7.631134E-06    7.631134E-06    7.631134E-06    7.631134E-06    7.631134E-06    7.631134E-06    7.631134E-06    7.631134E-06    7.631134E-06    7.631134E-06    7.631134E-06    7.631134E-06    7.631134E-06    7.631134E-06
   7.631134E-06    7.631134E-06    7.631134E-06    7.631134E-06    7.631134E-06    7.631134E-06    7.631134E-06    7.631134E-06    7.631134E-06    7.631134E-06    7.631134E-06    7.631134E-06    7.631134E-06    7.631134E-06    7.631134E-06    7.631134E-06    7.631134E-06    7.631134E-06    7.631134E-06    7.631134E-06
   7.631134E-06    7.631134E-06    7.631134E-06    7.631134E-06    7.631134E-06    7.631134E-06    7.631134E-06    7.631134E-06    7.631134E-06    7.631134E-06    7.631134E-06    7.631134E-06    7.631134E-06    7.631134E-06    7.631134E-06    7.631134E-06    7.631134E-06    7.631134E-06    7.631134E-06    7.631134E-06
   7.631134E-06    7.631134E-06    7.631134E-06    7.631134E-06    7.631134E-06    7.631134E-06    7.631134E-06    7.631134E-06    7.631134E-06    7.631134E-06    7.631134E-06    7.631134E-06    7.631134E-06    7.631134E-06    7.631134E-06    7.631134E-06    7.631134E-06    7.631134E-06    7.631134E-06    7.631134E-06
   7.631134E-06    7.631134E-06    7.631134E-06    7.631134E-06    7.631134E-06    7.631134E-06    7.631134E-06    7.631134E-06    7.631134E-06    7.631134E-06    7.631134E-06    7.631134E-06    7.631134E-06    7.631134E-06    7.631134E-06    7.631134E-06    7.631134E-06    7.631134E-06    7.631134E-06    7.631134E-06
   7.631134E-06    7.631134E-06    7.631134E-06    7.631134E-06    7.631134E-06    7.631134E-06    7.631134E-06    7.631134E-06    7.631134E-06    7.631134E-06    7.631134E-06    7.631134E-06    7.631134E-06    7.631134E-06    7.631134E-06    7.631134E-06    7.631134E-06    7.631134E-06    7.631134E-06    7.631134E-06
   7.631134E-06    7.631134E-06    7.631134E-06    7.631134E-06    7.631134E-06    7.631134E-06    7.631134E-06    7.631134E-06    7.631134E-06    7.631134E-06    7.631134E-06    7.631134E-06    7.631134E-06    7.631134E-06    7.631134E-06    7.631134E-06    7.631134E-06    7.631134E-06    7.631134E-06    7.631134E-06
   7.631134E-06    7.631134E-06    7.631134E-06    7.631134E-06    7.631134E-06    7.631134E-06    7.631134E-06    7.631134E-06    7.631134E-06    7.631134E-06    7.631134E-06    7.631134E-06    7.631134E-06    7.631134E-06    7.631134E-06    7.631134E-06    7.631134E-06    7.631134E-06    7.631134E-06    7.631134E-06
   7.631134E-06    7.631134E-06    7.631134E-06    7.631134E-06    7.631134E-06    7.631134E-06    7.631134E-06    7.631134E-06    7.631134E-06    7.631134E-06    7.631134E-06    7.631134E-06    7.631134E-06    7.631134E-06    7.631134E-06    7.631134E-06    7.631134E-06    7.631134E-06    7.631134E-06    7.631134E-06
   7.631134E-06    7.631134E-06    7.631134E-06    7.631134E-06    7.631134E-06    7.631134E-06    7.631134E-06    7.631134E-06    7.631134E-06    7.631134E-06    7.631134E-06    7.631134E-06    7.631134E-06    7.631134E-06    7.631134E-06    7.631134E-06    7.631134E-06    7.631134E-06    7.631134E-06    7.631134E-06
   8.496600E-06    7.631134E-06    7.631134E-06    7.631134E-06    7.631134E-06    7.631134E-06    7.631134E-06    7.631134E-06    7.631134E-06    7.631134E-06    7.631134E-06    7.631134E-06    7.631134E-06    7.631134E-06    7.631134E-06    7.631134E-06    7.631134E-06    7.631134E-06    7.631134E-06    7.631134E-06
   8.496600E-06    8.496600E-06    7.631134E-06    7.631134E-06    7.631134E-06    7.631134E-06    7.631134E-06    7.631134E-06    7.631134E-06    7.631134E-06    7.631134E-06    7.631134E-06    7.631134E-06    7.631134E-06    7.631134E-06    7.631134E-06    7.631134E-06    7.631134E-06    7.631134E-06    7.631134E-06
   8.496600E-06    8.496600E-06    8.496600E-06    7.631134E-06    7.631134E-06    7.631134E-06    7.631134E-06    7.631134E-06    7.631134E-06    7.631134E-06    7.631134E-06    7.631134E-06    7.631134E-06    7.631134E-06    7.631134E-06    7.631134E-06    7.631134E-06    7.631134E-06    7.631134E-06    7.631134E-06
   8.496600E-06    8.496600E-06    8.496600E-06    8.496600E-06    7.631134E-06    7.631134E-06    7.631134E-06    7.631134E-06    7.631134E-06    7.631134E-06    7.631134E-06    7.631134E-06    7.631134E-06    7.631134E-06    7.631134E-06    7.631134E-06    7.631134E-06    7.631134E-06    7.631134E-06    8.496600E-06
   8.496600E-06    8.496600E-06    8.496600E-06    8.496600E-06    7.631134E-06    7.631134E-06    7.631134E-06    7.631134E-06    7.631134E-06    7.631134E-06    7.631134E-06    7.631134E-06    7.631134E-06    7.631134E-06    7.631134E-06    7.631134E-06    7.631134E-06    7.631134E-06    7.631134E-06    8.496600E-06
   8.496600E-06    8.496600E-06    8.496600E-06    8.496600E-06    8.496600E-06    7.631134E-06    7.631134E-06    7.631134E-06    7.631134E-06    7.631134E-06    7.631134E-06    7.631134E-06    7.631134E-06    7.631134E-06    7.631134E-06    7.631134E-06    7.631134E-06    7.631134E-06    8.496600E-06    8.496600E-06
   8.496600E-06    8.496600E-06    8.496600E-06    8.496600E-06    8.496600E-06    7.631134E-06    7.631134E-06    7.631134E-06    7.631134E-06    7.631134E-06    7.631134E-06    7.631134E-06    7.631134E-06    7.631134E-06    7.631134E-06    7.631134E-06    7.631134E-06    8.496600E-06    8.496600E-06    8.496600E-06
   8.496600E-06    8.496600E-06    8.496600E-06    8.496600E-06    8.496600E-06    7.631134E-06    7.631134E-06    7.631134E-06    7.631134E-06    7.631134E-06    7.631134E-06    7.631134E-06    7.631134E-06    7.631134E-06    7.631134E-06    7.631134E-06    8.496600E-06    8.496600E-06    8.496600E-06    8.496600E-06
