   9.489328E-05    9.489328E-05    9.489328E-05    9.489328E-05    9.489328E-05    9.489328E-05    9.489328E-05    9.489328E-05    9.489328E-05    9.489328E-05    9.489328E-05    9.489328E-05    9.489328E-05    9.489328E-05    9.489328E-05    9.489328E-05    9.489328E-05    9.489328E-05    9.489328E-05    9.489328E-05
   9.489328E-05    9.489328E-05    9.489328E-05    9.489328E-05    9.489328E-05    9.489328E-05    9.489328E-05    9.489328E-05    9.489328E-05    9.489328E-05    9.489328E-05    9.489328E-05    9.489328E-05    9.489328E-05    9.489328E-05    9.489328E-05    9.489328E-05    9.489328E-05    9.489328E-05    9.489328E-05
   9.489328E-05    9.489328E-05    9.489328E-05    9.489328E-05    9.489328E-05    9.489328E-05    9.489328E-05    9.489328E-05    9.489328E-05    9.489328E-05    9.489328E-05    9.489328E-05    9.489328E-05    9.489328E-05    9.489328E-05    9.489328E-05    9.489328E-05    9.489328E-05    9.489328E-05    9.489328E-05
   9.489328E-05    9.489328E-05    9.489328E-05    9.489328E-05    9.489328E-05    9.489328E-05    9.489328E-05    9.489328E-05    9.489328E-05    9.489328E-05    9.489328E-05    9.489328E-05    9.489328E-05    9.489328E-05    9.489328E-05    9.489328E-05    9.489328E-05    9.489328E-05    9.489328E-05    9.489328E-05
   9.489328E-05    9.489328E-05    9.489328E-05    9.489328E-05    9.489328E-05    9.489328E-05    9.489328E-05    9.489328E-05    9.489328E-05    9.489328E-05    9.489328E-05    9.489328E-05    9.489328E-05    9.489328E-05    9.489328E-05    9.489328E-05    9.489328E-05    9.489328E-05    9.489328E-05    9.489328E-05
   9.489328E-05    9.489328E-05    9.489328E-05    9.489328E-05    9.489328E-05    9.489328E-05    9.489328E-05    9.489328E-05    9.489328E-05    9.489328E-05    9.489328E-05    9.489328E-05    9.489328E-05    9.489328E-05    9.489328E-05    9.489328E-05    9.489328E-05    9.489328E-05    9.489328E-05    9.489328E-05
   9.489328E-05    9.489328E-05    9.489328E-05    9.489328E-05    9.489328E-05    9.489328E-05    9.489328E-05    9.489328E-05    9.489328E-05    9.489328E-05    9.489328E-05    9.489328E-05    9.489328E-05    9.489328E-05    9.489328E-05    9.489328E-05    9.489328E-05    9.489328E-05    9.489328E-05    9.489328E-05
   9.489328E-05    9.489328E-05    9.489328E-05    9.489328E-05    9.489328E-05    9.489328E-05    9.489328E-05    9.489328E-05    9.489328E-05    9.489328E-05    9.489328E-05    9.489328E-05    9.489328E-05    9.489328E-05    9.489328E-05    9.489328E-05    9.489328E-05    9.489328E-05    9.489328E-05    9.489328E-05
   9.489328E-05    9.489328E-05    9.489328E-05    9.489328E-05    1.445639E-04    1.445639E-04    1.445639E-04    9.489328E-05    9.489328E-05    9.489328E-05    9.489328E-05    9.489328E-05    9.489328E-05    9.489328E-05    9.489328E-05    9.489328E-05    9.489328E-05    9.489328E-05    9.489328E-05    9.489328E-05
   9.489328E-05    9.489328E-05    9.489328E-05    9.489328E-05    1.445639E-04    1.445639E-04    1.445639E-04    1.445639E-04    9.489328E-05    9.489328E-05    9.489328E-05    9.489328E-05    9.489328E-05    9.489328E-05    9.489328E-05    9.489328E-05    9.489328E-05    9.489328E-05    9.489328E-05    9.489328E-05
   9.489328E-05    9.489328E-05    9.489328E-05    9.489328E-05    1.445639E-04    1.445639E-04    1.445639E-04    1.445639E-04    9.489328E-05    9.489328E-05    9.489328E-05    9.489328E-05    9.489328E-05    9.489328E-05    9.489328E-05    9.489328E-05    9.489328E-05    9.489328E-05    9.489328E-05    9.489328E-05
   9.489328E-05    9.489328E-05    9.489328E-05    9.489328E-05    1.445639E-04    1.445639E-04    1.445639E-04    1.445639E-04    9.489328E-05    9.489328E-05    9.489328E-05    9.489328E-05    9.489328E-05    9.489328E-05    9.489328E-05    9.489328E-05    9.489328E-05    9.489328E-05    9.489328E-05    9.489328E-05
   9.489328E-05    9.489328E-05    9.489328E-05    9.489328E-05    1.445639E-04    1.445639E-04    1.445639E-04    1.445639E-04    9.489328E-05    9.489328E-05    9.489328E-05    9.489328E-05    9.489328E-05    9.489328E-05    9.489328E-05    9.489328E-05    9.489328E-05    9.489328E-05    9.489328E-05    9.489328E-05
   9.489328E-05    9.489328E-05    9.489328E-05    9.489328E-05    1.445639E-04    1.445639E-04    1.445639E-04    1.445639E-04    9.489328E-05    9.489328E-05    9.489328E-05    9.489328E-05    9.489328E-05    9.489328E-05    9.489328E-05    9.489328E-05    9.489328E-05    9.489328E-05    9.489328E-05    9.489328E-05
   9.489328E-05    9.489328E-05    9.489328E-05    9.489328E-05    1.445639E-04    1.445639E-04    1.445639E-04    1.445639E-04    9.489328E-05    9.489328E-05    9.489328E-05    9.489328E-05    9.489328E-05    9.489328E-05    9.489328E-05    9.489328E-05    9.489328E-05    9.489328E-05    9.489328E-05    9.489328E-05
   9.489328E-05    9.489328E-05    9.489328E-05    9.489328E-05    1.445639E-04    1.445639E-04    1.445639E-04    1.445639E-04    9.489328E-05    9.489328E-05    9.489328E-05    9.489328E-05    9.489328E-05    9.489328E-05    9.489328E-05    9.489328E-05    9.489328E-05    9.489328E-05    9.489328E-05    9.489328E-05
   9.489328E-05    9.489328E-05    9.489328E-05    9.489328E-05    1.445639E-04    1.445639E-04    1.445639E-04    1.445639E-04    9.489328E-05    9.489328E-05    9.489328E-05    9.489328E-05    9.489328E-05    9.489328E-05    9.489328E-05    9.489328E-05    9.489328E-05    9.489328E-05    9.489328E-05    9.489328E-05
   9.489328E-05    9.489328E-05    9.489328E-05    9.489328E-05    1.445639E-04    1.445639E-04    1.445639E-04    1.445639E-04    9.489328E-05    9.489328E-05    9.489328E-05    9.489328E-05    9.489328E-05    9.489328E-05    9.489328E-05    9.489328E-05    9.489328E-05    9.489328E-05    9.489328E-05    9.489328E-05
   9.489328E-05    9.489328E-05    9.489328E-05    9.489328E-05    1.445639E-04    1.445639E-04    1.445639E-04    1.445639E-04    9.489328E-05    9.489328E-05    9.489328E-05    9.489328E-05    9.489328E-05    9.489328E-05    9.489328E-05    9.489328E-05    9.489328E-05    9.489328E-05    9.489328E-05    9.489328E-05
   9.489328E-05    9.489328E-05    9.489328E-05    9.489328E-05    1.445639E-04    1.445639E-04    1.445639E-04    1.445639E-04    9.489328E-05    9.489328E-05    9.489328E-05    9.489328E-05    9.489328E-05    9.489328E-05    9.489328E-05    9.489328E-05    9.489328E-05    9.489328E-05    9.489328E-05    9.489328E-05
   9.489328E-05    9.489328E-05    9.489328E-05    9.489328E-05    1.445639E-04    1.445639E-04    1.445639E-04    1.445639E-04    9.489328E-05    9.489328E-05    9.489328E-05    9.489328E-05    9.489328E-05    9.489328E-05    9.489328E-05    9.489328E-05    9.489328E-05    9.489328E-05    9.489328E-05    9.489328E-05
   9.489328E-05    9.489328E-05    9.489328E-05    9.489328E-05    1.445639E-04    1.445639E-04    9.489328E-05    9.489328E-05    9.489328E-05    9.489328E-05    9.489328E-05    9.489328E-05    9.489328E-05    9.489328E-05    9.489328E-05    9.489328E-05    9.489328E-05    9.489328E-05    9.489328E-05    9.489328E-05
   9.489328E-05    9.489328E-05    9.489328E-05    9.489328E-05    9.489328E-05    1.445639E-04    9.489328E-05    9.489328E-05    9.489328E-05    9.489328E-05    9.489328E-05    9.489328E-05    9.489328E-05    9.489328E-05    9.489328E-05    9.489328E-05    9.489328E-05    9.489328E-05    9.489328E-05    9.489328E-05
   9.489328E-05    9.489328E-05    9.489328E-05    9.489328E-05    9.489328E-05    9.489328E-05    9.489328E-05    9.489328E-05    9.489328E-05    9.489328E-05    9.489328E-05    9.489328E-05    9.489328E-05    9.489328E-05    9.489328E-05    9.489328E-05    9.489328E-05    9.489328E-05    9.489328E-05    9.489328E-05
   9.489328E-05    9.489328E-05    9.489328E-05    9.489328E-05    9.489328E-05    9.489328E-05    9.489328E-05    9.489328E-05    9.489328E-05    9.489328E-05    9.489328E-05    9.489328E-05    9.489328E-05    9.489328E-05    9.489328E-05    9.489328E-05    9.489328E-05    9.489328E-05    9.489328E-05    9.489328E-05
   9.489328E-05    9.489328E-05    9.489328E-05    9.489328E-05    9.489328E-05    9.489328E-05    9.489328E-05    9.489328E-05    9.489328E-05    9.489328E-05    9.489328E-05    9.489328E-05    9.489328E-05    9.489328E-05    9.489328E-05    9.489328E-05    9.489328E-05    9.489328E-05    9.489328E-05    9.489328E-05
   9.489328E-05    9.489328E-05    9.489328E-05    9.489328E-05    9.489328E-05    9.489328E-05    9.489328E-05    9.489328E-05    9.489328E-05    9.489328E-05    9.489328E-05    9.489328E-05    9.489328E-05    9.489328E-05    9.489328E-05    9.489328E-05    9.489328E-05    9.489328E-05    9.489328E-05    9.489328E-05
   9.489328E-05    9.489328E-05    9.489328E-05    9.489328E-05    9.489328E-05    9.489328E-05    9.489328E-05    9.489328E-05    9.489328E-05    9.489328E-05    9.489328E-05    9.489328E-05    9.489328E-05    9.489328E-05    9.489328E-05    9.489328E-05    9.489328E-05    9.489328E-05    9.489328E-05    9.489328E-05
   9.489328E-05    9.489328E-05    9.489328E-05    9.489328E-05    9.489328E-05    9.489328E-05    9.489328E-05    9.489328E-05    9.489328E-05    9.489328E-05    9.489328E-05    9.489328E-05    9.489328E-05    9.489328E-05    9.489328E-05    9.489328E-05    9.489328E-05    9.489328E-05    9.489328E-05    9.489328E-05
   9.489328E-05    9.489328E-05    9.489328E-05    9.489328E-05    9.489328E-05    9.489328E-05    9.489328E-05    9.489328E-05    9.489328E-05    9.489328E-05    9.489328E-05    9.489328E-05    9.489328E-05    9.489328E-05    9.489328E-05    9.489328E-05    9.489328E-05    9.489328E-05    9.489328E-05    9.489328E-05
   9.489328E-05    9.489328E-05    9.489328E-05    9.489328E-05    9.489328E-05    9.489328E-05    9.489328E-05    9.489328E-05    9.489328E-05    9.489328E-05    9.489328E-05    9.489328E-05    9.489328E-05    9.489328E-05    9.489328E-05    9.489328E-05    9.489328E-05    9.489328E-05    9.489328E-05    9.489328E-05
   9.489328E-05    9.489328E-05    9.489328E-05    9.489328E-05    9.489328E-05    9.489328E-05    9.489328E-05    9.489328E-05    9.489328E-05    9.489328E-05    9.489328E-05    9.489328E-05    9.489328E-05    9.489328E-05    9.489328E-05    9.489328E-05    9.489328E-05    9.489328E-05    9.489328E-05    9.489328E-05
   1.445639E-04    9.489328E-05    9.489328E-05    9.489328E-05    9.489328E-05    9.489328E-05    9.489328E-05    9.489328E-05    9.489328E-05    9.489328E-05    9.489328E-05    9.489328E-05    9.489328E-05    9.489328E-05    9.489328E-05    9.489328E-05    9.489328E-05    9.489328E-05    9.489328E-05    9.489328E-05
   1.445639E-04    1.445639E-04    9.489328E-05    9.489328E-05    9.489328E-05    9.489328E-05    9.489328E-05    9.489328E-05    9.489328E-05    9.489328E-05    9.489328E-05    9.489328E-05    9.489328E-05    9.489328E-05    9.489328E-05    9.489328E-05    9.489328E-05    9.489328E-05    9.489328E-05    9.489328E-05
   1.445639E-04    1.445639E-04    1.445639E-04    9.489328E-05    9.489328E-05    9.489328E-05    9.489328E-05    9.489328E-05    9.489328E-05    9.489328E-05    9.489328E-05    9.489328E-05    9.489328E-05    9.489328E-05    9.489328E-05    9.489328E-05    9.489328E-05    9.489328E-05    9.489328E-05    9.489328E-05
   1.445639E-04    1.445639E-04    1.445639E-04    1.445639E-04    9.489328E-05    9.489328E-05    9.489328E-05    9.489328E-05    9.489328E-05    9.489328E-05    9.489328E-05    9.489328E-05    9.489328E-05    9.489328E-05    9.489328E-05    9.489328E-05    9.489328E-05    9.489328E-05    9.489328E-05    1.445639E-04
   1.445639E-04    1.445639E-04    1.445639E-04    1.445639E-04    9.489328E-05    9.489328E-05    9.489328E-05    9.489328E-05    9.489328E-05    9.489328E-05    9.489328E-05    9.489328E-05    9.489328E-05    9.489328E-05    9.489328E-05    9.489328E-05    9.489328E-05    9.489328E-05    9.489328E-05    1.445639E-04
   1.445639E-04    1.445639E-04    1.445639E-04    1.445639E-04    1.445639E-04    9.489328E-05    9.489328E-05    9.489328E-05    9.489328E-05    9.489328E-05    9.489328E-05    9.489328E-05    9.489328E-05    9.489328E-05    9.489328E-05    9.489328E-05    9.489328E-05    9.489328E-05    1.445639E-04    1.445639E-04
   1.445639E-04    1.445639E-04    1.445639E-04    1.445639E-04    1.445639E-04    9.489328E-05    9.489328E-05    9.489328E-05    9.489328E-05    9.489328E-05    9.489328E-05    9.489328E-05    9.489328E-05    9.489328E-05    9.489328E-05    9.489328E-05    9.489328E-05    1.445639E-04    1.445639E-04    1.445639E-04
   1.445639E-04    1.445639E-04    1.445639E-04    1.445639E-04    1.445639E-04    9.489328E-05    9.489328E-05    9.489328E-05    9.489328E-05    9.489328E-05    9.489328E-05    9.489328E-05    9.489328E-05    9.489328E-05    9.489328E-05    9.489328E-05    1.445639E-04    1.445639E-04    1.445639E-04    1.445639E-04
