   5.363114E-05    5.363114E-05    5.363114E-05    5.363114E-05    5.363114E-05    5.363114E-05    5.363114E-05    5.363114E-05    5.363114E-05    5.363114E-05    5.363114E-05    5.363114E-05    5.363114E-05    5.363114E-05    5.363114E-05    5.363114E-05    5.363114E-05    5.363114E-05    5.363114E-05    5.363114E-05
   5.363114E-05    5.363114E-05    5.363114E-05    5.363114E-05    5.363114E-05    5.363114E-05    5.363114E-05    5.363114E-05    5.363114E-05    5.363114E-05    5.363114E-05    5.363114E-05    5.363114E-05    5.363114E-05    5.363114E-05    5.363114E-05    5.363114E-05    5.363114E-05    5.363114E-05    5.363114E-05
   5.363114E-05    5.363114E-05    5.363114E-05    5.363114E-05    5.363114E-05    5.363114E-05    5.363114E-05    5.363114E-05    5.363114E-05    5.363114E-05    5.363114E-05    5.363114E-05    5.363114E-05    5.363114E-05    5.363114E-05    5.363114E-05    5.363114E-05    5.363114E-05    5.363114E-05    5.363114E-05
   5.363114E-05    5.363114E-05    5.363114E-05    5.363114E-05    5.363114E-05    5.363114E-05    5.363114E-05    5.363114E-05    5.363114E-05    5.363114E-05    5.363114E-05    5.363114E-05    5.363114E-05    5.363114E-05    5.363114E-05    5.363114E-05    5.363114E-05    5.363114E-05    5.363114E-05    5.363114E-05
   5.363114E-05    5.363114E-05    5.363114E-05    5.363114E-05    5.363114E-05    5.363114E-05    5.363114E-05    5.363114E-05    5.363114E-05    5.363114E-05    5.363114E-05    5.363114E-05    5.363114E-05    5.363114E-05    5.363114E-05    5.363114E-05    5.363114E-05    5.363114E-05    5.363114E-05    5.363114E-05
   5.363114E-05    5.363114E-05    5.363114E-05    5.363114E-05    5.363114E-05    5.363114E-05    5.363114E-05    5.363114E-05    5.363114E-05    5.363114E-05    5.363114E-05    5.363114E-05    5.363114E-05    5.363114E-05    5.363114E-05    5.363114E-05    5.363114E-05    5.363114E-05    5.363114E-05    5.363114E-05
   5.363114E-05    5.363114E-05    5.363114E-05    5.363114E-05    5.363114E-05    5.363114E-05    5.363114E-05    5.363114E-05    5.363114E-05    5.363114E-05    5.363114E-05    5.363114E-05    5.363114E-05    5.363114E-05    5.363114E-05    5.363114E-05    5.363114E-05    5.363114E-05    5.363114E-05    5.363114E-05
   5.363114E-05    5.363114E-05    5.363114E-05    5.363114E-05    5.363114E-05    5.363114E-05    5.363114E-05    5.363114E-05    5.363114E-05    5.363114E-05    5.363114E-05    5.363114E-05    5.363114E-05    5.363114E-05    5.363114E-05    5.363114E-05    5.363114E-05    5.363114E-05    5.363114E-05    5.363114E-05
   5.363114E-05    5.363114E-05    5.363114E-05    5.363114E-05    6.155115E-05    6.155115E-05    6.155115E-05    5.363114E-05    5.363114E-05    5.363114E-05    5.363114E-05    5.363114E-05    5.363114E-05    5.363114E-05    5.363114E-05    5.363114E-05    5.363114E-05    5.363114E-05    5.363114E-05    5.363114E-05
   5.363114E-05    5.363114E-05    5.363114E-05    5.363114E-05    6.155115E-05    6.155115E-05    6.155115E-05    6.155115E-05    5.363114E-05    5.363114E-05    5.363114E-05    5.363114E-05    5.363114E-05    5.363114E-05    5.363114E-05    5.363114E-05    5.363114E-05    5.363114E-05    5.363114E-05    5.363114E-05
   5.363114E-05    5.363114E-05    5.363114E-05    5.363114E-05    6.155115E-05    6.155115E-05    6.155115E-05    6.155115E-05    5.363114E-05    5.363114E-05    5.363114E-05    5.363114E-05    5.363114E-05    5.363114E-05    5.363114E-05    5.363114E-05    5.363114E-05    5.363114E-05    5.363114E-05    5.363114E-05
   5.363114E-05    5.363114E-05    5.363114E-05    5.363114E-05    6.155115E-05    6.155115E-05    6.155115E-05    6.155115E-05    5.363114E-05    5.363114E-05    5.363114E-05    5.363114E-05    5.363114E-05    5.363114E-05    5.363114E-05    5.363114E-05    5.363114E-05    5.363114E-05    5.363114E-05    5.363114E-05
   5.363114E-05    5.363114E-05    5.363114E-05    5.363114E-05    6.155115E-05    6.155115E-05    6.155115E-05    6.155115E-05    5.363114E-05    5.363114E-05    5.363114E-05    5.363114E-05    5.363114E-05    5.363114E-05    5.363114E-05    5.363114E-05    5.363114E-05    5.363114E-05    5.363114E-05    5.363114E-05
   5.363114E-05    5.363114E-05    5.363114E-05    5.363114E-05    6.155115E-05    6.155115E-05    6.155115E-05    6.155115E-05    5.363114E-05    5.363114E-05    5.363114E-05    5.363114E-05    5.363114E-05    5.363114E-05    5.363114E-05    5.363114E-05    5.363114E-05    5.363114E-05    5.363114E-05    5.363114E-05
   5.363114E-05    5.363114E-05    5.363114E-05    5.363114E-05    6.155115E-05    6.155115E-05    6.155115E-05    6.155115E-05    5.363114E-05    5.363114E-05    5.363114E-05    5.363114E-05    5.363114E-05    5.363114E-05    5.363114E-05    5.363114E-05    5.363114E-05    5.363114E-05    5.363114E-05    5.363114E-05
   5.363114E-05    5.363114E-05    5.363114E-05    5.363114E-05    6.155115E-05    6.155115E-05    6.155115E-05    6.155115E-05    5.363114E-05    5.363114E-05    5.363114E-05    5.363114E-05    5.363114E-05    5.363114E-05    5.363114E-05    5.363114E-05    5.363114E-05    5.363114E-05    5.363114E-05    5.363114E-05
   5.363114E-05    5.363114E-05    5.363114E-05    5.363114E-05    6.155115E-05    6.155115E-05    6.155115E-05    6.155115E-05    5.363114E-05    5.363114E-05    5.363114E-05    5.363114E-05    5.363114E-05    5.363114E-05    5.363114E-05    5.363114E-05    5.363114E-05    5.363114E-05    5.363114E-05    5.363114E-05
   5.363114E-05    5.363114E-05    5.363114E-05    5.363114E-05    6.155115E-05    6.155115E-05    6.155115E-05    6.155115E-05    5.363114E-05    5.363114E-05    5.363114E-05    5.363114E-05    5.363114E-05    5.363114E-05    5.363114E-05    5.363114E-05    5.363114E-05    5.363114E-05    5.363114E-05    5.363114E-05
   5.363114E-05    5.363114E-05    5.363114E-05    5.363114E-05    6.155115E-05    6.155115E-05    6.155115E-05    6.155115E-05    5.363114E-05    5.363114E-05    5.363114E-05    5.363114E-05    5.363114E-05    5.363114E-05    5.363114E-05    5.363114E-05    5.363114E-05    5.363114E-05    5.363114E-05    5.363114E-05
   5.363114E-05    5.363114E-05    5.363114E-05    5.363114E-05    6.155115E-05    6.155115E-05    6.155115E-05    6.155115E-05    5.363114E-05    5.363114E-05    5.363114E-05    5.363114E-05    5.363114E-05    5.363114E-05    5.363114E-05    5.363114E-05    5.363114E-05    5.363114E-05    5.363114E-05    5.363114E-05
   5.363114E-05    5.363114E-05    5.363114E-05    5.363114E-05    6.155115E-05    6.155115E-05    6.155115E-05    6.155115E-05    5.363114E-05    5.363114E-05    5.363114E-05    5.363114E-05    5.363114E-05    5.363114E-05    5.363114E-05    5.363114E-05    5.363114E-05    5.363114E-05    5.363114E-05    5.363114E-05
   5.363114E-05    5.363114E-05    5.363114E-05    5.363114E-05    6.155115E-05    6.155115E-05    5.363114E-05    5.363114E-05    5.363114E-05    5.363114E-05    5.363114E-05    5.363114E-05    5.363114E-05    5.363114E-05    5.363114E-05    5.363114E-05    5.363114E-05    5.363114E-05    5.363114E-05    5.363114E-05
   5.363114E-05    5.363114E-05    5.363114E-05    5.363114E-05    5.363114E-05    6.155115E-05    5.363114E-05    5.363114E-05    5.363114E-05    5.363114E-05    5.363114E-05    5.363114E-05    5.363114E-05    5.363114E-05    5.363114E-05    5.363114E-05    5.363114E-05    5.363114E-05    5.363114E-05    5.363114E-05
   5.363114E-05    5.363114E-05    5.363114E-05    5.363114E-05    5.363114E-05    5.363114E-05    5.363114E-05    5.363114E-05    5.363114E-05    5.363114E-05    5.363114E-05    5.363114E-05    5.363114E-05    5.363114E-05    5.363114E-05    5.363114E-05    5.363114E-05    5.363114E-05    5.363114E-05    5.363114E-05
   5.363114E-05    5.363114E-05    5.363114E-05    5.363114E-05    5.363114E-05    5.363114E-05    5.363114E-05    5.363114E-05    5.363114E-05    5.363114E-05    5.363114E-05    5.363114E-05    5.363114E-05    5.363114E-05    5.363114E-05    5.363114E-05    5.363114E-05    5.363114E-05    5.363114E-05    5.363114E-05
   5.363114E-05    5.363114E-05    5.363114E-05    5.363114E-05    5.363114E-05    5.363114E-05    5.363114E-05    5.363114E-05    5.363114E-05    5.363114E-05    5.363114E-05    5.363114E-05    5.363114E-05    5.363114E-05    5.363114E-05    5.363114E-05    5.363114E-05    5.363114E-05    5.363114E-05    5.363114E-05
   5.363114E-05    5.363114E-05    5.363114E-05    5.363114E-05    5.363114E-05    5.363114E-05    5.363114E-05    5.363114E-05    5.363114E-05    5.363114E-05    5.363114E-05    5.363114E-05    5.363114E-05    5.363114E-05    5.363114E-05    5.363114E-05    5.363114E-05    5.363114E-05    5.363114E-05    5.363114E-05
   5.363114E-05    5.363114E-05    5.363114E-05    5.363114E-05    5.363114E-05    5.363114E-05    5.363114E-05    5.363114E-05    5.363114E-05    5.363114E-05    5.363114E-05    5.363114E-05    5.363114E-05    5.363114E-05    5.363114E-05    5.363114E-05    5.363114E-05    5.363114E-05    5.363114E-05    5.363114E-05
   5.363114E-05    5.363114E-05    5.363114E-05    5.363114E-05    5.363114E-05    5.363114E-05    5.363114E-05    5.363114E-05    5.363114E-05    5.363114E-05    5.363114E-05    5.363114E-05    5.363114E-05    5.363114E-05    5.363114E-05    5.363114E-05    5.363114E-05    5.363114E-05    5.363114E-05    5.363114E-05
   5.363114E-05    5.363114E-05    5.363114E-05    5.363114E-05    5.363114E-05    5.363114E-05    5.363114E-05    5.363114E-05    5.363114E-05    5.363114E-05    5.363114E-05    5.363114E-05    5.363114E-05    5.363114E-05    5.363114E-05    5.363114E-05    5.363114E-05    5.363114E-05    5.363114E-05    5.363114E-05
   5.363114E-05    5.363114E-05    5.363114E-05    5.363114E-05    5.363114E-05    5.363114E-05    5.363114E-05    5.363114E-05    5.363114E-05    5.363114E-05    5.363114E-05    5.363114E-05    5.363114E-05    5.363114E-05    5.363114E-05    5.363114E-05    5.363114E-05    5.363114E-05    5.363114E-05    5.363114E-05
   5.363114E-05    5.363114E-05    5.363114E-05    5.363114E-05    5.363114E-05    5.363114E-05    5.363114E-05    5.363114E-05    5.363114E-05    5.363114E-05    5.363114E-05    5.363114E-05    5.363114E-05    5.363114E-05    5.363114E-05    5.363114E-05    5.363114E-05    5.363114E-05    5.363114E-05    5.363114E-05
   6.155115E-05    5.363114E-05    5.363114E-05    5.363114E-05    5.363114E-05    5.363114E-05    5.363114E-05    5.363114E-05    5.363114E-05    5.363114E-05    5.363114E-05    5.363114E-05    5.363114E-05    5.363114E-05    5.363114E-05    5.363114E-05    5.363114E-05    5.363114E-05    5.363114E-05    5.363114E-05
   6.155115E-05    6.155115E-05    5.363114E-05    5.363114E-05    5.363114E-05    5.363114E-05    5.363114E-05    5.363114E-05    5.363114E-05    5.363114E-05    5.363114E-05    5.363114E-05    5.363114E-05    5.363114E-05    5.363114E-05    5.363114E-05    5.363114E-05    5.363114E-05    5.363114E-05    5.363114E-05
   6.155115E-05    6.155115E-05    6.155115E-05    5.363114E-05    5.363114E-05    5.363114E-05    5.363114E-05    5.363114E-05    5.363114E-05    5.363114E-05    5.363114E-05    5.363114E-05    5.363114E-05    5.363114E-05    5.363114E-05    5.363114E-05    5.363114E-05    5.363114E-05    5.363114E-05    5.363114E-05
   6.155115E-05    6.155115E-05    6.155115E-05    6.155115E-05    5.363114E-05    5.363114E-05    5.363114E-05    5.363114E-05    5.363114E-05    5.363114E-05    5.363114E-05    5.363114E-05    5.363114E-05    5.363114E-05    5.363114E-05    5.363114E-05    5.363114E-05    5.363114E-05    5.363114E-05    6.155115E-05
   6.155115E-05    6.155115E-05    6.155115E-05    6.155115E-05    5.363114E-05    5.363114E-05    5.363114E-05    5.363114E-05    5.363114E-05    5.363114E-05    5.363114E-05    5.363114E-05    5.363114E-05    5.363114E-05    5.363114E-05    5.363114E-05    5.363114E-05    5.363114E-05    5.363114E-05    6.155115E-05
   6.155115E-05    6.155115E-05    6.155115E-05    6.155115E-05    6.155115E-05    5.363114E-05    5.363114E-05    5.363114E-05    5.363114E-05    5.363114E-05    5.363114E-05    5.363114E-05    5.363114E-05    5.363114E-05    5.363114E-05    5.363114E-05    5.363114E-05    5.363114E-05    6.155115E-05    6.155115E-05
   6.155115E-05    6.155115E-05    6.155115E-05    6.155115E-05    6.155115E-05    5.363114E-05    5.363114E-05    5.363114E-05    5.363114E-05    5.363114E-05    5.363114E-05    5.363114E-05    5.363114E-05    5.363114E-05    5.363114E-05    5.363114E-05    5.363114E-05    6.155115E-05    6.155115E-05    6.155115E-05
   6.155115E-05    6.155115E-05    6.155115E-05    6.155115E-05    6.155115E-05    5.363114E-05    5.363114E-05    5.363114E-05    5.363114E-05    5.363114E-05    5.363114E-05    5.363114E-05    5.363114E-05    5.363114E-05    5.363114E-05    5.363114E-05    6.155115E-05    6.155115E-05    6.155115E-05    6.155115E-05
