   1.248311E-04    1.248311E-04    1.248311E-04    1.248311E-04    1.248311E-04    1.248311E-04    1.248311E-04    1.248311E-04    1.248311E-04    1.248311E-04    1.248311E-04    1.248311E-04    1.248311E-04    1.248311E-04    1.248311E-04    1.248311E-04    1.248311E-04    1.248311E-04    1.248311E-04    1.248311E-04
   1.248311E-04    1.248311E-04    1.248311E-04    1.248311E-04    1.248311E-04    1.248311E-04    1.248311E-04    1.248311E-04    1.248311E-04    1.248311E-04    1.248311E-04    1.248311E-04    1.248311E-04    1.248311E-04    1.248311E-04    1.248311E-04    1.248311E-04    1.248311E-04    1.248311E-04    1.248311E-04
   1.248311E-04    1.248311E-04    1.248311E-04    1.248311E-04    1.248311E-04    1.248311E-04    1.248311E-04    1.248311E-04    1.248311E-04    1.248311E-04    1.248311E-04    1.248311E-04    1.248311E-04    1.248311E-04    1.248311E-04    1.248311E-04    1.248311E-04    1.248311E-04    1.248311E-04    1.248311E-04
   1.248311E-04    1.248311E-04    1.248311E-04    1.248311E-04    1.248311E-04    1.248311E-04    1.248311E-04    1.248311E-04    1.248311E-04    1.248311E-04    1.248311E-04    1.248311E-04    1.248311E-04    1.248311E-04    1.248311E-04    1.248311E-04    1.248311E-04    1.248311E-04    1.248311E-04    1.248311E-04
   1.248311E-04    1.248311E-04    1.248311E-04    1.248311E-04    1.248311E-04    1.248311E-04    1.248311E-04    1.248311E-04    1.248311E-04    1.248311E-04    1.248311E-04    1.248311E-04    1.248311E-04    1.248311E-04    1.248311E-04    1.248311E-04    1.248311E-04    1.248311E-04    1.248311E-04    1.248311E-04
   1.248311E-04    1.248311E-04    1.248311E-04    1.248311E-04    1.248311E-04    1.248311E-04    1.248311E-04    1.248311E-04    1.248311E-04    1.248311E-04    1.248311E-04    1.248311E-04    1.248311E-04    1.248311E-04    1.248311E-04    1.248311E-04    1.248311E-04    1.248311E-04    1.248311E-04    1.248311E-04
   1.248311E-04    1.248311E-04    1.248311E-04    1.248311E-04    1.248311E-04    1.248311E-04    1.248311E-04    1.248311E-04    1.248311E-04    1.248311E-04    1.248311E-04    1.248311E-04    1.248311E-04    1.248311E-04    1.248311E-04    1.248311E-04    1.248311E-04    1.248311E-04    1.248311E-04    1.248311E-04
   1.248311E-04    1.248311E-04    1.248311E-04    1.248311E-04    1.248311E-04    1.248311E-04    1.248311E-04    1.248311E-04    1.248311E-04    1.248311E-04    1.248311E-04    1.248311E-04    1.248311E-04    1.248311E-04    1.248311E-04    1.248311E-04    1.248311E-04    1.248311E-04    1.248311E-04    1.248311E-04
   1.248311E-04    1.248311E-04    1.248311E-04    1.248311E-04    1.413875E-04    1.413875E-04    1.413875E-04    1.248311E-04    1.248311E-04    1.248311E-04    1.248311E-04    1.248311E-04    1.248311E-04    1.248311E-04    1.248311E-04    1.248311E-04    1.248311E-04    1.248311E-04    1.248311E-04    1.248311E-04
   1.248311E-04    1.248311E-04    1.248311E-04    1.248311E-04    1.413875E-04    1.413875E-04    1.413875E-04    1.413875E-04    1.248311E-04    1.248311E-04    1.248311E-04    1.248311E-04    1.248311E-04    1.248311E-04    1.248311E-04    1.248311E-04    1.248311E-04    1.248311E-04    1.248311E-04    1.248311E-04
   1.248311E-04    1.248311E-04    1.248311E-04    1.248311E-04    1.413875E-04    1.413875E-04    1.413875E-04    1.413875E-04    1.248311E-04    1.248311E-04    1.248311E-04    1.248311E-04    1.248311E-04    1.248311E-04    1.248311E-04    1.248311E-04    1.248311E-04    1.248311E-04    1.248311E-04    1.248311E-04
   1.248311E-04    1.248311E-04    1.248311E-04    1.248311E-04    1.413875E-04    1.413875E-04    1.413875E-04    1.413875E-04    1.248311E-04    1.248311E-04    1.248311E-04    1.248311E-04    1.248311E-04    1.248311E-04    1.248311E-04    1.248311E-04    1.248311E-04    1.248311E-04    1.248311E-04    1.248311E-04
   1.248311E-04    1.248311E-04    1.248311E-04    1.248311E-04    1.413875E-04    1.413875E-04    1.413875E-04    1.413875E-04    1.248311E-04    1.248311E-04    1.248311E-04    1.248311E-04    1.248311E-04    1.248311E-04    1.248311E-04    1.248311E-04    1.248311E-04    1.248311E-04    1.248311E-04    1.248311E-04
   1.248311E-04    1.248311E-04    1.248311E-04    1.248311E-04    1.413875E-04    1.413875E-04    1.413875E-04    1.413875E-04    1.248311E-04    1.248311E-04    1.248311E-04    1.248311E-04    1.248311E-04    1.248311E-04    1.248311E-04    1.248311E-04    1.248311E-04    1.248311E-04    1.248311E-04    1.248311E-04
   1.248311E-04    1.248311E-04    1.248311E-04    1.248311E-04    1.413875E-04    1.413875E-04    1.413875E-04    1.413875E-04    1.248311E-04    1.248311E-04    1.248311E-04    1.248311E-04    1.248311E-04    1.248311E-04    1.248311E-04    1.248311E-04    1.248311E-04    1.248311E-04    1.248311E-04    1.248311E-04
   1.248311E-04    1.248311E-04    1.248311E-04    1.248311E-04    1.413875E-04    1.413875E-04    1.413875E-04    1.413875E-04    1.248311E-04    1.248311E-04    1.248311E-04    1.248311E-04    1.248311E-04    1.248311E-04    1.248311E-04    1.248311E-04    1.248311E-04    1.248311E-04    1.248311E-04    1.248311E-04
   1.248311E-04    1.248311E-04    1.248311E-04    1.248311E-04    1.413875E-04    1.413875E-04    1.413875E-04    1.413875E-04    1.248311E-04    1.248311E-04    1.248311E-04    1.248311E-04    1.248311E-04    1.248311E-04    1.248311E-04    1.248311E-04    1.248311E-04    1.248311E-04    1.248311E-04    1.248311E-04
   1.248311E-04    1.248311E-04    1.248311E-04    1.248311E-04    1.413875E-04    1.413875E-04    1.413875E-04    1.413875E-04    1.248311E-04    1.248311E-04    1.248311E-04    1.248311E-04    1.248311E-04    1.248311E-04    1.248311E-04    1.248311E-04    1.248311E-04    1.248311E-04    1.248311E-04    1.248311E-04
   1.248311E-04    1.248311E-04    1.248311E-04    1.248311E-04    1.413875E-04    1.413875E-04    1.413875E-04    1.413875E-04    1.248311E-04    1.248311E-04    1.248311E-04    1.248311E-04    1.248311E-04    1.248311E-04    1.248311E-04    1.248311E-04    1.248311E-04    1.248311E-04    1.248311E-04    1.248311E-04
   1.248311E-04    1.248311E-04    1.248311E-04    1.248311E-04    1.413875E-04    1.413875E-04    1.413875E-04    1.413875E-04    1.248311E-04    1.248311E-04    1.248311E-04    1.248311E-04    1.248311E-04    1.248311E-04    1.248311E-04    1.248311E-04    1.248311E-04    1.248311E-04    1.248311E-04    1.248311E-04
   1.248311E-04    1.248311E-04    1.248311E-04    1.248311E-04    1.413875E-04    1.413875E-04    1.413875E-04    1.413875E-04    1.248311E-04    1.248311E-04    1.248311E-04    1.248311E-04    1.248311E-04    1.248311E-04    1.248311E-04    1.248311E-04    1.248311E-04    1.248311E-04    1.248311E-04    1.248311E-04
   1.248311E-04    1.248311E-04    1.248311E-04    1.248311E-04    1.413875E-04    1.413875E-04    1.248311E-04    1.248311E-04    1.248311E-04    1.248311E-04    1.248311E-04    1.248311E-04    1.248311E-04    1.248311E-04    1.248311E-04    1.248311E-04    1.248311E-04    1.248311E-04    1.248311E-04    1.248311E-04
   1.248311E-04    1.248311E-04    1.248311E-04    1.248311E-04    1.248311E-04    1.413875E-04    1.248311E-04    1.248311E-04    1.248311E-04    1.248311E-04    1.248311E-04    1.248311E-04    1.248311E-04    1.248311E-04    1.248311E-04    1.248311E-04    1.248311E-04    1.248311E-04    1.248311E-04    1.248311E-04
   1.248311E-04    1.248311E-04    1.248311E-04    1.248311E-04    1.248311E-04    1.248311E-04    1.248311E-04    1.248311E-04    1.248311E-04    1.248311E-04    1.248311E-04    1.248311E-04    1.248311E-04    1.248311E-04    1.248311E-04    1.248311E-04    1.248311E-04    1.248311E-04    1.248311E-04    1.248311E-04
   1.248311E-04    1.248311E-04    1.248311E-04    1.248311E-04    1.248311E-04    1.248311E-04    1.248311E-04    1.248311E-04    1.248311E-04    1.248311E-04    1.248311E-04    1.248311E-04    1.248311E-04    1.248311E-04    1.248311E-04    1.248311E-04    1.248311E-04    1.248311E-04    1.248311E-04    1.248311E-04
   1.248311E-04    1.248311E-04    1.248311E-04    1.248311E-04    1.248311E-04    1.248311E-04    1.248311E-04    1.248311E-04    1.248311E-04    1.248311E-04    1.248311E-04    1.248311E-04    1.248311E-04    1.248311E-04    1.248311E-04    1.248311E-04    1.248311E-04    1.248311E-04    1.248311E-04    1.248311E-04
   1.248311E-04    1.248311E-04    1.248311E-04    1.248311E-04    1.248311E-04    1.248311E-04    1.248311E-04    1.248311E-04    1.248311E-04    1.248311E-04    1.248311E-04    1.248311E-04    1.248311E-04    1.248311E-04    1.248311E-04    1.248311E-04    1.248311E-04    1.248311E-04    1.248311E-04    1.248311E-04
   1.248311E-04    1.248311E-04    1.248311E-04    1.248311E-04    1.248311E-04    1.248311E-04    1.248311E-04    1.248311E-04    1.248311E-04    1.248311E-04    1.248311E-04    1.248311E-04    1.248311E-04    1.248311E-04    1.248311E-04    1.248311E-04    1.248311E-04    1.248311E-04    1.248311E-04    1.248311E-04
   1.248311E-04    1.248311E-04    1.248311E-04    1.248311E-04    1.248311E-04    1.248311E-04    1.248311E-04    1.248311E-04    1.248311E-04    1.248311E-04    1.248311E-04    1.248311E-04    1.248311E-04    1.248311E-04    1.248311E-04    1.248311E-04    1.248311E-04    1.248311E-04    1.248311E-04    1.248311E-04
   1.248311E-04    1.248311E-04    1.248311E-04    1.248311E-04    1.248311E-04    1.248311E-04    1.248311E-04    1.248311E-04    1.248311E-04    1.248311E-04    1.248311E-04    1.248311E-04    1.248311E-04    1.248311E-04    1.248311E-04    1.248311E-04    1.248311E-04    1.248311E-04    1.248311E-04    1.248311E-04
   1.248311E-04    1.248311E-04    1.248311E-04    1.248311E-04    1.248311E-04    1.248311E-04    1.248311E-04    1.248311E-04    1.248311E-04    1.248311E-04    1.248311E-04    1.248311E-04    1.248311E-04    1.248311E-04    1.248311E-04    1.248311E-04    1.248311E-04    1.248311E-04    1.248311E-04    1.248311E-04
   1.248311E-04    1.248311E-04    1.248311E-04    1.248311E-04    1.248311E-04    1.248311E-04    1.248311E-04    1.248311E-04    1.248311E-04    1.248311E-04    1.248311E-04    1.248311E-04    1.248311E-04    1.248311E-04    1.248311E-04    1.248311E-04    1.248311E-04    1.248311E-04    1.248311E-04    1.248311E-04
   1.413875E-04    1.248311E-04    1.248311E-04    1.248311E-04    1.248311E-04    1.248311E-04    1.248311E-04    1.248311E-04    1.248311E-04    1.248311E-04    1.248311E-04    1.248311E-04    1.248311E-04    1.248311E-04    1.248311E-04    1.248311E-04    1.248311E-04    1.248311E-04    1.248311E-04    1.248311E-04
   1.413875E-04    1.413875E-04    1.248311E-04    1.248311E-04    1.248311E-04    1.248311E-04    1.248311E-04    1.248311E-04    1.248311E-04    1.248311E-04    1.248311E-04    1.248311E-04    1.248311E-04    1.248311E-04    1.248311E-04    1.248311E-04    1.248311E-04    1.248311E-04    1.248311E-04    1.248311E-04
   1.413875E-04    1.413875E-04    1.413875E-04    1.248311E-04    1.248311E-04    1.248311E-04    1.248311E-04    1.248311E-04    1.248311E-04    1.248311E-04    1.248311E-04    1.248311E-04    1.248311E-04    1.248311E-04    1.248311E-04    1.248311E-04    1.248311E-04    1.248311E-04    1.248311E-04    1.248311E-04
   1.413875E-04    1.413875E-04    1.413875E-04    1.413875E-04    1.248311E-04    1.248311E-04    1.248311E-04    1.248311E-04    1.248311E-04    1.248311E-04    1.248311E-04    1.248311E-04    1.248311E-04    1.248311E-04    1.248311E-04    1.248311E-04    1.248311E-04    1.248311E-04    1.248311E-04    1.413875E-04
   1.413875E-04    1.413875E-04    1.413875E-04    1.413875E-04    1.248311E-04    1.248311E-04    1.248311E-04    1.248311E-04    1.248311E-04    1.248311E-04    1.248311E-04    1.248311E-04    1.248311E-04    1.248311E-04    1.248311E-04    1.248311E-04    1.248311E-04    1.248311E-04    1.248311E-04    1.413875E-04
   1.413875E-04    1.413875E-04    1.413875E-04    1.413875E-04    1.413875E-04    1.248311E-04    1.248311E-04    1.248311E-04    1.248311E-04    1.248311E-04    1.248311E-04    1.248311E-04    1.248311E-04    1.248311E-04    1.248311E-04    1.248311E-04    1.248311E-04    1.248311E-04    1.413875E-04    1.413875E-04
   1.413875E-04    1.413875E-04    1.413875E-04    1.413875E-04    1.413875E-04    1.248311E-04    1.248311E-04    1.248311E-04    1.248311E-04    1.248311E-04    1.248311E-04    1.248311E-04    1.248311E-04    1.248311E-04    1.248311E-04    1.248311E-04    1.248311E-04    1.413875E-04    1.413875E-04    1.413875E-04
   1.413875E-04    1.413875E-04    1.413875E-04    1.413875E-04    1.413875E-04    1.248311E-04    1.248311E-04    1.248311E-04    1.248311E-04    1.248311E-04    1.248311E-04    1.248311E-04    1.248311E-04    1.248311E-04    1.248311E-04    1.248311E-04    1.413875E-04    1.413875E-04    1.413875E-04    1.413875E-04
