   8.740178E-05    8.740178E-05    8.740178E-05    8.740178E-05    8.740178E-05    8.740178E-05    8.740178E-05    8.740178E-05    8.740178E-05    8.740178E-05    8.740178E-05    8.740178E-05    8.740178E-05    8.740178E-05    8.740178E-05    8.740178E-05    8.740178E-05    8.740178E-05    8.740178E-05    8.740178E-05
   8.740178E-05    8.740178E-05    8.740178E-05    8.740178E-05    8.740178E-05    8.740178E-05    8.740178E-05    8.740178E-05    8.740178E-05    8.740178E-05    8.740178E-05    8.740178E-05    8.740178E-05    8.740178E-05    8.740178E-05    8.740178E-05    8.740178E-05    8.740178E-05    8.740178E-05    8.740178E-05
   8.740178E-05    8.740178E-05    8.740178E-05    8.740178E-05    8.740178E-05    8.740178E-05    8.740178E-05    8.740178E-05    8.740178E-05    8.740178E-05    8.740178E-05    8.740178E-05    8.740178E-05    8.740178E-05    8.740178E-05    8.740178E-05    8.740178E-05    8.740178E-05    8.740178E-05    8.740178E-05
   8.740178E-05    8.740178E-05    8.740178E-05    8.740178E-05    8.740178E-05    8.740178E-05    8.740178E-05    8.740178E-05    8.740178E-05    8.740178E-05    8.740178E-05    8.740178E-05    8.740178E-05    8.740178E-05    8.740178E-05    8.740178E-05    8.740178E-05    8.740178E-05    8.740178E-05    8.740178E-05
   8.740178E-05    8.740178E-05    8.740178E-05    8.740178E-05    8.740178E-05    8.740178E-05    8.740178E-05    8.740178E-05    8.740178E-05    8.740178E-05    8.740178E-05    8.740178E-05    8.740178E-05    8.740178E-05    8.740178E-05    8.740178E-05    8.740178E-05    8.740178E-05    8.740178E-05    8.740178E-05
   8.740178E-05    8.740178E-05    8.740178E-05    8.740178E-05    8.740178E-05    8.740178E-05    8.740178E-05    8.740178E-05    8.740178E-05    8.740178E-05    8.740178E-05    8.740178E-05    8.740178E-05    8.740178E-05    8.740178E-05    8.740178E-05    8.740178E-05    8.740178E-05    8.740178E-05    8.740178E-05
   8.740178E-05    8.740178E-05    8.740178E-05    8.740178E-05    8.740178E-05    8.740178E-05    8.740178E-05    8.740178E-05    8.740178E-05    8.740178E-05    8.740178E-05    8.740178E-05    8.740178E-05    8.740178E-05    8.740178E-05    8.740178E-05    8.740178E-05    8.740178E-05    8.740178E-05    8.740178E-05
   8.740178E-05    8.740178E-05    8.740178E-05    8.740178E-05    8.740178E-05    8.740178E-05    8.740178E-05    8.740178E-05    8.740178E-05    8.740178E-05    8.740178E-05    8.740178E-05    8.740178E-05    8.740178E-05    8.740178E-05    8.740178E-05    8.740178E-05    8.740178E-05    8.740178E-05    8.740178E-05
   8.740178E-05    8.740178E-05    8.740178E-05    8.740178E-05    8.909820E-05    8.909820E-05    8.909820E-05    8.740178E-05    8.740178E-05    8.740178E-05    8.740178E-05    8.740178E-05    8.740178E-05    8.740178E-05    8.740178E-05    8.740178E-05    8.740178E-05    8.740178E-05    8.740178E-05    8.740178E-05
   8.740178E-05    8.740178E-05    8.740178E-05    8.740178E-05    8.909820E-05    8.909820E-05    8.909820E-05    8.909820E-05    8.740178E-05    8.740178E-05    8.740178E-05    8.740178E-05    8.740178E-05    8.740178E-05    8.740178E-05    8.740178E-05    8.740178E-05    8.740178E-05    8.740178E-05    8.740178E-05
   8.740178E-05    8.740178E-05    8.740178E-05    8.740178E-05    8.909820E-05    8.909820E-05    8.909820E-05    8.909820E-05    8.740178E-05    8.740178E-05    8.740178E-05    8.740178E-05    8.740178E-05    8.740178E-05    8.740178E-05    8.740178E-05    8.740178E-05    8.740178E-05    8.740178E-05    8.740178E-05
   8.740178E-05    8.740178E-05    8.740178E-05    8.740178E-05    8.909820E-05    8.909820E-05    8.909820E-05    8.909820E-05    8.740178E-05    8.740178E-05    8.740178E-05    8.740178E-05    8.740178E-05    8.740178E-05    8.740178E-05    8.740178E-05    8.740178E-05    8.740178E-05    8.740178E-05    8.740178E-05
   8.740178E-05    8.740178E-05    8.740178E-05    8.740178E-05    8.909820E-05    8.909820E-05    8.909820E-05    8.909820E-05    8.740178E-05    8.740178E-05    8.740178E-05    8.740178E-05    8.740178E-05    8.740178E-05    8.740178E-05    8.740178E-05    8.740178E-05    8.740178E-05    8.740178E-05    8.740178E-05
   8.740178E-05    8.740178E-05    8.740178E-05    8.740178E-05    8.909820E-05    8.909820E-05    8.909820E-05    8.909820E-05    8.740178E-05    8.740178E-05    8.740178E-05    8.740178E-05    8.740178E-05    8.740178E-05    8.740178E-05    8.740178E-05    8.740178E-05    8.740178E-05    8.740178E-05    8.740178E-05
   8.740178E-05    8.740178E-05    8.740178E-05    8.740178E-05    8.909820E-05    8.909820E-05    8.909820E-05    8.909820E-05    8.740178E-05    8.740178E-05    8.740178E-05    8.740178E-05    8.740178E-05    8.740178E-05    8.740178E-05    8.740178E-05    8.740178E-05    8.740178E-05    8.740178E-05    8.740178E-05
   8.740178E-05    8.740178E-05    8.740178E-05    8.740178E-05    8.909820E-05    8.909820E-05    8.909820E-05    8.909820E-05    8.740178E-05    8.740178E-05    8.740178E-05    8.740178E-05    8.740178E-05    8.740178E-05    8.740178E-05    8.740178E-05    8.740178E-05    8.740178E-05    8.740178E-05    8.740178E-05
   8.740178E-05    8.740178E-05    8.740178E-05    8.740178E-05    8.909820E-05    8.909820E-05    8.909820E-05    8.909820E-05    8.740178E-05    8.740178E-05    8.740178E-05    8.740178E-05    8.740178E-05    8.740178E-05    8.740178E-05    8.740178E-05    8.740178E-05    8.740178E-05    8.740178E-05    8.740178E-05
   8.740178E-05    8.740178E-05    8.740178E-05    8.740178E-05    8.909820E-05    8.909820E-05    8.909820E-05    8.909820E-05    8.740178E-05    8.740178E-05    8.740178E-05    8.740178E-05    8.740178E-05    8.740178E-05    8.740178E-05    8.740178E-05    8.740178E-05    8.740178E-05    8.740178E-05    8.740178E-05
   8.740178E-05    8.740178E-05    8.740178E-05    8.740178E-05    8.909820E-05    8.909820E-05    8.909820E-05    8.909820E-05    8.740178E-05    8.740178E-05    8.740178E-05    8.740178E-05    8.740178E-05    8.740178E-05    8.740178E-05    8.740178E-05    8.740178E-05    8.740178E-05    8.740178E-05    8.740178E-05
   8.740178E-05    8.740178E-05    8.740178E-05    8.740178E-05    8.909820E-05    8.909820E-05    8.909820E-05    8.909820E-05    8.740178E-05    8.740178E-05    8.740178E-05    8.740178E-05    8.740178E-05    8.740178E-05    8.740178E-05    8.740178E-05    8.740178E-05    8.740178E-05    8.740178E-05    8.740178E-05
   8.740178E-05    8.740178E-05    8.740178E-05    8.740178E-05    8.909820E-05    8.909820E-05    8.909820E-05    8.909820E-05    8.740178E-05    8.740178E-05    8.740178E-05    8.740178E-05    8.740178E-05    8.740178E-05    8.740178E-05    8.740178E-05    8.740178E-05    8.740178E-05    8.740178E-05    8.740178E-05
   8.740178E-05    8.740178E-05    8.740178E-05    8.740178E-05    8.909820E-05    8.909820E-05    8.740178E-05    8.740178E-05    8.740178E-05    8.740178E-05    8.740178E-05    8.740178E-05    8.740178E-05    8.740178E-05    8.740178E-05    8.740178E-05    8.740178E-05    8.740178E-05    8.740178E-05    8.740178E-05
   8.740178E-05    8.740178E-05    8.740178E-05    8.740178E-05    8.740178E-05    8.909820E-05    8.740178E-05    8.740178E-05    8.740178E-05    8.740178E-05    8.740178E-05    8.740178E-05    8.740178E-05    8.740178E-05    8.740178E-05    8.740178E-05    8.740178E-05    8.740178E-05    8.740178E-05    8.740178E-05
   8.740178E-05    8.740178E-05    8.740178E-05    8.740178E-05    8.740178E-05    8.740178E-05    8.740178E-05    8.740178E-05    8.740178E-05    8.740178E-05    8.740178E-05    8.740178E-05    8.740178E-05    8.740178E-05    8.740178E-05    8.740178E-05    8.740178E-05    8.740178E-05    8.740178E-05    8.740178E-05
   8.740178E-05    8.740178E-05    8.740178E-05    8.740178E-05    8.740178E-05    8.740178E-05    8.740178E-05    8.740178E-05    8.740178E-05    8.740178E-05    8.740178E-05    8.740178E-05    8.740178E-05    8.740178E-05    8.740178E-05    8.740178E-05    8.740178E-05    8.740178E-05    8.740178E-05    8.740178E-05
   8.740178E-05    8.740178E-05    8.740178E-05    8.740178E-05    8.740178E-05    8.740178E-05    8.740178E-05    8.740178E-05    8.740178E-05    8.740178E-05    8.740178E-05    8.740178E-05    8.740178E-05    8.740178E-05    8.740178E-05    8.740178E-05    8.740178E-05    8.740178E-05    8.740178E-05    8.740178E-05
   8.740178E-05    8.740178E-05    8.740178E-05    8.740178E-05    8.740178E-05    8.740178E-05    8.740178E-05    8.740178E-05    8.740178E-05    8.740178E-05    8.740178E-05    8.740178E-05    8.740178E-05    8.740178E-05    8.740178E-05    8.740178E-05    8.740178E-05    8.740178E-05    8.740178E-05    8.740178E-05
   8.740178E-05    8.740178E-05    8.740178E-05    8.740178E-05    8.740178E-05    8.740178E-05    8.740178E-05    8.740178E-05    8.740178E-05    8.740178E-05    8.740178E-05    8.740178E-05    8.740178E-05    8.740178E-05    8.740178E-05    8.740178E-05    8.740178E-05    8.740178E-05    8.740178E-05    8.740178E-05
   8.740178E-05    8.740178E-05    8.740178E-05    8.740178E-05    8.740178E-05    8.740178E-05    8.740178E-05    8.740178E-05    8.740178E-05    8.740178E-05    8.740178E-05    8.740178E-05    8.740178E-05    8.740178E-05    8.740178E-05    8.740178E-05    8.740178E-05    8.740178E-05    8.740178E-05    8.740178E-05
   8.740178E-05    8.740178E-05    8.740178E-05    8.740178E-05    8.740178E-05    8.740178E-05    8.740178E-05    8.740178E-05    8.740178E-05    8.740178E-05    8.740178E-05    8.740178E-05    8.740178E-05    8.740178E-05    8.740178E-05    8.740178E-05    8.740178E-05    8.740178E-05    8.740178E-05    8.740178E-05
   8.740178E-05    8.740178E-05    8.740178E-05    8.740178E-05    8.740178E-05    8.740178E-05    8.740178E-05    8.740178E-05    8.740178E-05    8.740178E-05    8.740178E-05    8.740178E-05    8.740178E-05    8.740178E-05    8.740178E-05    8.740178E-05    8.740178E-05    8.740178E-05    8.740178E-05    8.740178E-05
   8.740178E-05    8.740178E-05    8.740178E-05    8.740178E-05    8.740178E-05    8.740178E-05    8.740178E-05    8.740178E-05    8.740178E-05    8.740178E-05    8.740178E-05    8.740178E-05    8.740178E-05    8.740178E-05    8.740178E-05    8.740178E-05    8.740178E-05    8.740178E-05    8.740178E-05    8.740178E-05
   8.909820E-05    8.740178E-05    8.740178E-05    8.740178E-05    8.740178E-05    8.740178E-05    8.740178E-05    8.740178E-05    8.740178E-05    8.740178E-05    8.740178E-05    8.740178E-05    8.740178E-05    8.740178E-05    8.740178E-05    8.740178E-05    8.740178E-05    8.740178E-05    8.740178E-05    8.740178E-05
   8.909820E-05    8.909820E-05    8.740178E-05    8.740178E-05    8.740178E-05    8.740178E-05    8.740178E-05    8.740178E-05    8.740178E-05    8.740178E-05    8.740178E-05    8.740178E-05    8.740178E-05    8.740178E-05    8.740178E-05    8.740178E-05    8.740178E-05    8.740178E-05    8.740178E-05    8.740178E-05
   8.909820E-05    8.909820E-05    8.909820E-05    8.740178E-05    8.740178E-05    8.740178E-05    8.740178E-05    8.740178E-05    8.740178E-05    8.740178E-05    8.740178E-05    8.740178E-05    8.740178E-05    8.740178E-05    8.740178E-05    8.740178E-05    8.740178E-05    8.740178E-05    8.740178E-05    8.740178E-05
   8.909820E-05    8.909820E-05    8.909820E-05    8.909820E-05    8.740178E-05    8.740178E-05    8.740178E-05    8.740178E-05    8.740178E-05    8.740178E-05    8.740178E-05    8.740178E-05    8.740178E-05    8.740178E-05    8.740178E-05    8.740178E-05    8.740178E-05    8.740178E-05    8.740178E-05    8.909820E-05
   8.909820E-05    8.909820E-05    8.909820E-05    8.909820E-05    8.740178E-05    8.740178E-05    8.740178E-05    8.740178E-05    8.740178E-05    8.740178E-05    8.740178E-05    8.740178E-05    8.740178E-05    8.740178E-05    8.740178E-05    8.740178E-05    8.740178E-05    8.740178E-05    8.740178E-05    8.909820E-05
   8.909820E-05    8.909820E-05    8.909820E-05    8.909820E-05    8.909820E-05    8.740178E-05    8.740178E-05    8.740178E-05    8.740178E-05    8.740178E-05    8.740178E-05    8.740178E-05    8.740178E-05    8.740178E-05    8.740178E-05    8.740178E-05    8.740178E-05    8.740178E-05    8.909820E-05    8.909820E-05
   8.909820E-05    8.909820E-05    8.909820E-05    8.909820E-05    8.909820E-05    8.740178E-05    8.740178E-05    8.740178E-05    8.740178E-05    8.740178E-05    8.740178E-05    8.740178E-05    8.740178E-05    8.740178E-05    8.740178E-05    8.740178E-05    8.740178E-05    8.909820E-05    8.909820E-05    8.909820E-05
   8.909820E-05    8.909820E-05    8.909820E-05    8.909820E-05    8.909820E-05    8.740178E-05    8.740178E-05    8.740178E-05    8.740178E-05    8.740178E-05    8.740178E-05    8.740178E-05    8.740178E-05    8.740178E-05    8.740178E-05    8.740178E-05    8.909820E-05    8.909820E-05    8.909820E-05    8.909820E-05
