   3.651836E+01    3.649752E+01    3.645643E+01    3.639608E+01    3.631789E+01    3.622367E+01    3.611548E+01    3.599575E+01    3.586646E+01    3.572940E+01    3.558552E+01    3.543428E+01    3.527395E+01    3.510258E+01    3.491846E+01    3.471998E+01    3.476794E+01    3.480392E+01    3.482783E+01    3.483972E+01
   3.652041E+01    3.649923E+01    3.645744E+01    3.639598E+01    3.631634E+01    3.622037E+01    3.611028E+01    3.598865E+01    3.585768E+01    3.571941E+01    3.557509E+01    3.542411E+01    3.526423E+01    3.509340E+01    3.490986E+01    3.471158E+01    3.475939E+01    3.479511E+01    3.481879E+01    3.483056E+01
   3.652464E+01    3.650282E+01    3.645965E+01    3.639602E+01    3.631343E+01    3.621392E+01    3.610000E+01    3.597463E+01    3.584034E+01    3.569961E+01    3.555428E+01    3.540365E+01    3.524436E+01    3.507450E+01    3.489233E+01    3.469540E+01    3.474228E+01    3.477728E+01    3.480053E+01    3.481211E+01
   3.653145E+01    3.650877E+01    3.646368E+01    3.639681E+01    3.630961E+01    3.620452E+01    3.608456E+01    3.595340E+01    3.581429E+01    3.566983E+01    3.552288E+01    3.537235E+01    3.521345E+01    3.504499E+01    3.486517E+01    3.467141E+01    3.471617E+01    3.475000E+01    3.477276E+01    3.478424E+01
   3.654140E+01    3.651786E+01    3.647058E+01    3.639953E+01    3.630575E+01    3.619244E+01    3.606349E+01    3.592366E+01    3.577808E+01    3.562945E+01    3.547977E+01    3.532811E+01    3.517020E+01    3.500393E+01    3.482763E+01    3.463929E+01    3.468033E+01    3.471264E+01    3.473528E+01    3.474700E+01
   3.655506E+01    3.653110E+01    3.648213E+01    3.640638E+01    3.630331E+01    3.617846E+01    3.603620E+01    3.588233E+01    3.572738E+01    3.557436E+01    3.542323E+01    3.527116E+01    3.511451E+01    3.495094E+01    3.477903E+01    3.459764E+01    3.463353E+01    3.466460E+01    3.468818E+01    3.470093E+01
   3.657247E+01    3.654945E+01    3.650106E+01    3.642189E+01    3.630460E+01    3.616439E+01    3.600340E+01    3.582512E+01    3.565786E+01    3.550180E+01    3.535130E+01    3.520073E+01    3.504618E+01    3.488569E+01    3.471842E+01    3.454413E+01    3.457232E+01    3.460434E+01    3.463186E+01    3.464738E+01
   3.659229E+01    3.657287E+01    3.653117E+01    3.645704E+01    3.631097E+01    3.615421E+01    3.597125E+01    3.574074E+01    3.556088E+01    3.540786E+01    3.526297E+01    3.511675E+01    3.496530E+01    3.480785E+01    3.464471E+01    3.447506E+01    3.448847E+01    3.452936E+01    3.456783E+01    3.458940E+01
   3.661035E+01    3.659773E+01    3.657399E+01    3.654649E+01    1.000000E+30    1.000000E+30    1.000000E+30    3.559031E+01    3.542124E+01    3.528993E+01    3.515963E+01    3.502100E+01    3.487266E+01    3.471737E+01    3.455844E+01    3.438623E+01    3.435881E+01    3.443786E+01    3.450124E+01    3.453320E+01
   3.661912E+01    3.661202E+01    3.659977E+01    3.658828E+01    1.000000E+30    1.000000E+30    1.000000E+30    1.000000E+30    3.522817E+01    3.515498E+01    3.504839E+01    3.491841E+01    3.476986E+01    3.461270E+01    3.446701E+01    3.428543E+01    3.410383E+01    3.434324E+01    3.444672E+01    3.448921E+01
   3.661240E+01    3.660865E+01    3.660246E+01    3.659705E+01    1.000000E+30    1.000000E+30    1.000000E+30    1.000000E+30    3.508925E+01    3.503660E+01    3.494443E+01    3.481820E+01    3.465890E+01    3.447881E+01    3.439239E+01    3.428325E+01    3.427547E+01    3.436498E+01    3.443370E+01    3.446794E+01
   3.658666E+01    3.658449E+01    3.658106E+01    3.657838E+01    1.000000E+30    1.000000E+30    1.000000E+30    1.000000E+30    3.498407E+01    3.494083E+01    3.485849E+01    3.473514E+01    3.455191E+01    3.423296E+01    3.432154E+01    3.428179E+01    3.432953E+01    3.438802E+01    3.443559E+01    3.446110E+01
   3.654080E+01    3.653935E+01    3.653723E+01    3.653567E+01    1.000000E+30    1.000000E+30    1.000000E+30    1.000000E+30    3.490326E+01    3.486710E+01    3.479746E+01    3.469568E+01    3.456224E+01    3.441098E+01    3.435990E+01    3.429803E+01    3.435356E+01    3.440260E+01    3.443992E+01    3.445995E+01
   3.647502E+01    3.647391E+01    3.647237E+01    3.647127E+01    1.000000E+30    1.000000E+30    1.000000E+30    1.000000E+30    3.483971E+01    3.480960E+01    3.475219E+01    3.467110E+01    3.457203E+01    3.446854E+01    3.438966E+01    3.431116E+01    3.436502E+01    3.440957E+01    3.444195E+01    3.445903E+01
   3.638979E+01    3.638881E+01    3.638747E+01    3.638651E+01    1.000000E+30    1.000000E+30    1.000000E+30    1.000000E+30    3.478722E+01    3.476191E+01    3.471401E+01    3.464755E+01    3.456772E+01    3.448206E+01    3.439952E+01    3.431430E+01    3.436683E+01    3.440942E+01    3.443966E+01    3.445539E+01
   3.628562E+01    3.628456E+01    3.628311E+01    3.628208E+01    1.000000E+30    1.000000E+30    1.000000E+30    1.000000E+30    3.474086E+01    3.471900E+01    3.467764E+01    3.462010E+01    3.455035E+01    3.447314E+01    3.439244E+01    3.430676E+01    3.435965E+01    3.440229E+01    3.443224E+01    3.444768E+01
   3.616290E+01    3.616148E+01    3.615954E+01    3.615815E+01    1.000000E+30    1.000000E+30    1.000000E+30    1.000000E+30    3.469705E+01    3.467733E+01    3.463975E+01    3.458687E+01    3.452185E+01    3.444856E+01    3.437068E+01    3.428889E+01    3.434385E+01    3.438839E+01    3.441960E+01    3.443560E+01
   3.602221E+01    3.601995E+01    3.601674E+01    3.601440E+01    1.000000E+30    1.000000E+30    1.000000E+30    1.000000E+30    3.465353E+01    3.463493E+01    3.459904E+01    3.454758E+01    3.448307E+01    3.440954E+01    3.433330E+01    3.426016E+01    3.431974E+01    3.436839E+01    3.440238E+01    3.441974E+01
   3.586432E+01    3.586026E+01    3.585427E+01    3.584977E+01    1.000000E+30    1.000000E+30    1.000000E+30    1.000000E+30    3.460915E+01    3.459112E+01    3.455559E+01    3.450312E+01    3.443480E+01    3.435431E+01    3.427352E+01    3.421823E+01    3.428787E+01    3.434391E+01    3.438224E+01    3.440158E+01
   3.569090E+01    3.568317E+01    3.567127E+01    3.566173E+01    1.000000E+30    1.000000E+30    1.000000E+30    1.000000E+30    3.456334E+01    3.454606E+01    3.451080E+01    3.445633E+01    3.438033E+01    3.428064E+01    3.416918E+01    3.415991E+01    3.425096E+01    3.431811E+01    3.436174E+01    3.438322E+01
   3.550547E+01    3.549080E+01    3.546663E+01    3.544484E+01    1.000000E+30    1.000000E+30    1.000000E+30    1.000000E+30    3.451536E+01    3.450026E+01    3.446694E+01    3.441301E+01    3.433127E+01    3.419988E+01    3.394317E+01    3.409323E+01    3.421931E+01    3.429684E+01    3.434414E+01    3.436691E+01
   3.531485E+01    3.528821E+01    3.523975E+01    3.518611E+01    1.000000E+30    1.000000E+30    3.443467E+01    3.444411E+01    3.446305E+01    3.445395E+01    3.442549E+01    3.437945E+01    3.431344E+01    3.422419E+01    3.412290E+01    3.412314E+01    3.421743E+01    3.428683E+01    3.433188E+01    3.435402E+01
   3.513026E+01    3.508713E+01    3.499790E+01    3.485232E+01    3.460712E+01    1.000000E+30    3.440467E+01    3.441419E+01    3.441912E+01    3.440816E+01    3.438342E+01    3.434785E+01    3.430038E+01    3.424160E+01    3.418154E+01    3.414537E+01    3.422161E+01    3.428219E+01    3.432333E+01    3.434400E+01
   3.496815E+01    3.491179E+01    3.479209E+01    3.459711E+01    3.434146E+01    3.429485E+01    3.434465E+01    3.436863E+01    3.437148E+01    3.435724E+01    3.433387E+01    3.430990E+01    3.428004E+01    3.424152E+01    3.419741E+01    3.415298E+01    3.422263E+01    3.427803E+01    3.431609E+01    3.433540E+01
   3.484166E+01    3.477942E+01    3.464117E+01    3.438140E+01    3.384381E+01    3.417706E+01    3.428902E+01    3.432370E+01    3.432116E+01    3.429640E+01    3.426612E+01    3.425907E+01    3.424969E+01    3.422838E+01    3.419487E+01    3.415069E+01    3.421906E+01    3.427222E+01    3.430851E+01    3.432691E+01
   3.475669E+01    3.470269E+01    3.459162E+01    3.442178E+01    3.422506E+01    3.425669E+01    3.428886E+01    3.429525E+01    3.427320E+01    3.422210E+01    3.415580E+01    3.419137E+01    3.421244E+01    3.420873E+01    3.418435E+01    3.414292E+01    3.421188E+01    3.426434E+01    3.429979E+01    3.431768E+01
   3.470497E+01    3.466249E+01    3.458023E+01    3.446831E+01    3.435778E+01    3.431463E+01    3.429356E+01    3.427470E+01    3.423483E+01    3.414406E+01    3.392239E+01    3.411828E+01    3.418089E+01    3.419097E+01    3.417223E+01    3.413286E+01    3.420237E+01    3.425460E+01    3.428963E+01    3.430725E+01
   3.467490E+01    3.464135E+01    3.457773E+01    3.449261E+01    3.440269E+01    3.432997E+01    3.427526E+01    3.425461E+01    3.422851E+01    3.417941E+01    3.411640E+01    3.415662E+01    3.418246E+01    3.418323E+01    3.416215E+01    3.412221E+01    3.419133E+01    3.424320E+01    3.427795E+01    3.429541E+01
   3.465748E+01    3.462948E+01    3.457586E+01    3.450083E+01    3.440963E+01    3.430640E+01    3.420184E+01    3.421919E+01    3.422591E+01    3.421038E+01    3.418793E+01    3.418948E+01    3.418991E+01    3.417855E+01    3.415243E+01    3.411069E+01    3.417877E+01    3.423014E+01    3.426467E+01    3.428206E+01
   3.464716E+01    3.462240E+01    3.457457E+01    3.450436E+01    3.440780E+01    3.426348E+01    3.398601E+01    3.417393E+01    3.422520E+01    3.422868E+01    3.421607E+01    3.420413E+01    3.419021E+01    3.417000E+01    3.413989E+01    3.409710E+01    3.416418E+01    3.421523E+01    3.424972E+01    3.426714E+01
   3.464072E+01    3.461761E+01    3.457492E+01    3.451349E+01    3.443280E+01    3.433230E+01    3.422625E+01    3.424184E+01    3.425119E+01    3.424311E+01    3.422423E+01    3.420178E+01    3.417811E+01    3.415286E+01    3.412173E+01    3.408017E+01    3.414702E+01    3.419826E+01    3.423307E+01    3.425075E+01
   3.463659E+01    3.461171E+01    3.457338E+01    3.452128E+01    3.445709E+01    3.438589E+01    3.432181E+01    3.429446E+01    3.427421E+01    3.424881E+01    3.421700E+01    3.418204E+01    3.414917E+01    3.412329E+01    3.409577E+01    3.405895E+01    3.412693E+01    3.417918E+01    3.421485E+01    3.423313E+01
   1.000000E+30    3.459869E+01    3.456508E+01    3.452081E+01    3.446810E+01    3.441207E+01    3.436013E+01    3.431980E+01    3.428281E+01    3.424200E+01    3.419450E+01    3.414212E+01    3.409515E+01    3.407716E+01    3.406089E+01    3.403342E+01    3.410409E+01    3.415814E+01    3.419530E+01    3.421491E+01
   1.000000E+30    1.000000E+30    3.454703E+01    3.450849E+01    3.446232E+01    3.441425E+01    3.436709E+01    3.432235E+01    3.427625E+01    3.422353E+01    3.415912E+01    3.407936E+01    3.399426E+01    3.401113E+01    3.401899E+01    3.400523E+01    3.407945E+01    3.413543E+01    3.417456E+01    3.419741E+01
   1.000000E+30    1.000000E+30    1.000000E+30    3.448363E+01    3.443836E+01    3.439562E+01    3.435202E+01    3.430697E+01    3.425761E+01    3.419894E+01    3.412208E+01    3.400472E+01    3.377246E+01    3.393573E+01    3.398046E+01    3.397882E+01    3.405466E+01    3.411103E+01    3.415136E+01    3.418385E+01
   1.000000E+30    1.000000E+30    1.000000E+30    1.000000E+30    3.439185E+01    3.435799E+01    3.431873E+01    3.427660E+01    3.422969E+01    3.417499E+01    3.410867E+01    3.402755E+01    3.394193E+01    3.395979E+01    3.396994E+01    3.395972E+01    3.403097E+01    3.408413E+01    3.411722E+01    1.000000E+30
   1.000000E+30    1.000000E+30    1.000000E+30    1.000000E+30    3.435901E+01    3.430580E+01    3.426864E+01    3.423175E+01    3.419097E+01    3.414469E+01    3.409261E+01    3.403729E+01    3.398933E+01    3.397306E+01    3.396144E+01    3.394149E+01    3.400696E+01    3.405873E+01    3.409738E+01    1.000000E+30
   1.000000E+30    1.000000E+30    1.000000E+30    1.000000E+30    1.000000E+30    3.421736E+01    3.419837E+01    3.417136E+01    3.413883E+01    3.410179E+01    3.406172E+01    3.402158E+01    3.398684E+01    3.396325E+01    3.394288E+01    3.391809E+01    3.397822E+01    3.402781E+01    1.000000E+30    1.000000E+30
   1.000000E+30    1.000000E+30    1.000000E+30    1.000000E+30    1.000000E+30    3.412754E+01    3.411601E+01    3.409665E+01    3.407183E+01    3.404314E+01    3.401249E+01    3.398209E+01    3.395467E+01    3.393163E+01    3.391024E+01    3.388630E+01    3.394150E+01    1.000000E+30    1.000000E+30    1.000000E+30
   1.000000E+30    1.000000E+30    1.000000E+30    1.000000E+30    1.000000E+30    3.402867E+01    3.402101E+01    3.400713E+01    3.398866E+01    3.396731E+01    3.394437E+01    3.392131E+01    3.389941E+01    3.387956E+01    3.386133E+01    3.384470E+01    1.000000E+30    1.000000E+30    1.000000E+30    1.000000E+30
