   3.655306E+01    3.653054E+01    3.648623E+01    3.642137E+01    3.633782E+01    3.623778E+01    3.612375E+01    3.599850E+01    3.586430E+01    3.572313E+01    3.557603E+01    3.542251E+01    3.526080E+01    3.508891E+01    3.490498E+01    3.470713E+01    3.475083E+01    3.478311E+01    3.480433E+01    3.481483E+01
   3.655820E+01    3.653522E+01    3.648998E+01    3.642370E+01    3.633833E+01    3.623620E+01    3.611997E+01    3.599259E+01    3.585656E+01    3.571410E+01    3.556654E+01    3.541324E+01    3.525193E+01    3.508052E+01    3.489709E+01    3.469933E+01    3.474301E+01    3.477513E+01    3.479620E+01    3.480662E+01
   3.656881E+01    3.654494E+01    3.649784E+01    3.642872E+01    3.633962E+01    3.623319E+01    3.611250E+01    3.598092E+01    3.584127E+01    3.569618E+01    3.554754E+01    3.539455E+01    3.523376E+01    3.506321E+01    3.488099E+01    3.468438E+01    3.472738E+01    3.475897E+01    3.477974E+01    3.479004E+01
   3.658561E+01    3.656050E+01    3.651071E+01    3.643722E+01    3.634218E+01    3.622889E+01    3.610113E+01    3.596305E+01    3.581815E+01    3.566908E+01    3.551873E+01    3.536580E+01    3.520533E+01    3.503605E+01    3.485598E+01    3.466224E+01    3.470348E+01    3.473417E+01    3.475464E+01    3.476491E+01
   3.660971E+01    3.658321E+01    3.653012E+01    3.645071E+01    3.634689E+01    3.622338E+01    3.608513E+01    3.593745E+01    3.578559E+01    3.563214E+01    3.547894E+01    3.532484E+01    3.516531E+01    3.499806E+01    3.482124E+01    3.463253E+01    3.467052E+01    3.470003E+01    3.472059E+01    3.473120E+01
   3.664233E+01    3.661482E+01    3.655864E+01    3.647199E+01    3.635513E+01    3.621696E+01    3.606337E+01    3.590053E+01    3.573892E+01    3.558106E+01    3.542644E+01    3.527193E+01    3.511358E+01    3.494884E+01    3.477607E+01    3.459380E+01    3.462717E+01    3.465582E+01    3.467755E+01    3.468929E+01
   3.668433E+01    3.665730E+01    3.660040E+01    3.650695E+01    3.636871E+01    3.621050E+01    3.603564E+01    3.584727E+01    3.567341E+01    3.551285E+01    3.535915E+01    3.520625E+01    3.504993E+01    3.488801E+01    3.471944E+01    3.454366E+01    3.456985E+01    3.459984E+01    3.462574E+01    3.464037E+01
   3.673507E+01    3.671179E+01    3.666155E+01    3.657073E+01    3.638665E+01    3.620589E+01    3.600670E+01    3.576516E+01    3.558002E+01    3.542355E+01    3.527604E+01    3.512770E+01    3.497439E+01    3.481520E+01    3.465020E+01    3.447834E+01    3.449026E+01    3.452945E+01    3.456650E+01    3.458727E+01
   3.679047E+01    3.677516E+01    3.674642E+01    3.671309E+01    1.000000E+30    1.000000E+30    1.000000E+30    3.561302E+01    3.544375E+01    3.531087E+01    3.517870E+01    3.503815E+01    3.488780E+01    3.473031E+01    3.456883E+01    3.439353E+01    3.436506E+01    3.444268E+01    3.450480E+01    3.453602E+01
   3.684200E+01    3.683330E+01    3.681842E+01    3.680483E+01    1.000000E+30    1.000000E+30    1.000000E+30    1.000000E+30    3.525686E+01    3.518271E+01    3.507459E+01    3.494266E+01    3.479177E+01    3.463178E+01    3.448267E+01    3.429694E+01    3.411464E+01    3.435277E+01    3.445509E+01    3.449690E+01
   3.688225E+01    3.687783E+01    3.687059E+01    3.686430E+01    1.000000E+30    1.000000E+30    1.000000E+30    1.000000E+30    3.512632E+01    3.507282E+01    3.497906E+01    3.485057E+01    3.468835E+01    3.450460E+01    3.441362E+01    3.429904E+01    3.429067E+01    3.437906E+01    3.444672E+01    3.448033E+01
   3.690642E+01    3.690419E+01    3.690059E+01    3.689745E+01    1.000000E+30    1.000000E+30    1.000000E+30    1.000000E+30    3.503149E+01    3.498724E+01    3.490294E+01    3.477672E+01    3.458973E+01    3.426617E+01    3.434869E+01    3.430200E+01    3.434915E+01    3.440658E+01    3.445312E+01    3.447802E+01
   3.691248E+01    3.691120E+01    3.690917E+01    3.690749E+01    1.000000E+30    1.000000E+30    1.000000E+30    1.000000E+30    3.496303E+01    3.492553E+01    3.485329E+01    3.474770E+01    3.460926E+01    3.445183E+01    3.439329E+01    3.432287E+01    3.437773E+01    3.442566E+01    3.446195E+01    3.448136E+01
   3.690016E+01    3.689928E+01    3.689795E+01    3.689689E+01    1.000000E+30    1.000000E+30    1.000000E+30    1.000000E+30    3.491409E+01    3.488216E+01    3.482123E+01    3.473508E+01    3.462944E+01    3.451802E+01    3.442992E+01    3.434102E+01    3.439403E+01    3.443734E+01    3.446859E+01    3.448502E+01
   3.686989E+01    3.686916E+01    3.686810E+01    3.686728E+01    1.000000E+30    1.000000E+30    1.000000E+30    1.000000E+30    3.487901E+01    3.485119E+01    3.479852E+01    3.472534E+01    3.463708E+01    3.454141E+01    3.444751E+01    3.434971E+01    3.440110E+01    3.444222E+01    3.447118E+01    3.448618E+01
   3.682229E+01    3.682155E+01    3.682050E+01    3.681973E+01    1.000000E+30    1.000000E+30    1.000000E+30    1.000000E+30    3.485359E+01    3.482829E+01    3.478050E+01    3.471410E+01    3.463353E+01    3.454383E+01    3.444922E+01    3.434838E+01    3.439972E+01    3.444053E+01    3.446897E+01    3.448356E+01
   3.675791E+01    3.675699E+01    3.675572E+01    3.675479E+01    1.000000E+30    1.000000E+30    1.000000E+30    1.000000E+30    3.483523E+01    3.481078E+01    3.476455E+01    3.470002E+01    3.462113E+01    3.453226E+01    3.443741E+01    3.433746E+01    3.439027E+01    3.443253E+01    3.446190E+01    3.447689E+01
   3.667731E+01    3.667596E+01    3.667403E+01    3.667261E+01    1.000000E+30    1.000000E+30    1.000000E+30    1.000000E+30    3.482304E+01    3.479776E+01    3.475000E+01    3.468314E+01    3.460087E+01    3.450797E+01    3.441115E+01    3.431636E+01    3.437303E+01    3.441880E+01    3.445054E+01    3.446668E+01
   3.658112E+01    3.657881E+01    3.657541E+01    3.657283E+01    1.000000E+30    1.000000E+30    1.000000E+30    1.000000E+30    3.481783E+01    3.478980E+01    3.473754E+01    3.466447E+01    3.457344E+01    3.446905E+01    3.436350E+01    3.428262E+01    3.434836E+01    3.440080E+01    3.443641E+01    3.445428E+01
   3.647030E+01    3.646605E+01    3.645948E+01    3.645417E+01    1.000000E+30    1.000000E+30    1.000000E+30    1.000000E+30    3.482234E+01    3.478862E+01    3.472883E+01    3.464657E+01    3.454165E+01    3.441279E+01    3.427199E+01    3.423276E+01    3.431874E+01    3.438145E+01    3.442182E+01    3.444158E+01
   3.634679E+01    3.633888E+01    3.632574E+01    3.631370E+01    1.000000E+30    1.000000E+30    1.000000E+30    1.000000E+30    3.484226E+01    3.479611E+01    3.472557E+01    3.463419E+01    3.451614E+01    3.434974E+01    3.405922E+01    3.417443E+01    3.429413E+01    3.436633E+01    3.440983E+01    3.443061E+01
   3.621414E+01    3.620001E+01    3.617394E+01    3.614420E+01    1.000000E+30    1.000000E+30    3.503730E+01    3.498227E+01    3.489002E+01    3.481076E+01    3.472624E+01    3.463131E+01    3.452096E+01    3.439049E+01    3.425000E+01    3.421180E+01    3.429860E+01    3.436188E+01    3.440260E+01    3.442252E+01
   3.607796E+01    3.605567E+01    3.600855E+01    3.592709E+01    3.577606E+01    1.000000E+30    3.507357E+01    3.500203E+01    3.490798E+01    3.481394E+01    3.472060E+01    3.462669E+01    3.452782E+01    3.442226E+01    3.431853E+01    3.424051E+01    3.430823E+01    3.436197E+01    3.439834E+01    3.441656E+01
   3.594622E+01    3.591852E+01    3.586000E+01    3.576216E+01    3.560728E+01    3.537221E+01    3.516279E+01    3.502707E+01    3.490929E+01    3.479989E+01    3.469905E+01    3.460980E+01    3.452311E+01    3.443355E+01    3.434233E+01    3.425327E+01    3.431355E+01    3.436154E+01    3.439447E+01    3.441116E+01
   3.582402E+01    3.579422E+01    3.573287E+01    3.563639E+01    3.550068E+01    3.533018E+01    3.516218E+01    3.501779E+01    3.488578E+01    3.476071E+01    3.464890E+01    3.457274E+01    3.450320E+01    3.442808E+01    3.434522E+01    3.425455E+01    3.431299E+01    3.435833E+01    3.438925E+01    3.440491E+01
   3.571324E+01    3.568317E+01    3.562265E+01    3.553124E+01    3.541056E+01    3.526810E+01    3.512084E+01    3.497947E+01    3.483884E+01    3.469165E+01    3.454528E+01    3.451092E+01    3.447072E+01    3.441210E+01    3.433739E+01    3.424866E+01    3.430742E+01    3.435188E+01    3.438183E+01    3.439692E+01
   3.561389E+01    3.558400E+01    3.552457E+01    3.543664E+01    3.532326E+01    3.519190E+01    3.505510E+01    3.492290E+01    3.478210E+01    3.460480E+01    3.430958E+01    3.443611E+01    3.443831E+01    3.439402E+01    3.432525E+01    3.423877E+01    3.429813E+01    3.434238E+01    3.437193E+01    3.438675E+01
   3.552570E+01    3.549563E+01    3.543610E+01    3.534823E+01    3.523440E+01    3.510114E+01    3.496472E+01    3.485591E+01    3.474533E+01    3.461977E+01    3.448803E+01    3.446516E+01    3.443384E+01    3.438229E+01    3.431264E+01    3.422672E+01    3.428603E+01    3.433014E+01    3.435953E+01    3.437425E+01
   3.544872E+01    3.541782E+01    3.535698E+01    3.526641E+01    3.514518E+01    3.499307E+01    3.482566E+01    3.477136E+01    3.470700E+01    3.462450E+01    3.454002E+01    3.448407E+01    3.443139E+01    3.437069E+01    3.429829E+01    3.421248E+01    3.427128E+01    3.431528E+01    3.434468E+01    3.435943E+01
   3.538372E+01    3.535106E+01    3.528854E+01    3.519592E+01    3.506720E+01    3.488032E+01    3.455364E+01    3.467849E+01    3.466867E+01    3.461359E+01    3.454567E+01    3.448176E+01    3.441911E+01    3.435305E+01    3.427953E+01    3.419510E+01    3.425361E+01    3.429778E+01    3.432746E+01    3.434242E+01
   3.533246E+01    3.529528E+01    3.523127E+01    3.514245E+01    3.502791E+01    3.488713E+01    3.473522E+01    3.469940E+01    3.465659E+01    3.459746E+01    3.452960E+01    3.446056E+01    3.439267E+01    3.432535E+01    3.425399E+01    3.417358E+01    3.423268E+01    3.427764E+01    3.430805E+01    3.432346E+01
   3.529948E+01    3.524751E+01    3.517999E+01    3.509568E+01    3.499592E+01    3.488579E+01    3.477967E+01    3.470781E+01    3.464236E+01    3.457237E+01    3.449738E+01    3.442099E+01    3.434841E+01    3.428431E+01    3.421990E+01    3.414724E+01    3.420838E+01    3.425503E+01    3.428678E+01    3.430304E+01
   1.000000E+30    3.519657E+01    3.512676E+01    3.504581E+01    3.495565E+01    3.486173E+01    3.477115E+01    3.469143E+01    3.461492E+01    3.453516E+01    3.444980E+01    3.436090E+01    3.427863E+01    3.422622E+01    3.417645E+01    3.411624E+01    3.418106E+01    3.423030E+01    3.426410E+01    3.428203E+01
   1.000000E+30    1.000000E+30    3.506612E+01    3.498673E+01    3.490080E+01    3.481610E+01    3.473367E+01    3.465412E+01    3.457357E+01    3.448700E+01    3.438966E+01    3.427808E+01    3.416201E+01    3.414802E+01    3.412574E+01    3.408242E+01    3.415187E+01    3.420394E+01    3.424042E+01    3.426206E+01
   1.000000E+30    1.000000E+30    1.000000E+30    3.491595E+01    3.482659E+01    3.475023E+01    3.467555E+01    3.460034E+01    3.452131E+01    3.443355E+01    3.432838E+01    3.418360E+01    3.392492E+01    3.406036E+01    3.407827E+01    3.405034E+01    3.412260E+01    3.417609E+01    3.421463E+01    3.424681E+01
   1.000000E+30    1.000000E+30    1.000000E+30    1.000000E+30    3.472136E+01    3.466477E+01    3.460023E+01    3.453288E+01    3.446101E+01    3.438170E+01    3.429125E+01    3.418650E+01    3.407755E+01    3.407186E+01    3.405881E+01    3.402565E+01    3.409464E+01    3.414603E+01    3.417819E+01    1.000000E+30
   1.000000E+30    1.000000E+30    1.000000E+30    1.000000E+30    3.465450E+01    3.456924E+01    3.450994E+01    3.445256E+01    3.439141E+01    3.432473E+01    3.425236E+01    3.417698E+01    3.410910E+01    3.407293E+01    3.404158E+01    3.400204E+01    3.406671E+01    3.411797E+01    3.415671E+01    1.000000E+30
   1.000000E+30    1.000000E+30    1.000000E+30    1.000000E+30    1.000000E+30    3.442930E+01    3.439962E+01    3.435836E+01    3.431008E+01    3.425656E+01    3.419975E+01    3.414287E+01    3.409147E+01    3.405131E+01    3.401457E+01    3.397355E+01    3.403449E+01    3.408504E+01    1.000000E+30    1.000000E+30
   1.000000E+30    1.000000E+30    1.000000E+30    1.000000E+30    1.000000E+30    3.430015E+01    3.428229E+01    3.425283E+01    3.421598E+01    3.417421E+01    3.413001E+01    3.408593E+01    3.404484E+01    3.400826E+01    3.397365E+01    3.393691E+01    3.399476E+01    1.000000E+30    1.000000E+30    1.000000E+30
   1.000000E+30    1.000000E+30    1.000000E+30    1.000000E+30    1.000000E+30    3.416942E+01    3.415719E+01    3.413546E+01    3.410763E+01    3.407606E+01    3.404244E+01    3.400844E+01    3.397546E+01    3.394468E+01    3.391609E+01    3.389045E+01    1.000000E+30    1.000000E+30    1.000000E+30    1.000000E+30
