1 2 37 
2 1 3 38 
3 2 4 39 
4 3 5 40 
5 4 6 41 
6 5 7 42 
7 6 8 43 
8 7 9 44 
9 8 10 45 
10 9 11 46 
11 10 12 47 
12 11 13 48 
13 12 14 49 
14 13 15 50 
15 14 16 51 
16 15 17 52 
17 16 18 53 
18 17 19 54 
19 18 20 55 
20 19 21 56 
21 20 22 57 
22 21 23 58 
23 22 24 59 
24 23 25 60 
25 24 26 61 
26 25 27 62 
27 26 28 63 
28 27 29 64 
29 28 30 65 
30 29 31 66 
31 30 32 67 
32 31 33 68 
33 32 34 69 
34 33 35 70 
35 34 36 71 
36 35 72 
37 1 38 73 
38 2 37 39 74 
39 3 38 40 75 
40 4 39 41 76 
41 5 40 42 77 
42 6 41 43 78 
43 7 42 44 79 
44 8 43 45 80 
45 9 44 46 81 
46 10 45 47 82 
47 11 46 48 83 
48 12 47 49 84 
49 13 48 50 85 
50 14 49 51 86 
51 15 50 52 87 
52 16 51 53 88 
53 17 52 54 89 
54 18 53 55 90 
55 19 54 56 91 
56 20 55 57 92 
57 21 56 58 93 
58 22 57 59 94 
59 23 58 60 95 
60 24 59 61 96 
61 25 60 62 97 
62 26 61 63 98 
63 27 62 64 99 
64 28 63 65 100 
65 29 64 66 101 
66 30 65 67 102 
67 31 66 68 103 
68 32 67 69 104 
69 33 68 70 105 
70 34 69 71 106 
71 35 70 72 107 
72 36 71 108 
73 37 74 109 
74 38 73 75 110 
75 39 74 76 111 
76 40 75 77 112 
77 41 76 78 113 
78 42 77 79 114 
79 43 78 80 115 
80 44 79 81 116 
81 45 80 82 117 
82 46 81 83 118 
83 47 82 84 119 
84 48 83 85 120 
85 49 84 86 121 
86 50 85 87 122 
87 51 86 88 123 
88 52 87 89 124 
89 53 88 90 125 126 
90 54 89 91 129 
91 55 90 92 130 
92 56 91 93 131 
93 57 92 94 132 
94 58 93 95 133 
95 59 94 96 134 
96 60 95 97 135 
97 61 96 98 136 
98 62 97 99 137 
99 63 98 100 138 
100 64 99 101 139 
101 65 100 102 140 
102 66 101 103 141 
103 67 102 104 142 
104 68 103 105 143 
105 69 104 106 144 
106 70 105 107 145 
107 71 106 108 146 
108 72 107 147 
109 73 110 148 
110 74 109 111 149 
111 75 110 112 150 
112 76 111 113 151 
113 77 112 114 152 
114 78 113 115 153 
115 79 114 116 154 
116 80 115 117 155 
117 81 116 118 156 
118 82 117 119 157 
119 83 118 120 158 
120 84 119 121 159 
121 85 120 122 160 
122 86 121 123 161 
123 87 122 124 162 
124 88 123 125 127 163 
125 89 124 126 127 
126 89 125 128 129 
127 124 125 128 164 
128 126 127 129 165 166 
129 90 126 128 130 174 175 
130 91 129 131 181 
131 92 130 132 182 
132 93 131 133 183 
133 94 132 134 184 
134 95 133 135 185 
135 96 134 136 186 
136 97 135 137 187 
137 98 136 138 188 
138 99 137 139 189 
139 100 138 140 190 
140 101 139 141 191 
141 102 140 142 192 
142 103 141 143 193 
143 104 142 144 194 
144 105 143 145 195 
145 106 144 146 196 
146 107 145 147 197 
147 108 146 198 
148 109 149 199 
149 110 148 150 200 
150 111 149 151 201 
151 112 150 152 202 
152 113 151 153 203 
153 114 152 154 204 205 
154 115 153 155 208 
155 116 154 156 209 
156 117 155 157 210 
157 118 156 158 211 
158 119 157 159 212 
159 120 158 160 213 
160 121 159 161 214 
161 122 160 162 215 
162 123 161 163 216 
163 124 162 164 169 217 
164 127 163 165 167 169 
165 128 164 166 167 
166 128 165 168 174 
167 164 165 168 170 
168 166 167 171 174 
169 163 164 170 172 218 
170 167 169 171 172 
171 168 170 173 176 
172 169 170 173 219 
173 171 172 178 219 
174 129 166 168 175 176 177 
175 129 174 180 181 
176 171 174 177 178 
177 174 176 179 180 
178 173 176 179 222 
179 177 178 180 223 
180 175 177 179 181 226 227 
181 130 175 180 182 235 236 
182 131 181 183 242 
183 132 182 184 243 
184 133 183 185 244 
185 134 184 186 245 
186 135 185 187 246 
187 136 186 188 247 
188 137 187 189 248 
189 138 188 190 249 
190 139 189 191 250 
191 140 190 192 251 
192 141 191 193 252 
193 142 192 194 253 
194 143 193 195 254 
195 144 194 196 255 
196 145 195 197 256 
197 146 196 198 257 
198 147 197 258 
199 148 200 259 
200 149 199 201 260 
201 150 200 202 261 
202 151 201 203 262 
203 152 202 204 206 263 264 
204 153 203 205 206 
205 153 204 207 208 
206 203 204 207 267 268 
207 205 206 208 271 
208 154 205 207 209 280 281 
209 155 208 210 284 285 
210 156 209 211 288 289 
211 157 210 212 292 293 
212 158 211 213 296 
213 159 212 214 297 
214 160 213 215 298 
215 161 214 216 299 
216 162 215 217 300 
217 163 216 218 220 301 
218 169 217 219 220 
219 172 173 218 221 222 224 
220 217 218 221 302 
221 219 220 230 302 
222 178 219 223 224 
223 179 222 225 226 
224 219 222 225 230 
225 223 224 228 230 
226 180 223 227 228 
227 180 226 229 235 
228 225 226 229 231 
229 227 228 232 235 
230 221 224 225 231 233 303 
231 228 230 232 233 
232 229 231 234 237 
233 230 231 234 304 
234 232 233 239 304 
235 181 227 229 236 237 238 
236 181 235 241 242 
237 232 235 238 239 
238 235 237 240 241 
239 234 237 240 307 
240 238 239 241 308 
241 236 238 240 242 311 
242 182 236 241 243 320 321 
243 183 242 244 324 
244 184 243 245 325 
245 185 244 246 326 
246 186 245 247 327 
247 187 246 248 328 
248 188 247 249 329 
249 189 248 250 330 
250 190 249 251 331 
251 191 250 252 332 
252 192 251 253 333 
253 193 252 254 334 
254 194 253 255 335 
255 195 254 256 336 
256 196 255 257 337 
257 197 256 258 338 
258 198 257 339 
259 199 260 340 
260 200 259 261 341 
261 201 260 262 342 
262 202 261 263 265 343 
263 203 262 264 265 
264 203 263 266 267 269 
265 262 263 266 344 
266 264 265 272 274 344 
267 206 264 268 269 
268 206 267 270 271 
269 264 267 270 272 
270 268 269 271 273 
271 207 268 270 276 277 280 
272 266 269 273 274 
273 270 272 275 276 
274 266 272 275 345 
275 273 274 278 345 
276 271 273 277 278 
277 271 276 279 282 
278 275 276 279 346 
279 277 278 282 347 
280 208 271 281 282 
281 208 280 283 284 
282 277 279 280 283 352 353 
283 281 282 286 356 357 
284 209 281 285 286 
285 209 284 287 288 
286 283 284 287 362 363 
287 285 286 290 366 367 
288 210 285 289 290 
289 210 288 291 292 
290 287 288 291 372 373 
291 289 290 294 376 377 
292 211 289 293 294 
293 211 292 295 296 
294 291 292 295 382 383 
295 293 294 296 386 
296 212 293 295 297 395 396 
297 213 296 298 405 406 
298 214 297 299 412 
299 215 298 300 413 414 
300 216 299 301 417 418 
301 217 300 302 421 422 
302 220 221 301 303 305 425 426 
303 230 302 304 305 
304 233 234 303 306 307 309 
305 302 303 306 429 
306 304 305 312 314 430 
307 239 304 308 309 
308 240 307 310 311 
309 304 307 310 312 
310 308 309 311 313 
311 241 308 310 316 317 320 
312 306 309 313 314 
313 310 312 315 316 
314 306 312 315 433 
315 313 314 318 433 
316 311 313 317 318 
317 311 316 319 322 
318 315 316 319 434 
319 317 318 322 435 
320 242 311 321 322 
321 242 320 323 324 
322 317 319 320 323 443 
323 321 322 324 444 
324 243 321 323 325 453 454 
325 244 324 326 460 461 
326 245 325 327 464 
327 246 326 328 465 
328 247 327 329 466 
329 248 328 330 467 
330 249 329 331 468 
331 250 330 332 469 
332 251 331 333 470 
333 252 332 334 471 
334 253 333 335 472 
335 254 334 336 473 
336 255 335 337 474 
337 256 336 338 475 
338 257 337 339 476 
339 258 338 477 
340 259 341 478 
341 260 340 342 479 
342 261 341 343 480 
343 262 342 344 481 
344 265 266 343 345 350 482 
345 274 275 344 346 348 350 
346 278 345 347 348 
347 279 346 349 352 
348 345 346 349 351 
349 347 348 351 354 
350 344 345 351 483 
351 348 349 350 360 483 
352 282 347 353 354 
353 282 352 355 356 
354 349 352 355 360 
355 353 354 358 360 
356 283 353 357 358 
357 283 356 359 362 
358 355 356 359 361 
359 357 358 361 364 
360 351 354 355 361 484 
361 358 359 360 370 484 
362 286 357 363 364 
363 286 362 365 366 
364 359 362 365 370 
365 363 364 368 370 
366 287 363 367 368 
367 287 366 369 372 
368 365 366 369 371 
369 367 368 371 374 
370 361 364 365 371 485 
371 368 369 370 380 485 
372 290 367 373 374 
373 290 372 375 376 
374 369 372 375 380 
375 373 374 378 380 
376 291 373 377 378 
377 291 376 379 382 
378 375 376 379 381 
379 377 378 381 384 
380 371 374 375 381 486 
381 378 379 380 387 389 486 
382 294 377 383 384 
383 294 382 385 386 
384 379 382 385 387 
385 383 384 386 388 
386 295 383 385 391 392 395 
387 381 384 388 389 
388 385 387 390 391 
389 381 387 390 487 
390 388 389 393 487 
391 386 388 392 393 
392 386 391 394 397 
393 390 391 394 488 
394 392 393 399 488 
395 296 386 396 397 398 
396 296 395 401 402 405 
397 392 395 398 399 
398 395 397 400 401 
399 394 397 400 491 
400 398 399 403 491 
401 396 398 402 403 
402 396 401 404 407 
403 400 401 404 492 
404 402 403 409 492 
405 297 396 406 407 408 
406 297 405 411 412 
407 402 405 408 409 
408 405 407 410 411 
409 404 407 410 495 
410 408 409 411 496 
411 406 408 410 412 499 500 
412 298 406 411 413 415 508 509 
413 299 412 414 415 
414 299 413 416 417 
415 412 413 416 515 516 
416 414 415 419 519 520 
417 300 414 418 419 
418 300 417 420 421 
419 416 417 420 531 532 
420 418 419 423 535 536 
421 301 418 422 423 
422 301 421 424 425 
423 420 421 424 547 548 
424 422 423 427 551 552 
425 302 422 426 427 
426 302 425 428 429 
427 424 425 428 563 564 
428 426 427 431 567 568 
429 305 426 430 431 
430 306 429 432 433 
431 428 429 432 579 580 
432 430 431 438 583 584 
433 314 315 430 434 436 438 
434 318 433 435 436 
435 319 434 437 443 
436 433 434 437 439 
437 435 436 440 443 
438 432 433 439 441 595 
439 436 438 440 441 
440 437 439 442 445 
441 438 439 442 596 
442 440 441 447 596 
443 322 435 437 444 445 446 
444 323 443 449 450 453 
445 440 443 446 447 
446 443 445 448 449 
447 442 445 448 599 
448 446 447 451 599 
449 444 446 450 451 
450 444 449 452 455 
451 448 449 452 600 
452 450 451 457 600 
453 324 444 454 455 456 
454 324 453 459 460 
455 450 453 456 457 
456 453 455 458 459 
457 452 455 458 603 
458 456 457 459 604 
459 454 456 458 462 607 608 
460 325 454 461 462 
461 325 460 463 464 
462 459 460 463 613 614 
463 461 462 464 617 
464 326 461 463 465 626 627 
465 327 464 466 636 637 
466 328 465 467 646 647 
467 329 466 468 653 654 
468 330 467 469 657 
469 331 468 470 658 
470 332 469 471 659 
471 333 470 472 660 
472 334 471 473 661 
473 335 472 474 662 
474 336 473 475 663 
475 337 474 476 664 
476 338 475 477 665 
477 339 476 666 
478 340 479 667 
479 341 478 480 668 
480 342 479 481 669 
481 343 480 482 670 
482 344 481 483 671 
483 350 351 482 484 672 
484 360 361 483 485 673 
485 370 371 484 486 674 
486 380 381 485 487 489 675 
487 389 390 486 488 489 
488 393 394 487 490 491 
489 486 487 490 676 
490 488 489 493 676 
491 399 400 488 492 493 
492 403 404 491 494 495 497 
493 490 491 494 677 
494 492 493 503 677 
495 409 492 496 497 
496 410 495 498 499 
497 492 495 498 503 
498 496 497 501 503 
499 411 496 500 501 
500 411 499 502 508 
501 498 499 502 504 
502 500 501 505 508 
503 494 497 498 504 506 678 
504 501 503 505 506 
505 502 504 507 510 
506 503 504 507 679 
507 505 506 512 679 
508 412 500 502 509 510 511 
509 412 508 514 515 517 
510 505 508 511 512 
511 508 510 513 514 
512 507 510 513 682 
513 511 512 514 683 
514 509 511 513 523 525 686 687 
515 415 509 516 517 
516 415 515 518 519 
517 509 515 518 523 
518 516 517 521 524 
519 416 516 520 521 
520 416 519 522 531 
521 518 519 522 527 
522 520 521 528 533 
523 514 517 524 525 
524 518 523 526 527 
525 514 523 526 695 
526 524 525 529 696 
527 521 524 528 529 
528 522 527 530 539 
529 526 527 530 699 
530 528 529 541 700 
531 419 520 532 533 
532 419 531 534 535 
533 522 531 534 539 
534 532 533 537 540 
535 420 532 536 537 
536 420 535 538 547 
537 534 535 538 543 
538 536 537 544 549 
539 528 533 540 541 
540 534 539 542 543 
541 530 539 542 711 
542 540 541 545 712 
543 537 540 544 545 
544 538 543 546 555 
545 542 543 546 715 
546 544 545 557 716 
547 423 536 548 549 
548 423 547 550 551 
549 538 547 550 555 
550 548 549 553 556 
551 424 548 552 553 
552 424 551 554 563 
553 550 551 554 559 
554 552 553 560 565 
555 544 549 556 557 
556 550 555 558 559 
557 546 555 558 727 
558 556 557 561 728 
559 553 556 560 561 
560 554 559 562 571 
561 558 559 562 731 
562 560 561 573 732 
563 427 552 564 565 
564 427 563 566 567 
565 554 563 566 571 
566 564 565 569 572 
567 428 564 568 569 
568 428 567 570 579 
569 566 567 570 575 
570 568 569 576 581 
571 560 565 572 573 
572 566 571 574 575 
573 562 571 574 743 
574 572 573 577 744 
575 569 572 576 577 
576 570 575 578 587 
577 574 575 578 747 
578 576 577 589 748 
579 431 568 580 581 
580 431 579 582 583 
581 570 579 582 587 
582 580 581 585 588 
583 432 580 584 585 
584 432 583 586 595 
585 582 583 586 591 
586 584 585 592 595 
587 576 581 588 589 
588 582 587 590 591 
589 578 587 590 759 
590 588 589 593 760 
591 585 588 592 593 
592 586 591 594 597 
593 590 591 594 763 
594 592 593 597 764 
595 438 584 586 596 597 
596 441 442 595 598 599 
597 592 594 595 598 775 
598 596 597 601 776 
599 447 448 596 600 601 
600 451 452 599 602 603 605 
601 598 599 602 779 
602 600 601 611 779 
603 457 600 604 605 
604 458 603 606 607 
605 600 603 606 611 
606 604 605 609 611 
607 459 604 608 609 
608 459 607 610 613 
609 606 607 610 612 
610 608 609 612 615 
611 602 605 606 612 780 
612 609 610 611 618 620 780 
613 462 608 614 615 
614 462 613 616 617 
615 610 613 616 618 
616 614 615 617 619 
617 463 614 616 622 623 626 
618 612 615 619 620 
619 616 618 621 622 
620 612 618 621 781 
621 619 620 624 781 
622 617 619 623 624 
623 617 622 625 628 
624 621 622 625 782 
625 623 624 630 782 
626 464 617 627 628 629 
627 464 626 632 633 636 
628 623 626 629 630 
629 626 628 631 632 
630 625 628 631 785 
631 629 630 634 785 
632 627 629 633 634 
633 627 632 635 638 
634 631 632 635 786 
635 633 634 640 786 
636 465 627 637 638 639 
637 465 636 642 643 646 
638 633 636 639 640 
639 636 638 641 642 
640 635 638 641 789 
641 639 640 644 789 
642 637 639 643 644 
643 637 642 645 648 
644 641 642 645 790 
645 643 644 650 790 
646 466 637 647 648 649 
647 466 646 652 653 
648 643 646 649 650 
649 646 648 651 652 
650 645 648 651 793 
651 649 650 652 794 
652 647 649 651 655 797 798 
653 467 647 654 655 
654 467 653 656 657 
655 652 653 656 803 804 
656 654 655 657 807 
657 468 654 656 658 816 817 
658 469 657 659 820 
659 470 658 660 821 
660 471 659 661 822 
661 472 660 662 823 
662 473 661 663 824 
663 474 662 664 825 
664 475 663 665 826 
665 476 664 666 827 
666 477 665 828 
667 478 668 829 
668 479 667 669 830 
669 480 668 670 831 
670 481 669 671 832 
671 482 670 672 833 
672 483 671 673 834 
673 484 672 674 835 
674 485 673 675 836 
675 486 674 676 837 
676 489 490 675 677 838 
677 493 494 676 678 680 839 
678 503 677 679 680 
679 506 507 678 681 682 684 
680 677 678 681 840 
681 679 680 690 840 
682 512 679 683 684 
683 513 682 685 686 
684 679 682 685 690 
685 683 684 688 690 
686 514 683 687 688 
687 514 686 689 695 
688 685 686 689 691 
689 687 688 692 697 
690 681 684 685 691 693 841 
691 688 690 692 693 
692 689 691 694 703 
693 690 691 694 842 
694 692 693 705 842 
695 525 687 696 697 
696 526 695 698 699 
697 689 695 698 703 
698 696 697 701 704 
699 529 696 700 701 
700 530 699 702 711 
701 698 699 702 707 
702 700 701 708 713 
703 692 697 704 705 
704 698 703 706 707 
705 694 703 706 845 
706 704 705 709 846 
707 701 704 708 709 
708 702 707 710 719 
709 706 707 710 849 
710 708 709 721 850 
711 541 700 712 713 
712 542 711 714 715 
713 702 711 714 719 
714 712 713 717 720 
715 545 712 716 717 
716 546 715 718 727 
717 714 715 718 723 
718 716 717 724 729 
719 708 713 720 721 
720 714 719 722 723 
721 710 719 722 861 
722 720 721 725 862 
723 717 720 724 725 
724 718 723 726 735 
725 722 723 726 865 
726 724 725 737 866 
727 557 716 728 729 
728 558 727 730 731 
729 718 727 730 735 
730 728 729 733 736 
731 561 728 732 733 
732 562 731 734 743 
733 730 731 734 739 
734 732 733 740 745 
735 724 729 736 737 
736 730 735 738 739 
737 726 735 738 877 
738 736 737 741 878 
739 733 736 740 741 
740 734 739 742 751 
741 738 739 742 881 
742 740 741 753 882 
743 573 732 744 745 
744 574 743 746 747 
745 734 743 746 751 
746 744 745 749 752 
747 577 744 748 749 
748 578 747 750 759 
749 746 747 750 755 
750 748 749 756 761 
751 740 745 752 753 
752 746 751 754 755 
753 742 751 754 893 
754 752 753 757 894 
755 749 752 756 757 
756 750 755 758 767 
757 754 755 758 897 
758 756 757 769 898 
759 589 748 760 761 
760 590 759 762 763 
761 750 759 762 767 
762 760 761 765 768 
763 593 760 764 765 
764 594 763 766 775 
765 762 763 766 771 
766 764 765 772 775 
767 756 761 768 769 
768 762 767 770 771 
769 758 767 770 909 
770 768 769 773 910 
771 765 768 772 773 
772 766 771 774 777 
773 770 771 774 913 
774 772 773 777 914 
775 597 764 766 776 777 
776 598 775 778 779 
777 772 774 775 778 925 
778 776 777 779 926 
779 601 602 776 778 780 929 930 
780 611 612 779 781 783 933 934 
781 620 621 780 782 783 
782 624 625 781 784 785 
783 780 781 784 937 
784 782 783 787 938 
785 630 631 782 786 787 
786 634 635 785 788 789 
787 784 785 788 941 
788 786 787 791 942 
789 640 641 786 790 791 
790 644 645 789 792 793 795 
791 788 789 792 945 
792 790 791 801 946 
793 650 790 794 795 
794 651 793 796 797 
795 790 793 796 801 
796 794 795 799 801 
797 652 794 798 799 
798 652 797 800 803 
799 796 797 800 802 
800 798 799 802 805 
801 792 795 796 802 955 
802 799 800 801 808 810 956 
803 655 798 804 805 
804 655 803 806 807 
805 800 803 806 808 
806 804 805 807 809 
807 656 804 806 812 813 816 
808 802 805 809 810 
809 806 808 811 812 
810 802 808 811 962 
811 809 810 814 962 
812 807 809 813 814 
813 807 812 815 818 
814 811 812 815 963 
815 813 814 818 964 
816 657 807 817 818 
817 657 816 819 820 
818 813 815 816 819 969 970 
819 817 818 820 973 
820 658 817 819 821 982 983 
821 659 820 822 989 990 
822 660 821 823 993 994 
823 661 822 824 1003 1004 
824 662 823 825 1013 1014 
825 663 824 826 1023 1024 
826 664 825 827 1033 1034 
827 665 826 828 1037 1038 
828 666 827 1041 
829 667 830 1042 
830 668 829 831 1043 
831 669 830 832 1044 
832 670 831 833 1045 
833 671 832 834 1046 
834 672 833 835 1047 
835 673 834 836 1048 
836 674 835 837 1049 
837 675 836 838 1050 1051 
838 676 837 839 1054 1055 
839 677 838 840 1058 1059 
840 680 681 839 841 843 1068 1069 
841 690 840 842 843 
842 693 694 841 844 845 847 
843 840 841 844 1078 
844 842 843 853 855 1079 
845 705 842 846 847 
846 706 845 848 849 
847 842 845 848 853 
848 846 847 851 854 
849 709 846 850 851 
850 710 849 852 861 
851 848 849 852 857 
852 850 851 858 863 
853 844 847 854 855 
854 848 853 856 857 
855 844 853 856 1088 
856 854 855 859 1089 
857 851 854 858 859 
858 852 857 860 869 
859 856 857 860 1092 
860 858 859 871 1093 
861 721 850 862 863 
862 722 861 864 865 
863 852 861 864 869 
864 862 863 867 870 
865 725 862 866 867 
866 726 865 868 877 
867 864 865 868 873 
868 866 867 874 879 
869 858 863 870 871 
870 864 869 872 873 
871 860 869 872 1104 
872 870 871 875 1105 
873 867 870 874 875 
874 868 873 876 885 
875 872 873 876 1108 
876 874 875 887 1109 
877 737 866 878 879 
878 738 877 880 881 
879 868 877 880 885 
880 878 879 883 886 
881 741 878 882 883 
882 742 881 884 893 
883 880 881 884 889 
884 882 883 890 895 
885 874 879 886 887 
886 880 885 888 889 
887 876 885 888 1120 
888 886 887 891 1121 
889 883 886 890 891 
890 884 889 892 901 
891 888 889 892 1124 
892 890 891 903 1125 
893 753 882 894 895 
894 754 893 896 897 
895 884 893 896 901 
896 894 895 899 902 
897 757 894 898 899 
898 758 897 900 909 
899 896 897 900 905 
900 898 899 906 911 
901 890 895 902 903 
902 896 901 904 905 
903 892 901 904 1136 
904 902 903 907 1137 
905 899 902 906 907 
906 900 905 908 917 
907 904 905 908 1140 
908 906 907 919 1141 
909 769 898 910 911 
910 770 909 912 913 
911 900 909 912 917 
912 910 911 915 918 
913 773 910 914 915 
914 774 913 916 925 
915 912 913 916 921 
916 914 915 922 925 
917 906 911 918 919 
918 912 917 920 921 
919 908 917 920 1152 
920 918 919 923 1153 
921 915 918 922 923 
922 916 921 924 927 
923 920 921 924 1156 
924 922 923 927 1157 
925 777 914 916 926 927 
926 778 925 928 929 
927 922 924 925 928 1168 1169 
928 926 927 931 1172 1173 
929 779 926 930 931 
930 779 929 932 933 
931 928 929 932 1178 1179 
932 930 931 935 1182 1183 
933 780 930 934 935 
934 780 933 936 937 
935 932 933 936 1188 1189 
936 934 935 939 1192 1193 
937 783 934 938 939 
938 784 937 940 941 
939 936 937 940 1204 1205 
940 938 939 943 1208 1209 
941 787 938 942 943 
942 788 941 944 945 
943 940 941 944 1214 1215 
944 942 943 947 949 1218 1219 
945 791 942 946 947 948 
946 792 945 951 952 955 
947 944 945 948 949 
948 945 947 950 951 
949 944 947 950 1224 
950 948 949 953 1225 
951 946 948 952 953 
952 946 951 954 957 
953 950 951 954 1228 
954 952 953 959 1228 
955 801 946 956 957 958 
956 802 955 961 962 
957 952 955 958 959 
958 955 957 960 961 
959 954 957 960 1231 
960 958 959 961 1232 
961 956 958 960 967 1235 1236 
962 810 811 956 963 965 967 
963 814 962 964 965 
964 815 963 966 969 
965 962 963 966 968 
966 964 965 968 971 
967 961 962 968 1241 1242 
968 965 966 967 974 976 1245 1246 
969 818 964 970 971 
970 818 969 972 973 
971 966 969 972 974 
972 970 971 973 975 
973 819 970 972 978 979 982 
974 968 971 975 976 
975 972 974 977 978 
976 968 974 977 1251 
977 975 976 980 1252 
978 973 975 979 980 
979 973 978 981 984 
980 977 978 981 1255 
981 979 980 986 1256 
982 820 973 983 984 985 
983 820 982 988 989 
984 979 982 985 986 
985 982 984 987 988 
986 981 984 987 1261 
987 985 986 988 1262 
988 983 985 987 991 1265 1266 
989 821 983 990 991 
990 821 989 992 993 
991 988 989 992 1271 1272 
992 990 991 995 997 1275 1276 
993 822 990 994 995 996 
994 822 993 999 1000 1003 
995 992 993 996 997 
996 993 995 998 999 
997 992 995 998 1281 
998 996 997 1001 1282 
999 994 996 1000 1001 
1000 994 999 1002 1005 
1001 998 999 1002 1285 
1002 1000 1001 1007 1285 
1003 823 994 1004 1005 1006 
1004 823 1003 1009 1010 1013 
1005 1000 1003 1006 1007 
1006 1003 1005 1008 1009 
1007 1002 1005 1008 1288 
1008 1006 1007 1011 1288 
1009 1004 1006 1010 1011 
1010 1004 1009 1012 1015 
1011 1008 1009 1012 1289 
1012 1010 1011 1017 1289 
1013 824 1004 1014 1015 1016 
1014 824 1013 1019 1020 1023 
1015 1010 1013 1016 1017 
1016 1013 1015 1018 1019 
1017 1012 1015 1018 1292 
1018 1016 1017 1021 1292 
1019 1014 1016 1020 1021 
1020 1014 1019 1022 1025 
1021 1018 1019 1022 1293 
1022 1020 1021 1027 1293 
1023 825 1014 1024 1025 1026 
1024 825 1023 1029 1030 1033 
1025 1020 1023 1026 1027 
1026 1023 1025 1028 1029 
1027 1022 1025 1028 1296 
1028 1026 1027 1031 1296 
1029 1024 1026 1030 1031 
1030 1024 1029 1032 1035 
1031 1028 1029 1032 1297 
1032 1030 1031 1035 1298 
1033 826 1024 1034 1035 
1034 826 1033 1036 1037 
1035 1030 1032 1033 1036 1303 1304 
1036 1034 1035 1039 1307 1308 
1037 827 1034 1038 1039 
1038 827 1037 1040 1041 
1039 1036 1037 1040 1313 1314 
1040 1038 1039 1041 1317 
1041 828 1038 1040 1326 1327 
1042 829 1043 1336 
1043 830 1042 1044 1337 
1044 831 1043 1045 1338 
1045 832 1044 1046 1339 
1046 833 1045 1047 1340 
1047 834 1046 1048 1341 
1048 835 1047 1049 1342 1343 
1049 836 1048 1050 1052 1346 1347 
1050 837 1049 1051 1052 
1051 837 1050 1053 1054 
1052 1049 1050 1053 1353 
1053 1051 1052 1056 1354 1355 
1054 838 1051 1055 1056 
1055 838 1054 1057 1058 
1056 1053 1054 1057 1366 1367 
1057 1055 1056 1060 1062 1370 1371 
1058 839 1055 1059 1060 1061 
1059 839 1058 1064 1065 1068 
1060 1057 1058 1061 1062 
1061 1058 1060 1063 1064 
1062 1057 1060 1063 1376 
1063 1061 1062 1066 1377 
1064 1059 1061 1065 1066 
1065 1059 1064 1067 1070 
1066 1063 1064 1067 1380 
1067 1065 1066 1072 1380 
1068 840 1059 1069 1070 1071 
1069 840 1068 1074 1075 1078 
1070 1065 1068 1071 1072 
1071 1068 1070 1073 1074 
1072 1067 1070 1073 1383 
1073 1071 1072 1076 1383 
1074 1069 1071 1075 1076 
1075 1069 1074 1077 1080 
1076 1073 1074 1077 1384 
1077 1075 1076 1082 1384 
1078 843 1069 1079 1080 1081 
1079 844 1078 1084 1085 1088 1090 
1080 1075 1078 1081 1082 
1081 1078 1080 1083 1084 
1082 1077 1080 1083 1387 
1083 1081 1082 1086 1387 
1084 1079 1081 1085 1086 
1085 1079 1084 1087 1096 
1086 1083 1084 1087 1388 
1087 1085 1086 1098 1388 
1088 855 1079 1089 1090 
1089 856 1088 1091 1092 
1090 1079 1088 1091 1096 
1091 1089 1090 1094 1097 
1092 859 1089 1093 1094 
1093 860 1092 1095 1104 
1094 1091 1092 1095 1100 
1095 1093 1094 1101 1106 
1096 1085 1090 1097 1098 
1097 1091 1096 1099 1100 
1098 1087 1096 1099 1391 
1099 1097 1098 1102 1391 
1100 1094 1097 1101 1102 
1101 1095 1100 1103 1112 
1102 1099 1100 1103 1392 
1103 1101 1102 1114 1392 
1104 871 1093 1105 1106 
1105 872 1104 1107 1108 
1106 1095 1104 1107 1112 
1107 1105 1106 1110 1113 
1108 875 1105 1109 1110 
1109 876 1108 1111 1120 
1110 1107 1108 1111 1116 
1111 1109 1110 1117 1122 
1112 1101 1106 1113 1114 
1113 1107 1112 1115 1116 
1114 1103 1112 1115 1395 
1115 1113 1114 1118 1395 
1116 1110 1113 1117 1118 
1117 1111 1116 1119 1128 
1118 1115 1116 1119 1396 
1119 1117 1118 1130 1396 
1120 887 1109 1121 1122 
1121 888 1120 1123 1124 
1122 1111 1120 1123 1128 
1123 1121 1122 1126 1129 
1124 891 1121 1125 1126 
1125 892 1124 1127 1136 
1126 1123 1124 1127 1132 
1127 1125 1126 1133 1138 
1128 1117 1122 1129 1130 
1129 1123 1128 1131 1132 
1130 1119 1128 1131 1399 
1131 1129 1130 1134 1399 
1132 1126 1129 1133 1134 
1133 1127 1132 1135 1144 
1134 1131 1132 1135 1400 
1135 1133 1134 1146 1400 
1136 903 1125 1137 1138 
1137 904 1136 1139 1140 
1138 1127 1136 1139 1144 
1139 1137 1138 1142 1145 
1140 907 1137 1141 1142 
1141 908 1140 1143 1152 
1142 1139 1140 1143 1148 
1143 1141 1142 1149 1154 
1144 1133 1138 1145 1146 
1145 1139 1144 1147 1148 
1146 1135 1144 1147 1403 
1147 1145 1146 1150 1403 
1148 1142 1145 1149 1150 
1149 1143 1148 1151 1160 
1150 1147 1148 1151 1404 
1151 1149 1150 1162 1404 
1152 919 1141 1153 1154 
1153 920 1152 1155 1156 
1154 1143 1152 1155 1160 
1155 1153 1154 1158 1161 
1156 923 1153 1157 1158 
1157 924 1156 1159 1168 
1158 1155 1156 1159 1164 
1159 1157 1158 1165 1170 
1160 1149 1154 1161 1162 
1161 1155 1160 1163 1164 
1162 1151 1160 1163 1407 
1163 1161 1162 1166 1407 
1164 1158 1161 1165 1166 
1165 1159 1164 1167 1176 
1166 1163 1164 1167 1408 
1167 1165 1166 1176 1408 
1168 927 1157 1169 1170 
1169 927 1168 1171 1172 
1170 1159 1168 1171 1176 
1171 1169 1170 1174 1176 
1172 928 1169 1173 1174 
1173 928 1172 1175 1178 
1174 1171 1172 1175 1177 
1175 1173 1174 1177 1180 
1176 1165 1167 1170 1171 1177 1411 
1177 1174 1175 1176 1186 1412 
1178 931 1173 1179 1180 
1179 931 1178 1181 1182 
1180 1175 1178 1181 1186 
1181 1179 1180 1184 1186 
1182 932 1179 1183 1184 
1183 932 1182 1185 1188 
1184 1181 1182 1185 1187 
1185 1183 1184 1187 1190 
1186 1177 1180 1181 1187 1415 
1187 1184 1185 1186 1196 1198 1416 1417 
1188 935 1183 1189 1190 
1189 935 1188 1191 1192 
1190 1185 1188 1191 1196 
1191 1189 1190 1194 1197 
1192 936 1189 1193 1194 
1193 936 1192 1195 1204 
1194 1191 1192 1195 1200 
1195 1193 1194 1201 1206 
1196 1187 1190 1197 1198 
1197 1191 1196 1199 1200 
1198 1187 1196 1199 1428 
1199 1197 1198 1202 1429 
1200 1194 1197 1201 1202 
1201 1195 1200 1203 1212 
1202 1199 1200 1203 1432 
1203 1201 1202 1212 1432 
1204 939 1193 1205 1206 
1205 939 1204 1207 1208 
1206 1195 1204 1207 1212 
1207 1205 1206 1210 1212 
1208 940 1205 1209 1210 
1209 940 1208 1211 1214 
1210 1207 1208 1211 1213 
1211 1209 1210 1213 1216 
1212 1201 1203 1206 1207 1213 1435 
1213 1210 1211 1212 1222 1435 
1214 943 1209 1215 1216 
1215 943 1214 1217 1218 
1216 1211 1214 1217 1222 
1217 1215 1216 1220 1222 
1218 944 1215 1219 1220 
1219 944 1218 1221 1224 
1220 1217 1218 1221 1223 
1221 1219 1220 1223 1226 
1222 1213 1216 1217 1223 1436 
1223 1220 1221 1222 1229 1436 
1224 949 1219 1225 1226 
1225 950 1224 1227 1228 
1226 1221 1224 1227 1229 
1227 1225 1226 1228 1229 
1228 953 954 1225 1227 1230 1231 1233 
1229 1223 1226 1227 1230 1437 
1230 1228 1229 1239 1437 
1231 959 1228 1232 1233 
1232 960 1231 1234 1235 
1233 1228 1231 1234 1239 
1234 1232 1233 1237 1239 
1235 961 1232 1236 1237 
1236 961 1235 1238 1241 
1237 1234 1235 1238 1240 
1238 1236 1237 1240 1243 
1239 1230 1233 1234 1240 1438 
1240 1237 1238 1239 1249 1438 
1241 967 1236 1242 1243 
1242 967 1241 1244 1245 
1243 1238 1241 1244 1249 
1244 1242 1243 1247 1249 
1245 968 1242 1246 1247 
1246 968 1245 1248 1251 
1247 1244 1245 1248 1250 
1248 1246 1247 1250 1253 
1249 1240 1243 1244 1250 1439 
1250 1247 1248 1249 1259 1439 
1251 976 1246 1252 1253 
1252 977 1251 1254 1255 
1253 1248 1251 1254 1259 
1254 1252 1253 1257 1259 
1255 980 1252 1256 1257 
1256 981 1255 1258 1261 
1257 1254 1255 1258 1260 
1258 1256 1257 1260 1263 
1259 1250 1253 1254 1260 1440 
1260 1257 1258 1259 1269 1440 
1261 986 1256 1262 1263 
1262 987 1261 1264 1265 
1263 1258 1261 1264 1269 
1264 1262 1263 1267 1269 
1265 988 1262 1266 1267 
1266 988 1265 1268 1271 
1267 1264 1265 1268 1270 
1268 1266 1267 1270 1273 
1269 1260 1263 1264 1270 1441 
1270 1267 1268 1269 1279 1441 
1271 991 1266 1272 1273 
1272 991 1271 1274 1275 
1273 1268 1271 1274 1279 
1274 1272 1273 1277 1279 
1275 992 1272 1276 1277 
1276 992 1275 1278 1281 
1277 1274 1275 1278 1280 
1278 1276 1277 1280 1283 
1279 1270 1273 1274 1280 1442 
1280 1277 1278 1279 1286 1442 
1281 997 1276 1282 1283 
1282 998 1281 1284 1285 
1283 1278 1281 1284 1286 
1284 1282 1283 1285 1286 
1285 1001 1002 1282 1284 1287 1288 
1286 1280 1283 1284 1287 1443 
1287 1285 1286 1290 1443 
1288 1007 1008 1285 1289 1290 
1289 1011 1012 1288 1291 1292 
1290 1287 1288 1291 1444 
1291 1289 1290 1294 1444 
1292 1017 1018 1289 1293 1294 
1293 1021 1022 1292 1295 1296 
1294 1291 1292 1295 1445 
1295 1293 1294 1301 1445 
1296 1027 1028 1293 1297 1299 1301 
1297 1031 1296 1298 1299 
1298 1032 1297 1300 1303 
1299 1296 1297 1300 1302 
1300 1298 1299 1302 1305 
1301 1295 1296 1302 1446 
1302 1299 1300 1301 1311 1446 
1303 1035 1298 1304 1305 
1304 1035 1303 1306 1307 
1305 1300 1303 1306 1311 
1306 1304 1305 1309 1311 
1307 1036 1304 1308 1309 
1308 1036 1307 1310 1313 
1309 1306 1307 1310 1312 
1310 1308 1309 1312 1315 
1311 1302 1305 1306 1312 1447 
1312 1309 1310 1311 1318 1320 1447 
1313 1039 1308 1314 1315 
1314 1039 1313 1316 1317 
1315 1310 1313 1316 1318 
1316 1314 1315 1317 1319 
1317 1040 1314 1316 1322 1323 1326 
1318 1312 1315 1319 1320 
1319 1316 1318 1321 1322 
1320 1312 1318 1321 1448 
1321 1319 1320 1324 1448 
1322 1317 1319 1323 1324 
1323 1317 1322 1325 1328 
1324 1321 1322 1325 1449 
1325 1323 1324 1330 1449 
1326 1041 1317 1327 1328 1329 
1327 1041 1326 1332 1333 
1328 1323 1326 1329 1330 
1329 1326 1328 1331 1332 
1330 1325 1328 1331 1452 
1331 1329 1330 1334 1452 
1332 1327 1329 1333 1334 
1333 1327 1332 1335 
1334 1331 1332 1335 1453 
1335 1333 1334 1453 
1336 1042 1337 1456 
1337 1043 1336 1338 1457 
1338 1044 1337 1339 1458 
1339 1045 1338 1340 1459 
1340 1046 1339 1341 1460 1461 
1341 1047 1340 1342 1344 1464 1465 
1342 1048 1341 1343 1344 
1343 1048 1342 1345 1346 
1344 1341 1342 1345 1474 
1345 1343 1344 1348 1475 1476 
1346 1049 1343 1347 1348 
1347 1049 1346 1349 1350 1353 
1348 1345 1346 1349 1351 1487 1488 
1349 1347 1348 1350 1351 
1350 1347 1349 1352 1358 
1351 1348 1349 1352 1491 
1352 1350 1351 1360 1492 
1353 1052 1347 1354 1356 1358 1359 
1354 1053 1353 1355 1356 
1355 1053 1354 1357 1366 
1356 1353 1354 1357 1362 
1357 1355 1356 1363 1368 
1358 1350 1353 1359 1360 
1359 1353 1358 1361 1362 
1360 1352 1358 1361 1497 
1361 1359 1360 1364 1497 
1362 1356 1359 1363 1364 
1363 1357 1362 1365 1374 
1364 1361 1362 1365 1498 
1365 1363 1364 1374 1498 
1366 1056 1355 1367 1368 
1367 1056 1366 1369 1370 
1368 1357 1366 1369 1374 
1369 1367 1368 1372 1374 
1370 1057 1367 1371 1372 
1371 1057 1370 1373 1376 
1372 1369 1370 1373 1375 
1373 1371 1372 1375 1378 
1374 1363 1365 1368 1369 1375 1501 
1375 1372 1373 1374 1381 1501 
1376 1062 1371 1377 1378 
1377 1063 1376 1379 1380 
1378 1373 1376 1379 1381 
1379 1377 1378 1380 1381 
1380 1066 1067 1377 1379 1382 1383 
1381 1375 1378 1379 1382 1502 
1382 1380 1381 1385 1502 
1383 1072 1073 1380 1384 1385 
1384 1076 1077 1383 1386 1387 
1385 1382 1383 1386 1503 
1386 1384 1385 1389 1503 
1387 1082 1083 1384 1388 1389 
1388 1086 1087 1387 1390 1391 
1389 1386 1387 1390 1504 
1390 1388 1389 1393 1504 
1391 1098 1099 1388 1392 1393 
1392 1102 1103 1391 1394 1395 
1393 1390 1391 1394 1505 
1394 1392 1393 1397 1505 
1395 1114 1115 1392 1396 1397 
1396 1118 1119 1395 1398 1399 
1397 1394 1395 1398 1506 
1398 1396 1397 1401 1506 
1399 1130 1131 1396 1400 1401 
1400 1134 1135 1399 1402 1403 
1401 1398 1399 1402 1507 
1402 1400 1401 1405 1507 
1403 1146 1147 1400 1404 1405 
1404 1150 1151 1403 1406 1407 
1405 1402 1403 1406 1508 
1406 1404 1405 1409 1509 
1407 1162 1163 1404 1408 1409 
1408 1166 1167 1407 1410 1411 
1409 1406 1407 1410 1512 
1410 1408 1409 1413 1513 
1411 1176 1408 1412 1413 
1412 1177 1411 1414 1415 
1413 1410 1411 1414 1522 1523 
1414 1412 1413 1420 1422 1526 1527 
1415 1186 1412 1416 1418 1420 1421 
1416 1187 1415 1417 1418 
1417 1187 1416 1419 1428 
1418 1415 1416 1419 1424 
1419 1417 1418 1425 1430 
1420 1414 1415 1421 1422 
1421 1415 1420 1423 1424 
1422 1414 1420 1423 1535 
1423 1421 1422 1426 1536 
1424 1418 1421 1425 1426 
1425 1419 1424 1427 1433 
1426 1423 1424 1427 1539 
1427 1425 1426 1433 1539 
1428 1198 1417 1429 1430 
1429 1199 1428 1431 1432 
1430 1419 1428 1431 1433 
1431 1429 1430 1432 1433 
1432 1202 1203 1429 1431 1434 1435 
1433 1425 1427 1430 1431 1434 1542 
1434 1432 1433 1435 1542 
1435 1212 1213 1432 1434 1436 1543 
1436 1222 1223 1435 1437 1544 
1437 1229 1230 1436 1438 1545 
1438 1239 1240 1437 1439 1546 
1439 1249 1250 1438 1440 1547 
1440 1259 1260 1439 1441 1548 
1441 1269 1270 1440 1442 1549 
1442 1279 1280 1441 1443 1550 
1443 1286 1287 1442 1444 1551 
1444 1290 1291 1443 1445 1552 
1445 1294 1295 1444 1446 1553 
1446 1301 1302 1445 1447 1554 
1447 1311 1312 1446 1448 1450 1555 
1448 1320 1321 1447 1449 1450 
1449 1324 1325 1448 1451 1452 
1450 1447 1448 1451 1556 
1451 1449 1450 1454 1556 
1452 1330 1331 1449 1453 1454 
1453 1334 1335 1452 1455 
1454 1451 1452 1455 1557 
1455 1453 1454 1557 
1456 1336 1457 1558 
1457 1337 1456 1458 1559 
1458 1338 1457 1459 1560 
1459 1339 1458 1460 1462 1561 
1460 1340 1459 1461 1462 
1461 1340 1460 1463 1464 
1462 1459 1460 1463 1562 
1463 1461 1462 1466 1468 1563 
1464 1341 1461 1465 1466 1467 
1465 1341 1464 1470 1471 1474 
1466 1463 1464 1467 1468 
1467 1464 1466 1469 1470 
1468 1463 1466 1469 1566 
1469 1467 1468 1472 1567 
1470 1465 1467 1471 1472 
1471 1465 1470 1473 1479 
1472 1469 1470 1473 1570 
1473 1471 1472 1481 1570 
1474 1344 1465 1475 1477 1479 1480 
1475 1345 1474 1476 1477 
1476 1345 1475 1478 1487 
1477 1474 1475 1478 1483 
1478 1476 1477 1484 1489 
1479 1471 1474 1480 1481 
1480 1474 1479 1482 1483 
1481 1473 1479 1482 1573 
1482 1480 1481 1485 1573 
1483 1477 1480 1484 1485 
1484 1478 1483 1486 1495 
1485 1482 1483 1486 1574 
1486 1484 1485 1495 1574 
1487 1348 1476 1488 1489 
1488 1348 1487 1490 1491 
1489 1478 1487 1490 1495 
1490 1488 1489 1493 1495 
1491 1351 1488 1492 1493 
1492 1352 1491 1494 1497 
1493 1490 1491 1494 1496 
1494 1492 1493 1496 1497 
1495 1484 1486 1489 1490 1496 1577 
1496 1493 1494 1495 1499 1577 
1497 1360 1361 1492 1494 1498 1499 
1498 1364 1365 1497 1500 1501 
1499 1496 1497 1500 1578 
1500 1498 1499 1501 1578 
1501 1374 1375 1498 1500 1502 1579 
1502 1381 1382 1501 1503 1580 
1503 1385 1386 1502 1504 1581 
1504 1389 1390 1503 1505 1582 
1505 1393 1394 1504 1506 1583 
1506 1397 1398 1505 1507 1584 1585 
1507 1401 1402 1506 1508 1510 1588 1589 
1508 1405 1507 1509 1510 
1509 1406 1508 1511 1512 
1510 1507 1508 1511 1598 1599 
1511 1509 1510 1514 1516 1602 1603 
1512 1409 1509 1513 1514 1515 
1513 1410 1512 1518 1519 1522 1524 
1514 1511 1512 1515 1516 
1515 1512 1514 1517 1518 
1516 1511 1514 1517 1611 
1517 1515 1516 1520 1612 
1518 1513 1515 1519 1520 
1519 1513 1518 1521 1530 
1520 1517 1518 1521 1615 
1521 1519 1520 1532 1615 
1522 1413 1513 1523 1524 
1523 1413 1522 1525 1526 
1524 1513 1522 1525 1530 
1525 1523 1524 1528 1531 
1526 1414 1523 1527 1528 
1527 1414 1526 1529 1535 
1528 1525 1526 1529 1534 
1529 1527 1528 1534 1537 
1530 1519 1524 1531 1532 
1531 1525 1530 1533 1534 
1532 1521 1530 1533 1618 
1533 1531 1532 1534 1618 
1534 1528 1529 1531 1533 1540 1619 
1535 1422 1527 1536 1537 
1536 1423 1535 1538 1539 
1537 1529 1535 1538 1540 
1538 1536 1537 1539 1540 
1539 1426 1427 1536 1538 1541 1542 
1540 1534 1537 1538 1541 1622 
1541 1539 1540 1542 1622 
1542 1433 1434 1539 1541 1543 1623 
1543 1435 1542 1544 1624 
1544 1436 1543 1545 1625 
1545 1437 1544 1546 1626 
1546 1438 1545 1547 1627 
1547 1439 1546 1548 1628 
1548 1440 1547 1549 1629 
1549 1441 1548 1550 1630 
1550 1442 1549 1551 1631 
1551 1443 1550 1552 1632 
1552 1444 1551 1553 1633 
1553 1445 1552 1554 1634 
1554 1446 1553 1555 1635 
1555 1447 1554 1556 1636 
1556 1450 1451 1555 1557 1637 
1557 1454 1455 1556 1638 
1558 1456 1559 1639 
1559 1457 1558 1560 1640 
1560 1458 1559 1561 1641 
1561 1459 1560 1562 1564 1642 
1562 1462 1561 1563 1564 
1563 1463 1562 1565 1566 1568 
1564 1561 1562 1565 1643 
1565 1563 1564 1571 1643 
1566 1468 1563 1567 1568 
1567 1469 1566 1569 1570 
1568 1563 1566 1569 1571 
1569 1567 1568 1570 1571 
1570 1472 1473 1567 1569 1572 1573 
1571 1565 1568 1569 1572 1644 
1572 1570 1571 1575 1644 
1573 1481 1482 1570 1574 1575 
1574 1485 1486 1573 1576 1577 
1575 1572 1573 1576 1645 
1576 1574 1575 1577 1645 
1577 1495 1496 1574 1576 1578 1646 
1578 1499 1500 1577 1579 1647 
1579 1501 1578 1580 1648 
1580 1502 1579 1581 1649 
1581 1503 1580 1582 1650 
1582 1504 1581 1583 1651 1652 
1583 1505 1582 1584 1586 1655 1656 
1584 1506 1583 1585 1586 
1585 1506 1584 1587 1588 
1586 1583 1584 1587 1665 1666 
1587 1585 1586 1590 1592 1669 1670 
1588 1507 1585 1589 1590 1591 
1589 1507 1588 1594 1595 1598 1600 
1590 1587 1588 1591 1592 
1591 1588 1590 1593 1594 
1592 1587 1590 1593 1678 
1593 1591 1592 1596 1679 
1594 1589 1591 1595 1596 
1595 1589 1594 1597 1606 
1596 1593 1594 1597 1682 
1597 1595 1596 1608 1682 
1598 1510 1589 1599 1600 
1599 1510 1598 1601 1602 
1600 1589 1598 1601 1606 
1601 1599 1600 1604 1607 
1602 1511 1599 1603 1604 
1603 1511 1602 1605 1611 
1604 1601 1602 1605 1610 
1605 1603 1604 1610 1613 
1606 1595 1600 1607 1608 
1607 1601 1606 1609 1610 
1608 1597 1606 1609 1685 
1609 1607 1608 1610 1685 
1610 1604 1605 1607 1609 1616 1686 
1611 1516 1603 1612 1613 
1612 1517 1611 1614 1615 
1613 1605 1611 1614 1616 
1614 1612 1613 1615 1616 
1615 1520 1521 1612 1614 1617 1618 
1616 1610 1613 1614 1617 1689 
1617 1615 1616 1620 1689 
1618 1532 1533 1615 1619 1620 
1619 1534 1618 1621 1622 
1620 1617 1618 1621 1690 
1621 1619 1620 1622 1690 
1622 1540 1541 1619 1621 1623 1691 
1623 1542 1622 1624 1692 
1624 1543 1623 1625 1693 
1625 1544 1624 1626 1694 
1626 1545 1625 1627 1695 
1627 1546 1626 1628 1696 
1628 1547 1627 1629 1697 
1629 1548 1628 1630 1698 
1630 1549 1629 1631 1699 
1631 1550 1630 1632 1700 
1632 1551 1631 1633 1701 
1633 1552 1632 1634 1702 
1634 1553 1633 1635 1703 
1635 1554 1634 1636 1704 
1636 1555 1635 1637 1705 
1637 1556 1636 1638 1706 
1638 1557 1637 1707 
1639 1558 1640 1708 
1640 1559 1639 1641 1709 
1641 1560 1640 1642 1710 
1642 1561 1641 1643 1711 
1643 1564 1565 1642 1644 1712 
1644 1571 1572 1643 1645 1713 
1645 1575 1576 1644 1646 1714 
1646 1577 1645 1647 1715 
1647 1578 1646 1648 1716 
1648 1579 1647 1649 1717 
1649 1580 1648 1650 1718 
1650 1581 1649 1651 1653 1719 
1651 1582 1650 1652 1653 
1652 1582 1651 1654 1655 
1653 1650 1651 1654 1720 
1654 1652 1653 1657 1659 1721 1722 
1655 1583 1652 1656 1657 1658 
1656 1583 1655 1661 1662 1665 1667 
1657 1654 1655 1658 1659 
1658 1655 1657 1660 1661 
1659 1654 1657 1660 1727 
1660 1658 1659 1663 1728 
1661 1656 1658 1662 1663 
1662 1656 1661 1664 1673 
1663 1660 1661 1664 1731 
1664 1662 1663 1675 1731 
1665 1586 1656 1666 1667 
1666 1586 1665 1668 1669 
1667 1656 1665 1668 1673 
1668 1666 1667 1671 1674 
1669 1587 1666 1670 1671 
1670 1587 1669 1672 1678 
1671 1668 1669 1672 1677 
1672 1670 1671 1677 1680 
1673 1662 1667 1674 1675 
1674 1668 1673 1676 1677 
1675 1664 1673 1676 1734 
1676 1674 1675 1677 1734 
1677 1671 1672 1674 1676 1683 1735 
1678 1592 1670 1679 1680 
1679 1593 1678 1681 1682 
1680 1672 1678 1681 1683 
1681 1679 1680 1682 1683 
1682 1596 1597 1679 1681 1684 1685 
1683 1677 1680 1681 1684 1738 
1684 1682 1683 1687 1738 
1685 1608 1609 1682 1686 1687 
1686 1610 1685 1688 1689 
1687 1684 1685 1688 1739 
1688 1686 1687 1689 1739 
1689 1616 1617 1686 1688 1690 1740 
1690 1620 1621 1689 1691 1741 
1691 1622 1690 1692 1742 
1692 1623 1691 1693 1743 
1693 1624 1692 1694 1744 
1694 1625 1693 1695 1745 
1695 1626 1694 1696 1746 
1696 1627 1695 1697 1747 
1697 1628 1696 1698 1748 
1698 1629 1697 1699 1749 
1699 1630 1698 1700 1750 
1700 1631 1699 1701 1751 
1701 1632 1700 1702 1752 
1702 1633 1701 1703 1753 
1703 1634 1702 1704 1754 
1704 1635 1703 1705 1755 
1705 1636 1704 1706 1756 
1706 1637 1705 1707 1757 
1707 1638 1706 1758 
1708 1639 1709 1759 
1709 1640 1708 1710 1760 
1710 1641 1709 1711 1761 
1711 1642 1710 1712 1762 
1712 1643 1711 1713 1763 
1713 1644 1712 1714 1764 
1714 1645 1713 1715 1765 
1715 1646 1714 1716 1766 
1716 1647 1715 1717 1767 
1717 1648 1716 1718 1768 
1718 1649 1717 1719 1769 
1719 1650 1718 1720 1725 1770 
1720 1653 1719 1721 1723 1725 
1721 1654 1720 1722 1723 
1722 1654 1721 1724 1727 
1723 1720 1721 1724 1726 
1724 1722 1723 1726 1729 
1725 1719 1720 1726 1771 
1726 1723 1724 1725 1732 1771 
1727 1659 1722 1728 1729 
1728 1660 1727 1730 1731 
1729 1724 1727 1730 1732 
1730 1728 1729 1731 1732 
1731 1663 1664 1728 1730 1733 1734 
1732 1726 1729 1730 1733 1772 
1733 1731 1732 1736 1772 
1734 1675 1676 1731 1735 1736 
1735 1677 1734 1737 1738 
1736 1733 1734 1737 1773 
1737 1735 1736 1738 1773 
1738 1683 1684 1735 1737 1739 1774 
1739 1687 1688 1738 1740 1775 
1740 1689 1739 1741 1776 
1741 1690 1740 1742 1777 
1742 1691 1741 1743 1778 
1743 1692 1742 1744 1779 
1744 1693 1743 1745 1780 
1745 1694 1744 1746 1781 
1746 1695 1745 1747 1782 
1747 1696 1746 1748 1783 
1748 1697 1747 1749 1784 
1749 1698 1748 1750 1785 
1750 1699 1749 1751 1786 
1751 1700 1750 1752 1787 
1752 1701 1751 1753 1788 
1753 1702 1752 1754 1789 
1754 1703 1753 1755 1790 
1755 1704 1754 1756 1791 
1756 1705 1755 1757 1792 
1757 1706 1756 1758 1793 
1758 1707 1757 1794 
1759 1708 1760 1795 
1760 1709 1759 1761 1796 
1761 1710 1760 1762 1797 
1762 1711 1761 1763 1798 
1763 1712 1762 1764 1799 
1764 1713 1763 1765 1800 
1765 1714 1764 1766 1801 
1766 1715 1765 1767 1802 
1767 1716 1766 1768 1803 
1768 1717 1767 1769 1804 
1769 1718 1768 1770 1805 
1770 1719 1769 1771 1806 
1771 1725 1726 1770 1772 1807 
1772 1732 1733 1771 1773 1808 
1773 1736 1737 1772 1774 1809 
1774 1738 1773 1775 1810 
1775 1739 1774 1776 1811 
1776 1740 1775 1777 1812 
1777 1741 1776 1778 1813 
1778 1742 1777 1779 1814 
1779 1743 1778 1780 1815 
1780 1744 1779 1781 1816 
1781 1745 1780 1782 1817 
1782 1746 1781 1783 1818 
1783 1747 1782 1784 1819 
1784 1748 1783 1785 1820 
1785 1749 1784 1786 1821 
1786 1750 1785 1787 1822 
1787 1751 1786 1788 1823 
1788 1752 1787 1789 1824 
1789 1753 1788 1790 1825 
1790 1754 1789 1791 1826 
1791 1755 1790 1792 1827 
1792 1756 1791 1793 1828 
1793 1757 1792 1794 1829 
1794 1758 1793 1830 
1795 1759 1796 1831 
1796 1760 1795 1797 1832 
1797 1761 1796 1798 1833 
1798 1762 1797 1799 1834 
1799 1763 1798 1800 1835 
1800 1764 1799 1801 1836 
1801 1765 1800 1802 1837 
1802 1766 1801 1803 1838 
1803 1767 1802 1804 1839 
1804 1768 1803 1805 1840 
1805 1769 1804 1806 1841 
1806 1770 1805 1807 1842 
1807 1771 1806 1808 1843 
1808 1772 1807 1809 1844 
1809 1773 1808 1810 1845 
1810 1774 1809 1811 1846 
1811 1775 1810 1812 1847 
1812 1776 1811 1813 1848 
1813 1777 1812 1814 1849 
1814 1778 1813 1815 1850 
1815 1779 1814 1816 1851 
1816 1780 1815 1817 1852 
1817 1781 1816 1818 1853 
1818 1782 1817 1819 1854 
1819 1783 1818 1820 1855 
1820 1784 1819 1821 1856 
1821 1785 1820 1822 1857 
1822 1786 1821 1823 1858 
1823 1787 1822 1824 1859 
1824 1788 1823 1825 1860 
1825 1789 1824 1826 1861 
1826 1790 1825 1827 1862 
1827 1791 1826 1828 1863 
1828 1792 1827 1829 1864 
1829 1793 1828 1830 1865 
1830 1794 1829 1866 
1831 1795 1832 
1832 1796 1831 1833 
1833 1797 1832 1834 
1834 1798 1833 1835 
1835 1799 1834 1836 
1836 1800 1835 1837 
1837 1801 1836 1838 
1838 1802 1837 1839 
1839 1803 1838 1840 
1840 1804 1839 1841 
1841 1805 1840 1842 
1842 1806 1841 1843 
1843 1807 1842 1844 
1844 1808 1843 1845 
1845 1809 1844 1846 
1846 1810 1845 1847 
1847 1811 1846 1848 
1848 1812 1847 1849 
1849 1813 1848 1850 
1850 1814 1849 1851 
1851 1815 1850 1852 
1852 1816 1851 1853 
1853 1817 1852 1854 
1854 1818 1853 1855 
1855 1819 1854 1856 
1856 1820 1855 1857 
1857 1821 1856 1858 
1858 1822 1857 1859 
1859 1823 1858 1860 
1860 1824 1859 1861 
1861 1825 1860 1862 
1862 1826 1861 1863 
1863 1827 1862 1864 
1864 1828 1863 1865 
1865 1829 1864 1866 
1866 1830 1865 