   5.796655E-05    5.116952E-05    3.322605E-05    5.328533E-05    6.702224E-05    8.729611E-05    1.092280E-04    1.075133E-04    6.587769E-05    5.573483E-05    4.480211E-05    4.319004E-05    4.553528E-05    3.778503E-05    4.702234E-05    5.013853E-05    7.335259E-05    8.094173E-05    1.049133E-04    8.281109E-05
   7.863200E-05    6.405133E-05    6.382435E-05    7.076916E-05    7.281134E-05    8.522867E-05    1.098222E-04    1.116018E-04    6.466490E-05    4.421056E-05    4.070097E-05    2.264737E-05    2.605009E-05    3.500397E-05    4.117865E-05    6.305640E-05    1.306838E-04    1.207381E-04    9.934952E-05    1.084320E-04
   8.946081E-05    9.295635E-05    6.647183E-05    6.947342E-05    6.319859E-05    1.049663E-04    1.098908E-04    9.381413E-05    4.655302E-05    4.452991E-05    4.488446E-05    2.896760E-05    4.115798E-05    3.564719E-05    7.586149E-05    8.559449E-05    9.073097E-05    5.660883E-05    1.157787E-04    9.470926E-05
   6.780736E-05    8.884684E-05    7.470236E-05    4.644121E-05    7.144854E-05    7.692937E-05    1.050189E-04    9.500937E-05    5.372290E-05    3.999504E-05    3.739339E-05    2.164018E-05    3.375515E-05    2.724575E-05    5.010822E-05    5.975992E-05    6.594098E-05    5.778133E-05    6.612402E-05    6.293649E-05
   5.085088E-05    5.483877E-05    7.953861E-05    4.042610E-05    4.860783E-05    1.048808E-04    7.024399E-05    9.252232E-05    4.937215E-05    4.976697E-05    5.756045E-05    3.156024E-05    2.484982E-05    2.797413E-05    4.997061E-05    6.365412E-05    7.753904E-05    4.298612E-05    9.557048E-05    1.090373E-04
   6.651758E-05    7.631839E-05    1.039293E-04    4.784318E-05    4.780546E-05    5.095975E-05    9.634177E-05    8.847926E-05    5.627671E-05    3.586790E-05    5.128058E-05    3.374169E-05    3.029797E-05    2.552141E-05    3.320410E-05    5.239668E-05    6.098756E-05    3.506243E-05    3.912462E-05    7.291929E-05
   8.197665E-05    9.896368E-05    6.690794E-05    6.351747E-05    4.458782E-05    6.342517E-05    6.861005E-05    8.644903E-05    3.987143E-05    2.963474E-05    4.746829E-05    2.122303E-05    1.734740E-05    1.639050E-05    1.606725E-05    2.186478E-05    3.267013E-05    5.213095E-05    4.572276E-05    6.235162E-05
   1.000043E-04    9.254395E-05    1.301524E-04    1.101533E-04    6.247003E-05    7.128676E-05    6.930392E-05    8.679802E-05    4.408884E-05    4.149437E-05    4.635072E-05    2.420648E-05    2.087413E-05    2.272867E-05    1.845846E-05    2.101549E-05    3.273207E-05    3.685033E-05    2.948089E-05    5.353768E-05
   9.046516E-05    6.078435E-05    1.061956E-04    8.773595E-05    9.869812E-05    9.869812E-05    9.869812E-05    7.163419E-05    5.901137E-05    2.677619E-05    3.213669E-05    3.611984E-05    1.484539E-05    1.208061E-05    1.573282E-05    2.298516E-05    1.984450E-05    3.660317E-05    3.161187E-05    2.777047E-05
   8.003386E-05    5.694363E-05    6.620082E-05    9.208175E-05    9.869812E-05    9.869812E-05    9.869812E-05    9.869812E-05    4.555019E-05    4.850273E-05    5.014739E-05    2.931467E-05    1.569371E-05    1.221954E-05    1.497000E-05    3.234346E-05    2.327847E-05    2.915073E-05    3.747685E-05    2.751526E-05
   8.673248E-05    8.152423E-05    8.372177E-05    1.943147E-04    9.869812E-05    9.869812E-05    9.869812E-05    9.869812E-05    5.797434E-05    6.311256E-05    5.346355E-05    3.576857E-05    2.455554E-05    2.670214E-05    3.292121E-05    3.616392E-05    3.149677E-05    4.142840E-05    3.249011E-05    3.122035E-05
   5.452748E-05    9.108325E-05    1.369331E-04    1.756025E-04    9.869812E-05    9.869812E-05    9.869812E-05    9.869812E-05    7.720491E-05    4.058655E-05    3.104258E-05    4.722164E-05    3.025500E-05    2.906844E-05    4.283088E-05    3.995754E-05    6.121983E-05    4.051457E-05    2.592720E-05    3.121186E-05
   7.937433E-05    7.256926E-05    1.010873E-04    1.438108E-04    9.869812E-05    9.869812E-05    9.869812E-05    9.869812E-05    6.138831E-05    5.677391E-05    3.715658E-05    5.946766E-05    4.440544E-05    3.822869E-05    2.741037E-05    3.779166E-05    4.318624E-05    2.706820E-05    3.137780E-05    1.575451E-05
   7.685171E-05    1.235612E-04    1.325614E-04    1.716455E-04    9.869812E-05    9.869812E-05    9.869812E-05    9.869812E-05    1.352938E-04    5.963829E-05    5.545793E-05    4.368070E-05    3.434102E-05    3.366904E-05    4.119272E-05    3.342117E-05    3.314260E-05    2.595280E-05    3.177164E-05    4.140054E-05
   1.017313E-04    1.116651E-04    1.621953E-04    2.080898E-04    9.869812E-05    9.869812E-05    9.869812E-05    9.869812E-05    1.094613E-04    6.336791E-05    4.586910E-05    5.800655E-05    4.092315E-05    3.307807E-05    4.057791E-05    2.524725E-05    2.748111E-05    3.202018E-05    3.864208E-05    5.914923E-05
   1.127311E-04    1.228310E-04    1.920942E-04    2.101556E-04    9.869812E-05    9.869812E-05    9.869812E-05    9.869812E-05    8.906437E-05    4.372167E-05    2.562986E-05    2.904667E-05    3.047195E-05    1.873903E-05    4.063935E-05    2.846838E-05    2.710891E-05    3.940985E-05    4.895697E-05    8.295064E-05
   1.180043E-04    2.213802E-04    2.776627E-04    1.511500E-04    9.869812E-05    9.869812E-05    9.869812E-05    9.869812E-05    5.221514E-05    4.294242E-05    3.363554E-05    4.089281E-05    4.073099E-05    3.118145E-05    2.605796E-05    2.674082E-05    4.592610E-05    3.523293E-05    6.195549E-05    9.249674E-05
   1.747174E-04    1.212370E-04    1.403215E-04    1.193352E-04    9.869812E-05    9.869812E-05    9.869812E-05    9.869812E-05    6.305802E-05    4.034908E-05    5.695059E-05    6.476814E-05    3.830744E-05    2.308157E-05    2.163957E-05    4.082164E-05    5.571109E-05    7.202658E-05    9.732027E-05    1.249242E-04
   1.647604E-04    1.403505E-04    1.182370E-04    1.107673E-04    9.869812E-05    9.869812E-05    9.869812E-05    9.869812E-05    7.919413E-05    3.647113E-05    4.367846E-05    9.596008E-05    5.778937E-05    3.157313E-05    3.455061E-05    3.869741E-05    6.724129E-05    7.860293E-05    8.065512E-05    9.361952E-05
   2.027593E-04    1.451823E-04    7.792112E-05    9.528295E-05    9.869812E-05    9.869812E-05    9.869812E-05    9.869812E-05    3.941557E-05    4.537705E-05    2.592171E-05    6.085499E-05    4.498640E-05    4.674447E-05    4.643528E-05    4.365677E-05    5.407767E-05    6.269364E-05    8.919471E-05    5.767612E-05
   8.016219E-05    1.047897E-04    3.975163E-05    6.780535E-05    9.869812E-05    9.869812E-05    9.869812E-05    9.869812E-05    7.250211E-05    6.253516E-05    5.136672E-05    7.568124E-05    1.104516E-04    6.891920E-05    5.260432E-05    5.145690E-05    4.270383E-05    5.147529E-05    5.306942E-05    6.073824E-05
   5.085276E-05    4.729912E-05    4.327762E-05    4.092539E-05    9.869812E-05    9.869812E-05    5.437859E-05    6.148850E-05    9.094426E-05    6.482865E-05    7.026300E-05    8.773350E-05    1.469663E-04    1.710643E-04    6.629194E-05    4.732891E-05    4.221253E-05    3.647335E-05    3.426986E-05    5.500757E-05
   4.205825E-05    4.442646E-05    4.357385E-05    4.888854E-05    7.880381E-05    9.869812E-05    4.703305E-05    5.598614E-05    7.508138E-05    1.104765E-04    1.532178E-04    1.094233E-04    9.595845E-05    8.409264E-05    7.287780E-05    5.882888E-05    7.238492E-05    4.506237E-05    3.151115E-05    4.755600E-05
   3.312036E-05    7.608637E-05    5.065104E-05    7.133438E-05    4.895775E-05    7.910286E-05    3.731563E-05    6.886735E-05    1.114354E-04    1.181526E-04    1.521074E-04    1.406304E-04    1.111234E-04    1.215362E-04    9.442065E-05    7.070563E-05    7.293349E-05    3.581407E-05    4.712926E-05    4.345014E-05
   3.985864E-05    8.639127E-05    8.757066E-05    9.678734E-05    6.960475E-05    7.076433E-05    4.677723E-05    7.038128E-05    1.259478E-04    1.086682E-04    1.235176E-04    1.590111E-04    2.010322E-04    1.148149E-04    1.105319E-04    6.485617E-05    5.989249E-05    5.784544E-05    5.984625E-05    6.428096E-05
   5.832078E-05    9.715575E-05    1.283335E-04    1.080157E-04    7.004920E-05    5.400252E-05    7.418503E-05    9.942777E-05    1.169993E-04    1.267402E-04    1.322784E-04    1.696516E-04    1.388772E-04    1.279794E-04    9.246672E-05    8.591931E-05    6.621320E-05    7.430926E-05    4.800358E-05    6.876280E-05
   8.162535E-05    9.182741E-05    1.065202E-04    1.209582E-04    8.659091E-05    7.022095E-05    8.538246E-05    8.988576E-05    1.576616E-04    1.956691E-04    1.273639E-04    1.567372E-04    1.305275E-04    8.432967E-05    1.008543E-04    9.330022E-05    6.258142E-05    7.008747E-05    7.687515E-05    5.609090E-05
   1.334654E-04    1.328967E-04    1.583733E-04    9.571783E-05    1.397542E-04    1.422577E-04    9.852601E-05    7.030691E-05    1.387445E-04    1.958294E-04    1.879238E-04    1.113394E-04    9.736214E-05    7.817200E-05    7.263341E-05    7.746084E-05    4.725822E-05    4.340372E-05    5.529203E-05    5.376021E-05
   2.784100E-04    2.660721E-04    1.791980E-04    1.037569E-04    5.430501E-05    6.104469E-05    1.003330E-04    7.028282E-05    8.134252E-05    1.474825E-04    1.355784E-04    1.608315E-04    1.467127E-04    6.249605E-05    4.960505E-05    4.758611E-05    3.022029E-05    4.092810E-05    3.584478E-05    7.178564E-05
   2.844233E-04    2.845354E-04    1.303607E-04    1.235579E-04    5.402512E-05    6.465706E-05    1.222569E-04    9.670107E-05    1.220770E-04    6.920314E-05    9.513068E-05    1.228048E-04    7.889585E-05    5.318243E-05    4.021143E-05    4.231844E-05    3.125097E-05    3.017944E-05    2.973627E-05    4.850054E-05
   2.372313E-04    3.270289E-04    1.327817E-04    6.863399E-05    5.751848E-05    6.079855E-05    9.232231E-05    7.100939E-05    5.687469E-05    5.807112E-05    8.217431E-05    1.101452E-04    9.171836E-05    7.506902E-05    5.373718E-05    4.812538E-05    2.218426E-05    3.693538E-05    3.275522E-05    2.849327E-05
   2.452262E-04    3.249265E-04    2.657483E-04    1.347036E-04    1.307291E-04    1.132122E-04    7.611240E-05    7.628093E-05    9.647267E-05    7.165733E-05    1.377338E-04    7.692246E-05    1.377860E-04    1.526249E-04    8.155499E-05    5.405404E-05    5.114887E-05    4.626250E-05    2.846283E-05    3.287847E-05
   9.869812E-05    2.593567E-04    2.233443E-04    1.369096E-04    1.102446E-04    1.062158E-04    8.108920E-05    1.181067E-04    8.167328E-05    8.675295E-05    1.316554E-04    1.520671E-04    1.707917E-04    8.028740E-05    6.251247E-05    4.613766E-05    6.765779E-05    4.267325E-05    4.447376E-05    3.941378E-05
   9.869812E-05    9.869812E-05    3.160289E-04    1.416940E-04    1.285910E-04    1.339645E-04    1.026920E-04    1.039243E-04    8.474742E-05    1.211100E-04    1.451577E-04    1.651218E-04    1.357913E-04    1.316525E-04    5.157918E-05    3.798415E-05    4.375474E-05    5.441208E-05    4.440783E-05    4.997960E-05
   9.869812E-05    9.869812E-05    9.869812E-05    1.269375E-04    1.083080E-04    1.281838E-04    2.287586E-04    1.538459E-04    9.001643E-05    1.141230E-04    2.136702E-04    1.073103E-04    1.641380E-04    8.506862E-05    4.006563E-05    5.091715E-05    5.141891E-05    5.162893E-05    4.067437E-05    7.168562E-05
   9.869812E-05    9.869812E-05    9.869812E-05    9.869812E-05    9.427616E-05    1.454329E-04    1.635401E-04    1.526033E-04    1.421314E-04    1.163364E-04    1.255756E-04    9.836847E-05    9.064470E-05    5.671591E-05    6.174895E-05    5.666038E-05    5.881976E-05    8.256838E-05    5.542854E-05    9.869812E-05
   9.869812E-05    9.869812E-05    9.869812E-05    9.869812E-05    6.973759E-05    9.177297E-05    1.003860E-04    1.392425E-04    1.336657E-04    8.523405E-05    9.143509E-05    7.159467E-05    6.509192E-05    8.540725E-05    8.758524E-05    8.441505E-05    1.107183E-04    6.891028E-05    5.136816E-05    9.869812E-05
   9.869812E-05    9.869812E-05    9.869812E-05    9.869812E-05    9.869812E-05    8.439369E-05    1.000956E-04    1.301001E-04    1.085202E-04    6.370744E-05    8.743108E-05    6.868965E-05    5.926793E-05    9.500854E-05    7.874588E-05    8.574841E-05    5.064363E-05    4.219384E-05    9.869812E-05    9.869812E-05
   9.869812E-05    9.869812E-05    9.869812E-05    9.869812E-05    9.869812E-05    6.970274E-05    9.578547E-05    9.060834E-05    8.233011E-05    3.734014E-05    8.402652E-05    8.774841E-05    5.397855E-05    8.212031E-05    9.482729E-05    7.082663E-05    4.198665E-05    9.869812E-05    9.869812E-05    9.869812E-05
   9.869812E-05    9.869812E-05    9.869812E-05    9.869812E-05    9.869812E-05    1.018439E-04    5.466359E-05    6.908463E-05    6.849164E-05    1.269555E-04    1.097314E-04    1.245922E-04    6.038906E-05    4.402637E-05    5.659597E-05    3.632047E-05    9.869812E-05    9.869812E-05    9.869812E-05    9.869812E-05
