   2.826955E-05    2.495473E-05    1.620392E-05    2.598658E-05    3.268590E-05    4.257320E-05    5.326911E-05    5.243287E-05    3.212771E-05    2.718117E-05    2.184942E-05    2.106323E-05    2.220698E-05    1.842728E-05    2.293220E-05    2.445192E-05    3.577312E-05    3.947425E-05    5.116486E-05    4.038591E-05
   3.834783E-05    3.123702E-05    3.112632E-05    3.451322E-05    3.550916E-05    4.156494E-05    5.355890E-05    5.442679E-05    3.153625E-05    2.156093E-05    1.984935E-05    1.104483E-05    1.270430E-05    1.707099E-05    2.008230E-05    3.075180E-05    6.373281E-05    5.888246E-05    4.845150E-05    5.288089E-05
   4.362890E-05    4.533363E-05    3.241746E-05    3.388130E-05    3.082115E-05    5.119075E-05    5.359235E-05    4.575196E-05    2.270331E-05    2.171667E-05    2.188958E-05    1.412713E-05    2.007222E-05    1.738468E-05    3.699668E-05    4.174334E-05    4.424834E-05    2.760741E-05    5.646381E-05    4.618850E-05
   3.306878E-05    4.332948E-05    3.643139E-05    2.264879E-05    3.484454E-05    3.751747E-05    5.121639E-05    4.633486E-05    2.619998E-05    1.950507E-05    1.823628E-05    1.055364E-05    1.646196E-05    1.328741E-05    2.443714E-05    2.914415E-05    3.215857E-05    2.817922E-05    3.224784E-05    3.069333E-05
   2.479933E-05    2.674417E-05    3.878997E-05    1.971530E-05    2.370542E-05    5.114903E-05    3.425710E-05    4.512196E-05    2.407817E-05    2.427072E-05    2.807150E-05    1.539153E-05    1.211894E-05    1.364262E-05    2.437003E-05    3.104331E-05    3.781480E-05    2.096378E-05    4.660851E-05    5.317610E-05
   3.243978E-05    3.721951E-05    5.068499E-05    2.333251E-05    2.331411E-05    2.485242E-05    4.698466E-05    4.315021E-05    2.744544E-05    1.749232E-05    2.500889E-05    1.645539E-05    1.477593E-05    1.244647E-05    1.619322E-05    2.555320E-05    2.974286E-05    1.709950E-05    1.908058E-05    3.556181E-05
   3.997897E-05    4.826333E-05    3.263015E-05    3.097666E-05    2.174491E-05    3.093165E-05    3.346025E-05    4.216009E-05    1.944479E-05    1.445249E-05    2.314968E-05    1.035020E-05    8.460108E-06    7.993440E-06    7.835794E-06    1.066317E-05    1.593281E-05    2.542360E-05    2.229841E-05    3.040809E-05
   4.877083E-05    4.513251E-05    6.347366E-05    5.372035E-05    3.046584E-05    3.476565E-05    3.379864E-05    4.233029E-05    2.150157E-05    2.023627E-05    2.260466E-05    1.180519E-05    1.018005E-05    1.108448E-05    9.001957E-06    1.024899E-05    1.596302E-05    1.797144E-05    1.437745E-05    2.610964E-05
   4.411871E-05    2.964376E-05    5.179023E-05    4.278771E-05    6.155115E-05    6.155115E-05    6.155115E-05    3.493508E-05    2.877910E-05    1.305841E-05    1.567265E-05    1.761519E-05    7.239907E-06    5.891558E-06    7.672694E-06    1.120957E-05    9.677912E-06    1.785090E-05    1.541671E-05    1.354331E-05
   3.903150E-05    2.777069E-05    3.228530E-05    4.490710E-05    6.155115E-05    6.155115E-05    6.155115E-05    6.155115E-05    2.221425E-05    2.365417E-05    2.445624E-05    1.429639E-05    7.653624E-06    5.959316E-06    7.300681E-06    1.577349E-05    1.135261E-05    1.421644E-05    1.827698E-05    1.341884E-05
   4.229833E-05    3.975833E-05    4.083004E-05    9.476482E-05    6.155115E-05    6.155115E-05    6.155115E-05    6.155115E-05    2.827335E-05    3.077919E-05    2.607349E-05    1.744388E-05    1.197542E-05    1.302229E-05    1.605525E-05    1.763668E-05    1.536057E-05    2.020410E-05    1.584501E-05    1.522577E-05
   2.659236E-05    4.442014E-05    6.678051E-05    8.563911E-05    6.155115E-05    6.155115E-05    6.155115E-05    6.155115E-05    3.765185E-05    1.979355E-05    1.513907E-05    2.302939E-05    1.475498E-05    1.417631E-05    2.088808E-05    1.948679E-05    2.985613E-05    1.975844E-05    1.264436E-05    1.522163E-05
   3.870985E-05    3.539110E-05    4.929900E-05    7.013468E-05    6.155115E-05    6.155115E-05    6.155115E-05    6.155115E-05    2.993830E-05    2.768792E-05    1.812079E-05    2.900162E-05    2.165597E-05    1.864364E-05    1.336769E-05    1.843051E-05    2.106138E-05    1.320082E-05    1.530256E-05    7.683273E-06
   3.747960E-05    6.025921E-05    6.464852E-05    8.370931E-05    6.155115E-05    6.155115E-05    6.155115E-05    6.155115E-05    6.598109E-05    2.908483E-05    2.704613E-05    2.130252E-05    1.674768E-05    1.641996E-05    2.008916E-05    1.629908E-05    1.616322E-05    1.265685E-05    1.549462E-05    2.019051E-05
   4.961308E-05    5.445763E-05    7.910060E-05    1.014828E-04    6.155115E-05    6.155115E-05    6.155115E-05    6.155115E-05    5.338290E-05    3.090372E-05    2.236978E-05    2.828905E-05    1.995770E-05    1.613175E-05    1.978933E-05    1.231276E-05    1.340219E-05    1.561583E-05    1.884525E-05    2.884633E-05
   5.497751E-05    5.990312E-05    9.368190E-05    1.024902E-04    6.155115E-05    6.155115E-05    6.155115E-05    6.155115E-05    4.343556E-05    2.132250E-05    1.249936E-05    1.416569E-05    1.486078E-05    9.138787E-06    1.981930E-05    1.388367E-05    1.322067E-05    1.921968E-05    2.387569E-05    4.045397E-05
   5.754922E-05    1.079643E-04    1.354126E-04    7.371394E-05    6.155115E-05    6.155115E-05    6.155115E-05    6.155115E-05    2.546466E-05    2.094247E-05    1.640362E-05    1.994290E-05    1.986399E-05    1.520680E-05    1.270813E-05    1.304116E-05    2.239757E-05    1.718265E-05    3.021491E-05    4.510948E-05
   8.520743E-05    5.912576E-05    6.843300E-05    5.819826E-05    6.155115E-05    6.155115E-05    6.155115E-05    6.155115E-05    3.075259E-05    1.967773E-05    2.777408E-05    3.158660E-05    1.868205E-05    1.125659E-05    1.055334E-05    1.990819E-05    2.716959E-05    3.512645E-05    4.746186E-05    6.092392E-05
   8.035157E-05    6.844715E-05    5.766267E-05    5.401979E-05    6.155115E-05    6.155115E-05    6.155115E-05    6.155115E-05    3.862197E-05    1.778651E-05    2.130143E-05    4.679851E-05    2.818314E-05    1.539781E-05    1.684989E-05    1.887223E-05    3.279272E-05    3.833365E-05    3.933448E-05    4.565705E-05
   9.888312E-05    7.080357E-05    3.800114E-05    4.646828E-05    6.155115E-05    6.155115E-05    6.155115E-05    6.155115E-05    1.922247E-05    2.212981E-05    1.264169E-05    2.967820E-05    2.193929E-05    2.279668E-05    2.264589E-05    2.129085E-05    2.637299E-05    3.057489E-05    4.349912E-05    2.812791E-05
   3.909408E-05    5.110462E-05    1.938636E-05    3.306781E-05    6.155115E-05    6.155115E-05    6.155115E-05    6.155115E-05    3.535836E-05    3.049760E-05    2.505090E-05    3.690878E-05    5.386583E-05    3.361102E-05    2.565446E-05    2.509487E-05    2.082612E-05    2.510384E-05    2.588128E-05    2.962126E-05
   2.480025E-05    2.306718E-05    2.110594E-05    1.995879E-05    6.155115E-05    6.155115E-05    2.651975E-05    2.998716E-05    4.435236E-05    3.161611E-05    3.426637E-05    4.278651E-05    7.167360E-05    8.342586E-05    3.232973E-05    2.308171E-05    2.058651E-05    1.778759E-05    1.671297E-05    2.682649E-05
   2.051127E-05    2.166622E-05    2.125041E-05    2.384232E-05    3.843161E-05    6.155115E-05    2.293742E-05    2.730373E-05    3.661623E-05    5.387799E-05    7.472238E-05    5.336436E-05    4.679772E-05    4.101091E-05    3.554158E-05    2.869009E-05    3.530121E-05    2.197635E-05    1.536759E-05    2.319246E-05
   1.615238E-05    3.710635E-05    2.470187E-05    3.478887E-05    2.387607E-05    3.857746E-05    1.819836E-05    3.358573E-05    5.434562E-05    5.762151E-05    7.418082E-05    6.858368E-05    5.419349E-05    5.927166E-05    4.604775E-05    3.448224E-05    3.556873E-05    1.746607E-05    2.298434E-05    2.119008E-05
   1.943855E-05    4.213192E-05    4.270710E-05    4.720195E-05    3.394535E-05    3.451087E-05    2.281266E-05    3.432405E-05    6.142315E-05    5.299609E-05    6.023797E-05    7.754771E-05    9.804083E-05    5.599376E-05    5.390500E-05    3.162953E-05    2.920880E-05    2.821049E-05    2.918625E-05    3.134901E-05
   2.844230E-05    4.738162E-05    6.258662E-05    5.267788E-05    3.416210E-05    2.633634E-05    3.617909E-05    4.848966E-05    5.705906E-05    6.180957E-05    6.451050E-05    8.273693E-05    6.772863E-05    6.241394E-05    4.509484E-05    4.190175E-05    3.229133E-05    3.623968E-05    2.341073E-05    3.353474E-05
   3.980765E-05    4.478306E-05    5.194854E-05    5.898976E-05    4.222929E-05    3.424586E-05    4.163994E-05    4.383614E-05    7.688957E-05    9.542535E-05    6.211374E-05    7.643873E-05    6.365658E-05    4.112651E-05    4.918534E-05    4.550133E-05    3.052016E-05    3.418077E-05    3.749103E-05    2.735482E-05
   6.508940E-05    6.481201E-05    7.723663E-05    4.668037E-05    6.815635E-05    6.937727E-05    4.804988E-05    3.428779E-05    6.766391E-05    9.550351E-05    9.164803E-05    5.429880E-05    4.748228E-05    3.812349E-05    3.542239E-05    3.777667E-05    2.304723E-05    2.116744E-05    2.696522E-05    2.621817E-05
   1.357770E-04    1.297600E-04    8.739259E-05    5.060090E-05    2.648386E-05    2.977072E-05    4.893113E-05    3.427604E-05    3.966971E-05    7.192534E-05    6.611988E-05    7.843546E-05    7.154990E-05    3.047853E-05    2.419175E-05    2.320714E-05    1.473805E-05    1.996011E-05    1.748104E-05    3.500894E-05
   1.387096E-04    1.387643E-04    6.357525E-05    6.025762E-05    2.634737E-05    3.153243E-05    5.962313E-05    4.715988E-05    5.953541E-05    3.374949E-05    4.639402E-05    5.989032E-05    3.847650E-05    2.593640E-05    1.961060E-05    2.063817E-05    1.524070E-05    1.471813E-05    1.450200E-05    2.365310E-05
   1.156947E-04    1.594878E-04    6.475593E-05    3.347192E-05    2.805103E-05    2.965068E-05    4.502442E-05    3.463038E-05    2.773706E-05    2.832055E-05    4.007536E-05    5.371639E-05    4.472988E-05    3.661021E-05    2.620694E-05    2.347014E-05    1.081898E-05    1.801291E-05    1.597430E-05    1.389581E-05
   1.195937E-04    1.584625E-04    1.296021E-04    6.569321E-05    6.375493E-05    5.521213E-05    3.711905E-05    3.720124E-05    4.704849E-05    3.494637E-05    6.717103E-05    3.751410E-05    6.719647E-05    7.443320E-05    3.977333E-05    2.636147E-05    2.494465E-05    2.256163E-05    1.388096E-05    1.603441E-05
   6.155115E-05    1.264849E-04    1.089222E-04    6.676907E-05    5.376489E-05    5.180011E-05    3.954617E-05    5.759912E-05    3.983102E-05    4.230831E-05    6.420667E-05    7.416121E-05    8.329295E-05    3.915514E-05    3.048654E-05    2.250075E-05    3.299585E-05    2.081120E-05    2.168929E-05    1.922160E-05
   6.155115E-05    6.155115E-05    1.541233E-04    6.910238E-05    6.271221E-05    6.533278E-05    5.008158E-05    5.068255E-05    4.133024E-05    5.906383E-05    7.079159E-05    8.052782E-05    6.622370E-05    6.420525E-05    2.515451E-05    1.852439E-05    2.133863E-05    2.653608E-05    2.165713E-05    2.437442E-05
   6.155115E-05    6.155115E-05    6.155115E-05    6.190580E-05    5.282044E-05    6.251363E-05    1.115627E-04    7.502867E-05    4.389987E-05    5.565633E-05    1.042042E-04    5.233388E-05    8.004804E-05    4.148688E-05    1.953950E-05    2.483165E-05    2.507635E-05    2.517877E-05    1.983637E-05    3.496016E-05
   6.155115E-05    6.155115E-05    6.155115E-05    6.155115E-05    4.597729E-05    7.092577E-05    7.975645E-05    7.442271E-05    6.931568E-05    5.673577E-05    6.124165E-05    4.797305E-05    4.420627E-05    2.765963E-05    3.011418E-05    2.763255E-05    2.868565E-05    4.026755E-05    2.703180E-05    6.155115E-05
   6.155115E-05    6.155115E-05    6.155115E-05    6.155115E-05    3.401014E-05    4.475651E-05    4.895697E-05    6.790682E-05    6.518707E-05    4.156756E-05    4.459173E-05    3.491581E-05    3.174450E-05    4.165203E-05    4.271421E-05    4.116814E-05    5.399591E-05    3.360667E-05    2.505160E-05    6.155115E-05
   6.155115E-05    6.155115E-05    6.155115E-05    6.155115E-05    6.155115E-05    4.115773E-05    4.881533E-05    6.344818E-05    5.292394E-05    3.106931E-05    4.263902E-05    3.349907E-05    2.890421E-05    4.633445E-05    3.840336E-05    4.181841E-05    2.469825E-05    2.057740E-05    6.155115E-05    6.155115E-05
   6.155115E-05    6.155115E-05    6.155115E-05    6.155115E-05    6.155115E-05    3.399314E-05    4.671336E-05    4.418854E-05    4.015135E-05    1.821031E-05    4.097867E-05    4.279378E-05    2.632465E-05    4.004903E-05    4.624606E-05    3.454125E-05    2.047635E-05    6.155115E-05    6.155115E-05    6.155115E-05
   6.155115E-05    6.155115E-05    6.155115E-05    6.155115E-05    6.155115E-05    4.966797E-05    2.665874E-05    3.369170E-05    3.340250E-05    6.191459E-05    5.351459E-05    6.076205E-05    2.945098E-05    2.147110E-05    2.760114E-05    1.771303E-05    6.155115E-05    6.155115E-05    6.155115E-05    6.155115E-05
