   3.770475E+01    3.766498E+01    3.758904E+01    3.750133E+01    3.736688E+01    3.718847E+01    3.700078E+01    3.672969E+01    3.637445E+01    3.604606E+01    3.574567E+01    3.535699E+01    3.496060E+01    3.466738E+01    3.432965E+01    3.405761E+01    3.397489E+01    3.392778E+01    3.389076E+01    3.386934E+01
   3.770318E+01    3.766227E+01    3.759147E+01    3.748948E+01    3.731773E+01    3.711937E+01    3.692985E+01    3.667181E+01    3.631771E+01    3.596860E+01    3.565391E+01    3.528012E+01    3.491935E+01    3.459825E+01    3.428190E+01    3.404320E+01    3.395564E+01    3.390197E+01    3.385733E+01    3.384212E+01
   3.770327E+01    3.766500E+01    3.757791E+01    3.743677E+01    3.724329E+01    3.705403E+01    3.684261E+01    3.656191E+01    3.620252E+01    3.583578E+01    3.548725E+01    3.512369E+01    3.480568E+01    3.450016E+01    3.420632E+01    3.400100E+01    3.389930E+01    3.382672E+01    3.378536E+01    3.377753E+01
   3.768918E+01    3.764748E+01    3.754535E+01    3.737750E+01    3.719096E+01    3.699272E+01    3.673104E+01    3.639155E+01    3.601560E+01    3.564858E+01    3.527625E+01    3.491468E+01    3.459806E+01    3.430256E+01    3.406535E+01    3.392824E+01    3.380069E+01    3.371252E+01    3.366842E+01    3.366378E+01
   3.766744E+01    3.761759E+01    3.753050E+01    3.735614E+01    3.713739E+01    3.687908E+01    3.653597E+01    3.617758E+01    3.581579E+01    3.539264E+01    3.497001E+01    3.462687E+01    3.432876E+01    3.408307E+01    3.391665E+01    3.382168E+01    3.367354E+01    3.357326E+01    3.352016E+01    3.351137E+01
   3.766326E+01    3.760293E+01    3.749842E+01    3.731448E+01    3.705393E+01    3.674961E+01    3.639141E+01    3.593878E+01    3.545915E+01    3.499668E+01    3.462932E+01    3.432752E+01    3.404991E+01    3.385691E+01    3.373600E+01    3.369073E+01    3.353071E+01    3.343278E+01    3.337987E+01    3.334367E+01
   3.766757E+01    3.760427E+01    3.749573E+01    3.729026E+01    3.697507E+01    3.663984E+01    3.616860E+01    3.553421E+01    3.500302E+01    3.456449E+01    3.425560E+01    3.397952E+01    3.375839E+01    3.362657E+01    3.354580E+01    3.352991E+01    3.336769E+01    3.326947E+01    3.320643E+01    3.315091E+01
   3.767068E+01    3.762746E+01    3.753543E+01    3.733129E+01    3.689869E+01    3.654194E+01    3.597585E+01    3.510204E+01    3.452243E+01    3.414187E+01    3.390894E+01    3.369925E+01    3.353411E+01    3.342001E+01    3.334700E+01    3.334210E+01    3.310255E+01    3.300481E+01    3.296987E+01    3.296280E+01
   3.766146E+01    3.763307E+01    3.758402E+01    3.752460E+01    1.000000E+30    1.000000E+30    1.000000E+30    3.450935E+01    3.406373E+01    3.386014E+01    3.367703E+01    3.347396E+01    3.332376E+01    3.319564E+01    3.306365E+01    3.296443E+01    3.268841E+01    3.272377E+01    3.277560E+01    3.281339E+01
   3.762402E+01    3.760727E+01    3.758199E+01    3.756402E+01    1.000000E+30    1.000000E+30    1.000000E+30    1.000000E+30    3.367908E+01    3.356226E+01    3.341722E+01    3.324864E+01    3.312442E+01    3.295385E+01    3.279016E+01    3.257713E+01    3.216205E+01    3.252646E+01    3.265491E+01    3.270362E+01
   3.756615E+01    3.755395E+01    3.754749E+01    3.754778E+01    1.000000E+30    1.000000E+30    1.000000E+30    1.000000E+30    3.337460E+01    3.331547E+01    3.321462E+01    3.309328E+01    3.292394E+01    3.269959E+01    3.263588E+01    3.256066E+01    3.246759E+01    3.256015E+01    3.261015E+01    3.263905E+01
   3.749462E+01    3.749388E+01    3.749444E+01    3.749915E+01    1.000000E+30    1.000000E+30    1.000000E+30    1.000000E+30    3.318089E+01    3.315335E+01    3.307186E+01    3.294747E+01    3.273505E+01    3.230656E+01    3.252687E+01    3.256045E+01    3.255520E+01    3.258270E+01    3.260487E+01    3.261809E+01
   3.742489E+01    3.741987E+01    3.742174E+01    3.743470E+01    1.000000E+30    1.000000E+30    1.000000E+30    1.000000E+30    3.305270E+01    3.303383E+01    3.297669E+01    3.287675E+01    3.274531E+01    3.258297E+01    3.258294E+01    3.258970E+01    3.258884E+01    3.259764E+01    3.260765E+01    3.261384E+01
   3.730819E+01    3.733294E+01    3.734472E+01    3.735074E+01    1.000000E+30    1.000000E+30    1.000000E+30    1.000000E+30    3.298427E+01    3.296046E+01    3.291363E+01    3.283548E+01    3.274110E+01    3.266222E+01    3.262913E+01    3.261540E+01    3.260834E+01    3.260859E+01    3.261314E+01    3.261677E+01
   3.711508E+01    3.717676E+01    3.720918E+01    3.721628E+01    1.000000E+30    1.000000E+30    1.000000E+30    1.000000E+30    3.292950E+01    3.290734E+01    3.286090E+01    3.279980E+01    3.273045E+01    3.267181E+01    3.264176E+01    3.262419E+01    3.261509E+01    3.261409E+01    3.261640E+01    3.261944E+01
   3.687687E+01    3.691903E+01    3.693357E+01    3.692316E+01    1.000000E+30    1.000000E+30    1.000000E+30    1.000000E+30    3.287242E+01    3.284875E+01    3.280635E+01    3.275433E+01    3.269524E+01    3.265241E+01    3.263199E+01    3.261536E+01    3.260782E+01    3.260866E+01    3.261284E+01    3.261728E+01
   3.648096E+01    3.649842E+01    3.647618E+01    3.646087E+01    1.000000E+30    1.000000E+30    1.000000E+30    1.000000E+30    3.279498E+01    3.276616E+01    3.272258E+01    3.267635E+01    3.263933E+01    3.261575E+01    3.260100E+01    3.259114E+01    3.259277E+01    3.259595E+01    3.260354E+01    3.261087E+01
   3.594664E+01    3.593066E+01    3.594054E+01    3.594071E+01    1.000000E+30    1.000000E+30    1.000000E+30    1.000000E+30    3.268635E+01    3.266209E+01    3.263251E+01    3.260366E+01    3.258263E+01    3.256526E+01    3.255750E+01    3.256317E+01    3.257434E+01    3.258401E+01    3.259131E+01    3.260039E+01
   3.534280E+01    3.527142E+01    3.526589E+01    3.524949E+01    1.000000E+30    1.000000E+30    1.000000E+30    1.000000E+30    3.258767E+01    3.258449E+01    3.257135E+01    3.255429E+01    3.253045E+01    3.250845E+01    3.250059E+01    3.252511E+01    3.254928E+01    3.256711E+01    3.257755E+01    3.258352E+01
   3.464447E+01    3.455729E+01    3.446403E+01    3.447737E+01    1.000000E+30    1.000000E+30    1.000000E+30    1.000000E+30    3.251504E+01    3.252015E+01    3.251494E+01    3.250422E+01    3.247994E+01    3.245189E+01    3.242547E+01    3.247530E+01    3.252146E+01    3.254760E+01    3.256302E+01    3.257004E+01
   3.405430E+01    3.396764E+01    3.389713E+01    3.391053E+01    1.000000E+30    1.000000E+30    1.000000E+30    1.000000E+30    3.244471E+01    3.245454E+01    3.246539E+01    3.246213E+01    3.244389E+01    3.240535E+01    3.230922E+01    3.243219E+01    3.250101E+01    3.253516E+01    3.255159E+01    3.256004E+01
   3.363642E+01    3.354014E+01    3.351544E+01    3.342896E+01    1.000000E+30    1.000000E+30    3.225368E+01    3.230634E+01    3.237313E+01    3.239998E+01    3.241989E+01    3.242963E+01    3.242825E+01    3.241837E+01    3.240359E+01    3.245592E+01    3.250427E+01    3.253342E+01    3.254899E+01    3.255688E+01
   3.326678E+01    3.320335E+01    3.308887E+01    3.284100E+01    3.247054E+01    1.000000E+30    3.219305E+01    3.225335E+01    3.231729E+01    3.235904E+01    3.238558E+01    3.240374E+01    3.241547E+01    3.242452E+01    3.243779E+01    3.247366E+01    3.251270E+01    3.253932E+01    3.255279E+01    3.255946E+01
   3.295133E+01    3.290400E+01    3.273760E+01    3.245780E+01    3.191244E+01    3.185492E+01    3.205576E+01    3.217746E+01    3.225135E+01    3.229965E+01    3.234161E+01    3.237619E+01    3.240251E+01    3.242398E+01    3.245006E+01    3.248596E+01    3.252220E+01    3.254648E+01    3.255950E+01    3.256515E+01
   3.276700E+01    3.269766E+01    3.249522E+01    3.202668E+01    3.055270E+01    3.154493E+01    3.194284E+01    3.210993E+01    3.218555E+01    3.222440E+01    3.226609E+01    3.232942E+01    3.238208E+01    3.241923E+01    3.245517E+01    3.249442E+01    3.252990E+01    3.255521E+01    3.256749E+01    3.257205E+01
   3.263506E+01    3.256509E+01    3.240985E+01    3.211362E+01    3.162463E+01    3.178323E+01    3.197768E+01    3.208544E+01    3.213267E+01    3.215200E+01    3.216026E+01    3.225929E+01    3.234497E+01    3.240634E+01    3.245696E+01    3.250472E+01    3.253754E+01    3.255850E+01    3.257024E+01    3.257567E+01
   3.257253E+01    3.251928E+01    3.240132E+01    3.222767E+01    3.202335E+01    3.197932E+01    3.202165E+01    3.207342E+01    3.210093E+01    3.207030E+01    3.185483E+01    3.218086E+01    3.231850E+01    3.239590E+01    3.245285E+01    3.250200E+01    3.253436E+01    3.255633E+01    3.257058E+01    3.257669E+01
   3.257046E+01    3.252822E+01    3.242349E+01    3.227642E+01    3.216557E+01    3.208287E+01    3.204229E+01    3.206674E+01    3.210493E+01    3.211974E+01    3.211713E+01    3.222783E+01    3.231680E+01    3.239107E+01    3.244686E+01    3.249120E+01    3.252449E+01    3.254848E+01    3.256524E+01    3.257492E+01
   3.259107E+01    3.255861E+01    3.246696E+01    3.232370E+01    3.219488E+01    3.208976E+01    3.201202E+01    3.205963E+01    3.211300E+01    3.215792E+01    3.219973E+01    3.226416E+01    3.232139E+01    3.238756E+01    3.244669E+01    3.248225E+01    3.251445E+01    3.254138E+01    3.255943E+01    3.257175E+01
   3.261153E+01    3.258116E+01    3.250342E+01    3.238551E+01    3.223525E+01    3.207973E+01    3.185766E+01    3.204659E+01    3.213200E+01    3.218528E+01    3.223726E+01    3.228752E+01    3.233007E+01    3.238267E+01    3.243587E+01    3.247409E+01    3.250489E+01    3.253431E+01    3.255508E+01    3.256824E+01
   3.263262E+01    3.261001E+01    3.254360E+01    3.244799E+01    3.232534E+01    3.217878E+01    3.208587E+01    3.213543E+01    3.218844E+01    3.222115E+01    3.226777E+01    3.230379E+01    3.234238E+01    3.238179E+01    3.242121E+01    3.245843E+01    3.249563E+01    3.252967E+01    3.255375E+01    3.256956E+01
   3.265000E+01    3.263697E+01    3.259499E+01    3.252387E+01    3.243987E+01    3.232371E+01    3.223802E+01    3.224516E+01    3.225582E+01    3.227774E+01    3.230309E+01    3.231471E+01    3.234130E+01    3.237120E+01    3.240800E+01    3.244643E+01    3.248610E+01    3.252635E+01    3.255641E+01    3.257555E+01
   1.000000E+30    3.265429E+01    3.262557E+01    3.257498E+01    3.252364E+01    3.245272E+01    3.237467E+01    3.233936E+01    3.232714E+01    3.233417E+01    3.233128E+01    3.231989E+01    3.231540E+01    3.234376E+01    3.238648E+01    3.243087E+01    3.248118E+01    3.252399E+01    3.255882E+01    3.258459E+01
   1.000000E+30    1.000000E+30    3.265733E+01    3.261384E+01    3.258310E+01    3.255273E+01    3.249990E+01    3.244307E+01    3.241210E+01    3.238897E+01    3.235929E+01    3.230784E+01    3.225156E+01    3.230414E+01    3.235970E+01    3.242010E+01    3.247424E+01    3.252280E+01    3.256398E+01    3.259854E+01
   1.000000E+30    1.000000E+30    1.000000E+30    3.263418E+01    3.262673E+01    3.261689E+01    3.259508E+01    3.254507E+01    3.249896E+01    3.245199E+01    3.239243E+01    3.229415E+01    3.205957E+01    3.226623E+01    3.234955E+01    3.241659E+01    3.247567E+01    3.252359E+01    3.256052E+01    3.260485E+01
   1.000000E+30    1.000000E+30    1.000000E+30    1.000000E+30    3.265909E+01    3.265954E+01    3.264635E+01    3.261016E+01    3.256203E+01    3.251720E+01    3.245620E+01    3.238251E+01    3.230586E+01    3.233383E+01    3.238330E+01    3.243764E+01    3.248592E+01    3.252337E+01    3.254559E+01    1.000000E+30
   1.000000E+30    1.000000E+30    1.000000E+30    1.000000E+30    3.267903E+01    3.269453E+01    3.269195E+01    3.267098E+01    3.262379E+01    3.257797E+01    3.252989E+01    3.247524E+01    3.241920E+01    3.241258E+01    3.243767E+01    3.247203E+01    3.250109E+01    3.252269E+01    3.253879E+01    1.000000E+30
   1.000000E+30    1.000000E+30    1.000000E+30    1.000000E+30    1.000000E+30    3.273839E+01    3.273619E+01    3.272361E+01    3.268317E+01    3.263981E+01    3.259472E+01    3.255374E+01    3.251093E+01    3.249462E+01    3.249149E+01    3.250100E+01    3.251087E+01    3.252080E+01    1.000000E+30    1.000000E+30
   1.000000E+30    1.000000E+30    1.000000E+30    1.000000E+30    1.000000E+30    3.276971E+01    3.277743E+01    3.277020E+01    3.273593E+01    3.268859E+01    3.264027E+01    3.259853E+01    3.256297E+01    3.254010E+01    3.252460E+01    3.251936E+01    3.251646E+01    1.000000E+30    1.000000E+30    1.000000E+30
   1.000000E+30    1.000000E+30    1.000000E+30    1.000000E+30    1.000000E+30    3.278843E+01    3.283706E+01    3.284954E+01    3.280482E+01    3.275271E+01    3.266721E+01    3.261645E+01    3.257558E+01    3.255577E+01    3.253269E+01    3.252624E+01    1.000000E+30    1.000000E+30    1.000000E+30    1.000000E+30
