   3.871857E+01    3.868345E+01    3.863455E+01    3.857786E+01    3.848637E+01    3.835922E+01    3.820917E+01    3.794779E+01    3.755187E+01    3.716298E+01    3.679156E+01    3.627836E+01    3.574459E+01    3.530783E+01    3.476014E+01    3.426982E+01    3.448338E+01    3.457739E+01    3.464078E+01    3.465935E+01
   3.872711E+01    3.869544E+01    3.864461E+01    3.857141E+01    3.844926E+01    3.830073E+01    3.814117E+01    3.789024E+01    3.750150E+01    3.709510E+01    3.670925E+01    3.622362E+01    3.573235E+01    3.524918E+01    3.472023E+01    3.426636E+01    3.447492E+01    3.456628E+01    3.461906E+01    3.464455E+01
   3.875299E+01    3.871824E+01    3.865378E+01    3.854421E+01    3.840152E+01    3.825187E+01    3.806416E+01    3.778761E+01    3.739920E+01    3.698197E+01    3.656320E+01    3.610237E+01    3.566868E+01    3.520233E+01    3.468489E+01    3.422980E+01    3.442350E+01    3.451850E+01    3.457594E+01    3.460134E+01
   3.878641E+01    3.875374E+01    3.867298E+01    3.853391E+01    3.838086E+01    3.821125E+01    3.797163E+01    3.763718E+01    3.723478E+01    3.682062E+01    3.638635E+01    3.593507E+01    3.551102E+01    3.506042E+01    3.462396E+01    3.429445E+01    3.439252E+01    3.445189E+01    3.449690E+01    3.452885E+01
   3.883505E+01    3.880151E+01    3.872481E+01    3.857047E+01    3.837104E+01    3.813998E+01    3.780920E+01    3.745003E+01    3.706822E+01    3.660163E+01    3.611967E+01    3.569214E+01    3.529241E+01    3.491625E+01    3.457300E+01    3.430103E+01    3.434978E+01    3.438251E+01    3.440862E+01    3.443668E+01
   3.893887E+01    3.888715E+01    3.879151E+01    3.860943E+01    3.835413E+01    3.805825E+01    3.770600E+01    3.724864E+01    3.675033E+01    3.625100E+01    3.583019E+01    3.545330E+01    3.507891E+01    3.476164E+01    3.448154E+01    3.425593E+01    3.428681E+01    3.431066E+01    3.432866E+01    3.433746E+01
   3.910767E+01    3.902706E+01    3.891042E+01    3.868421E+01    3.834288E+01    3.799717E+01    3.752368E+01    3.688981E+01    3.634130E+01    3.587722E+01    3.552230E+01    3.517577E+01    3.487096E+01    3.462884E+01    3.439723E+01    3.422645E+01    3.422271E+01    3.423768E+01    3.424728E+01    3.424109E+01
   3.926937E+01    3.920581E+01    3.910497E+01    3.887583E+01    3.832090E+01    3.793300E+01    3.736059E+01    3.649488E+01    3.590973E+01    3.551003E+01    3.524137E+01    3.497437E+01    3.473707E+01    3.453721E+01    3.434041E+01    3.415723E+01    3.412702E+01    3.413491E+01    3.414857E+01    3.415638E+01
   3.938941E+01    3.936047E+01    3.932691E+01    3.927592E+01    1.000000E+30    1.000000E+30    1.000000E+30    3.592745E+01    3.549225E+01    3.527438E+01    3.506734E+01    3.482912E+01    3.462579E+01    3.444070E+01    3.424584E+01    3.406208E+01    3.399612E+01    3.403966E+01    3.407461E+01    3.409479E+01
   3.948868E+01    3.948298E+01    3.947776E+01    3.946280E+01    1.000000E+30    1.000000E+30    1.000000E+30    1.000000E+30    3.515365E+01    3.502935E+01    3.486470E+01    3.467957E+01    3.452642E+01    3.433640E+01    3.416193E+01    3.399366E+01    3.382535E+01    3.397996E+01    3.403896E+01    3.405949E+01
   3.955822E+01    3.956239E+01    3.956638E+01    3.957839E+01    1.000000E+30    1.000000E+30    1.000000E+30    1.000000E+30    3.490096E+01    3.483543E+01    3.472350E+01    3.459019E+01    3.442747E+01    3.422666E+01    3.411384E+01    3.402415E+01    3.397595E+01    3.401542E+01    3.403718E+01    3.404786E+01
   3.959388E+01    3.959891E+01    3.960988E+01    3.962141E+01    1.000000E+30    1.000000E+30    1.000000E+30    1.000000E+30    3.475568E+01    3.471659E+01    3.462651E+01    3.450652E+01    3.433920E+01    3.408038E+01    3.409219E+01    3.404499E+01    3.403232E+01    3.404027E+01    3.404820E+01    3.405450E+01
   3.960794E+01    3.961402E+01    3.962465E+01    3.963603E+01    1.000000E+30    1.000000E+30    1.000000E+30    1.000000E+30    3.466725E+01    3.464158E+01    3.457029E+01    3.446466E+01    3.434417E+01    3.420255E+01    3.413464E+01    3.408424E+01    3.406627E+01    3.406038E+01    3.406287E+01    3.406603E+01
   3.960047E+01    3.961415E+01    3.962678E+01    3.964029E+01    1.000000E+30    1.000000E+30    1.000000E+30    1.000000E+30    3.462616E+01    3.459942E+01    3.454380E+01    3.444887E+01    3.434224E+01    3.424985E+01    3.417823E+01    3.411950E+01    3.409764E+01    3.408520E+01    3.408353E+01    3.408496E+01
   3.955622E+01    3.958264E+01    3.960907E+01    3.962573E+01    1.000000E+30    1.000000E+30    1.000000E+30    1.000000E+30    3.459676E+01    3.457057E+01    3.451817E+01    3.444072E+01    3.434594E+01    3.426152E+01    3.419826E+01    3.414254E+01    3.412044E+01    3.411024E+01    3.410852E+01    3.411015E+01
   3.947948E+01    3.950522E+01    3.953535E+01    3.954529E+01    1.000000E+30    1.000000E+30    1.000000E+30    1.000000E+30    3.457404E+01    3.454384E+01    3.449256E+01    3.442349E+01    3.433306E+01    3.425559E+01    3.420172E+01    3.414142E+01    3.412723E+01    3.412440E+01    3.412541E+01    3.412909E+01
   3.932535E+01    3.935717E+01    3.937221E+01    3.936547E+01    1.000000E+30    1.000000E+30    1.000000E+30    1.000000E+30    3.455208E+01    3.451679E+01    3.445900E+01    3.438998E+01    3.431242E+01    3.424194E+01    3.417964E+01    3.412257E+01    3.412252E+01    3.412501E+01    3.413083E+01    3.413765E+01
   3.910114E+01    3.910581E+01    3.912265E+01    3.912501E+01    1.000000E+30    1.000000E+30    1.000000E+30    1.000000E+30    3.453549E+01    3.448628E+01    3.442218E+01    3.436195E+01    3.429412E+01    3.421836E+01    3.414824E+01    3.409825E+01    3.410976E+01    3.411971E+01    3.412816E+01    3.413896E+01
   3.881672E+01    3.878401E+01    3.878202E+01    3.877418E+01    1.000000E+30    1.000000E+30    1.000000E+30    1.000000E+30    3.453378E+01    3.448386E+01    3.441355E+01    3.434312E+01    3.426643E+01    3.417946E+01    3.409999E+01    3.406199E+01    3.408774E+01    3.410694E+01    3.411877E+01    3.412645E+01
   3.845473E+01    3.840303E+01    3.834465E+01    3.835315E+01    1.000000E+30    1.000000E+30    1.000000E+30    1.000000E+30    3.456125E+01    3.450089E+01    3.441057E+01    3.432736E+01    3.423384E+01    3.413169E+01    3.402162E+01    3.400577E+01    3.405978E+01    3.408874E+01    3.410555E+01    3.411322E+01
   3.811493E+01    3.806420E+01    3.801954E+01    3.802884E+01    1.000000E+30    1.000000E+30    1.000000E+30    1.000000E+30    3.462215E+01    3.455089E+01    3.443904E+01    3.433078E+01    3.422561E+01    3.409243E+01    3.386784E+01    3.396091E+01    3.404019E+01    3.407641E+01    3.409310E+01    3.410193E+01
   3.786681E+01    3.780923E+01    3.779552E+01    3.774646E+01    1.000000E+30    1.000000E+30    3.499527E+01    3.486707E+01    3.471221E+01    3.460326E+01    3.448105E+01    3.436024E+01    3.426126E+01    3.415600E+01    3.403586E+01    3.401017E+01    3.404932E+01    3.407490E+01    3.408875E+01    3.409622E+01
   3.764110E+01    3.760533E+01    3.754185E+01    3.739914E+01    3.716639E+01    1.000000E+30    3.511098E+01    3.495054E+01    3.478141E+01    3.464030E+01    3.450601E+01    3.438514E+01    3.429638E+01    3.421253E+01    3.411402E+01    3.403345E+01    3.405879E+01    3.407851E+01    3.408922E+01    3.409466E+01
   3.743771E+01    3.741778E+01    3.733063E+01    3.718271E+01    3.679527E+01    3.605824E+01    3.540452E+01    3.506517E+01    3.485963E+01    3.468245E+01    3.452365E+01    3.440821E+01    3.432151E+01    3.424338E+01    3.414803E+01    3.403839E+01    3.406081E+01    3.407950E+01    3.409014E+01    3.409486E+01
   3.730133E+01    3.726866E+01    3.717231E+01    3.699727E+01    3.661321E+01    3.603743E+01    3.547595E+01    3.511849E+01    3.489349E+01    3.470452E+01    3.455492E+01    3.443943E+01    3.434557E+01    3.425464E+01    3.415024E+01    3.400898E+01    3.404986E+01    3.407678E+01    3.408989E+01    3.409504E+01
   3.716590E+01    3.712478E+01    3.702341E+01    3.683515E+01    3.646839E+01    3.595659E+01    3.545703E+01    3.512179E+01    3.490490E+01    3.471391E+01    3.455773E+01    3.446087E+01    3.436617E+01    3.426258E+01    3.414437E+01    3.399504E+01    3.404491E+01    3.407007E+01    3.408521E+01    3.409232E+01
   3.704910E+01    3.700368E+01    3.689099E+01    3.667086E+01    3.632149E+01    3.587412E+01    3.544464E+01    3.513320E+01    3.490829E+01    3.471803E+01    3.446950E+01    3.444317E+01    3.435363E+01    3.424449E+01    3.412831E+01    3.399501E+01    3.403437E+01    3.406183E+01    3.408004E+01    3.408832E+01
   3.697603E+01    3.691769E+01    3.676711E+01    3.648595E+01    3.619581E+01    3.582321E+01    3.540367E+01    3.512225E+01    3.491673E+01    3.473032E+01    3.455325E+01    3.444714E+01    3.434625E+01    3.422495E+01    3.409800E+01    3.397462E+01    3.401561E+01    3.404644E+01    3.406838E+01    3.408116E+01
   3.692767E+01    3.687008E+01    3.669375E+01    3.640040E+01    3.606973E+01    3.567416E+01    3.525894E+01    3.503645E+01    3.488450E+01    3.473423E+01    3.457464E+01    3.444892E+01    3.434674E+01    3.420620E+01    3.405847E+01    3.394719E+01    3.399511E+01    3.403209E+01    3.405576E+01    3.407250E+01
   3.689298E+01    3.682135E+01    3.663393E+01    3.636452E+01    3.599146E+01    3.552855E+01    3.490008E+01    3.494177E+01    3.484690E+01    3.470989E+01    3.455440E+01    3.441853E+01    3.430753E+01    3.416996E+01    3.403837E+01    3.393533E+01    3.397949E+01    3.401848E+01    3.404533E+01    3.406259E+01
   3.685668E+01    3.677330E+01    3.658281E+01    3.633527E+01    3.598201E+01    3.553417E+01    3.513466E+01    3.495476E+01    3.481388E+01    3.468506E+01    3.451677E+01    3.436235E+01    3.422980E+01    3.411547E+01    3.402137E+01    3.393064E+01    3.396773E+01    3.400803E+01    3.403711E+01    3.405603E+01
   3.681728E+01    3.671521E+01    3.654838E+01    3.629712E+01    3.598875E+01    3.559612E+01    3.518417E+01    3.493418E+01    3.478230E+01    3.461459E+01    3.444201E+01    3.428093E+01    3.414924E+01    3.406198E+01    3.398240E+01    3.389436E+01    3.394430E+01    3.399283E+01    3.402936E+01    3.405200E+01
   1.000000E+30    3.664303E+01    3.645071E+01    3.618923E+01    3.590871E+01    3.554986E+01    3.515292E+01    3.489715E+01    3.471713E+01    3.452540E+01    3.434315E+01    3.416619E+01    3.403736E+01    3.396610E+01    3.391293E+01    3.384839E+01    3.391735E+01    3.397305E+01    3.401723E+01    3.404930E+01
   1.000000E+30    1.000000E+30    3.632518E+01    3.603018E+01    3.571878E+01    3.539709E+01    3.508066E+01    3.482728E+01    3.459236E+01    3.439576E+01    3.421160E+01    3.402514E+01    3.385474E+01    3.384524E+01    3.383419E+01    3.380041E+01    3.387955E+01    3.394904E+01    3.400252E+01    3.404827E+01
   1.000000E+30    1.000000E+30    1.000000E+30    3.576338E+01    3.540322E+01    3.514207E+01    3.492378E+01    3.469311E+01    3.444744E+01    3.426811E+01    3.408480E+01    3.386370E+01    3.349629E+01    3.371344E+01    3.375479E+01    3.374456E+01    3.384416E+01    3.391900E+01    3.397359E+01    3.404101E+01
   1.000000E+30    1.000000E+30    1.000000E+30    1.000000E+30    3.505587E+01    3.490024E+01    3.473289E+01    3.452304E+01    3.430629E+01    3.414991E+01    3.398991E+01    3.383837E+01    3.371107E+01    3.372042E+01    3.373482E+01    3.373560E+01    3.381841E+01    3.388773E+01    3.392854E+01    1.000000E+30
   1.000000E+30    1.000000E+30    1.000000E+30    1.000000E+30    3.486788E+01    3.464004E+01    3.447991E+01    3.430895E+01    3.415007E+01    3.401566E+01    3.389647E+01    3.380719E+01    3.373944E+01    3.371869E+01    3.371809E+01    3.372747E+01    3.380091E+01    3.385876E+01    3.390189E+01    1.000000E+30
   1.000000E+30    1.000000E+30    1.000000E+30    1.000000E+30    1.000000E+30    3.427648E+01    3.420539E+01    3.409094E+01    3.399123E+01    3.388112E+01    3.379663E+01    3.374093E+01    3.368704E+01    3.365421E+01    3.365329E+01    3.368171E+01    3.375931E+01    3.382429E+01    1.000000E+30    1.000000E+30
   1.000000E+30    1.000000E+30    1.000000E+30    1.000000E+30    1.000000E+30    3.401080E+01    3.399400E+01    3.392990E+01    3.384758E+01    3.376453E+01    3.370364E+01    3.365576E+01    3.357332E+01    3.353498E+01    3.354817E+01    3.360411E+01    3.368623E+01    1.000000E+30    1.000000E+30    1.000000E+30
   1.000000E+30    1.000000E+30    1.000000E+30    1.000000E+30    1.000000E+30    3.370043E+01    3.376213E+01    3.374561E+01    3.370307E+01    3.367823E+01    3.360942E+01    3.353879E+01    3.341131E+01    3.335605E+01    3.340718E+01    3.352378E+01    1.000000E+30    1.000000E+30    1.000000E+30    1.000000E+30
