   3.863394E+01    3.860003E+01    3.853364E+01    3.845163E+01    3.832327E+01    3.814890E+01    3.795771E+01    3.767863E+01    3.731177E+01    3.695462E+01    3.660457E+01    3.611557E+01    3.558647E+01    3.515958E+01    3.462805E+01    3.418299E+01    3.426441E+01    3.430159E+01    3.432708E+01    3.433310E+01
   3.864294E+01    3.860728E+01    3.854347E+01    3.844860E+01    3.828714E+01    3.809178E+01    3.789798E+01    3.763214E+01    3.726552E+01    3.688705E+01    3.652338E+01    3.606641E+01    3.557881E+01    3.510090E+01    3.458700E+01    3.417465E+01    3.425117E+01    3.428710E+01    3.430633E+01    3.431726E+01
   3.866493E+01    3.862977E+01    3.855116E+01    3.842054E+01    3.823608E+01    3.804269E+01    3.782547E+01    3.753952E+01    3.716904E+01    3.677233E+01    3.637254E+01    3.593200E+01    3.550363E+01    3.504438E+01    3.453759E+01    3.414017E+01    3.421388E+01    3.424838E+01    3.426638E+01    3.427916E+01
   3.869350E+01    3.865727E+01    3.856207E+01    3.839802E+01    3.821001E+01    3.800419E+01    3.773492E+01    3.739052E+01    3.700320E+01    3.660732E+01    3.618904E+01    3.575648E+01    3.533791E+01    3.489509E+01    3.446743E+01    3.416877E+01    3.417842E+01    3.418578E+01    3.419608E+01    3.421304E+01
   3.872773E+01    3.868820E+01    3.860257E+01    3.842735E+01    3.819667E+01    3.792524E+01    3.757122E+01    3.720206E+01    3.683097E+01    3.637907E+01    3.590823E+01    3.549949E+01    3.510458E+01    3.473298E+01    3.439829E+01    3.414780E+01    3.411948E+01    3.410713E+01    3.410257E+01    3.411497E+01
   3.880360E+01    3.874454E+01    3.863811E+01    3.844691E+01    3.816698E+01    3.784279E+01    3.746347E+01    3.699399E+01    3.650432E+01    3.601885E+01    3.560224E+01    3.523409E+01    3.486313E+01    3.455217E+01    3.428313E+01    3.407966E+01    3.403525E+01    3.401802E+01    3.401226E+01    3.400672E+01
   3.893599E+01    3.885291E+01    3.873115E+01    3.849680E+01    3.814081E+01    3.777395E+01    3.727711E+01    3.662370E+01    3.607973E+01    3.561791E+01    3.526390E+01    3.491968E+01    3.461247E+01    3.437657E+01    3.415845E+01    3.400539E+01    3.392802E+01    3.390621E+01    3.389881E+01    3.388146E+01
   3.908429E+01    3.901921E+01    3.890200E+01    3.866240E+01    3.810387E+01    3.770165E+01    3.710751E+01    3.621277E+01    3.561975E+01    3.521319E+01    3.494038E+01    3.466656E+01    3.442254E+01    3.422422E+01    3.403929E+01    3.387973E+01    3.372187E+01    3.371128E+01    3.373716E+01    3.375717E+01
   3.921007E+01    3.917733E+01    3.912326E+01    3.905868E+01    1.000000E+30    1.000000E+30    1.000000E+30    3.562301E+01    3.516954E+01    3.494430E+01    3.472265E+01    3.445867E+01    3.423671E+01    3.403716E+01    3.383674E+01    3.366273E+01    3.334557E+01    3.348055E+01    3.359040E+01    3.365378E+01
   3.930279E+01    3.929515E+01    3.927059E+01    3.923797E+01    1.000000E+30    1.000000E+30    1.000000E+30    1.000000E+30    3.479852E+01    3.465956E+01    3.446571E+01    3.423415E+01    3.404070E+01    3.379416E+01    3.360827E+01    3.338981E+01    3.268752E+01    3.329784E+01    3.351523E+01    3.359468E+01
   3.935846E+01    3.935402E+01    3.934377E+01    3.933657E+01    1.000000E+30    1.000000E+30    1.000000E+30    1.000000E+30    3.451105E+01    3.442835E+01    3.427795E+01    3.408065E+01    3.380418E+01    3.343870E+01    3.344588E+01    3.343059E+01    3.328450E+01    3.344697E+01    3.353452E+01    3.358521E+01
   3.938048E+01    3.937940E+01    3.937473E+01    3.937356E+01    1.000000E+30    1.000000E+30    1.000000E+30    1.000000E+30    3.434599E+01    3.429014E+01    3.415125E+01    3.393707E+01    3.355605E+01    3.271103E+01    3.329546E+01    3.348395E+01    3.348811E+01    3.353826E+01    3.357889E+01    3.361011E+01
   3.938372E+01    3.938274E+01    3.938239E+01    3.938378E+01    1.000000E+30    1.000000E+30    1.000000E+30    1.000000E+30    3.425031E+01    3.421397E+01    3.410261E+01    3.391996E+01    3.369826E+01    3.342099E+01    3.349440E+01    3.358209E+01    3.359112E+01    3.360510E+01    3.362355E+01    3.363951E+01
   3.936551E+01    3.937139E+01    3.937376E+01    3.937698E+01    1.000000E+30    1.000000E+30    1.000000E+30    1.000000E+30    3.420805E+01    3.417671E+01    3.410232E+01    3.396272E+01    3.380725E+01    3.369223E+01    3.366965E+01    3.368661E+01    3.367978E+01    3.367520E+01    3.368098E+01    3.368579E+01
   3.931456E+01    3.933465E+01    3.934301E+01    3.934688E+01    1.000000E+30    1.000000E+30    1.000000E+30    1.000000E+30    3.418320E+01    3.415427E+01    3.409461E+01    3.399982E+01    3.388552E+01    3.380423E+01    3.376922E+01    3.375520E+01    3.374654E+01    3.374372E+01    3.374374E+01    3.374272E+01
   3.923106E+01    3.925142E+01    3.925385E+01    3.924975E+01    1.000000E+30    1.000000E+30    1.000000E+30    1.000000E+30    3.416762E+01    3.413556E+01    3.408175E+01    3.400822E+01    3.391613E+01    3.384622E+01    3.381329E+01    3.379424E+01    3.378476E+01    3.378196E+01    3.377863E+01    3.377755E+01
   3.906898E+01    3.907762E+01    3.906142E+01    3.905077E+01    1.000000E+30    1.000000E+30    1.000000E+30    1.000000E+30    3.414677E+01    3.411155E+01    3.405315E+01    3.398427E+01    3.391174E+01    3.385251E+01    3.381699E+01    3.379801E+01    3.379269E+01    3.379414E+01    3.379390E+01    3.379535E+01
   3.881358E+01    3.880049E+01    3.879988E+01    3.879760E+01    1.000000E+30    1.000000E+30    1.000000E+30    1.000000E+30    3.411851E+01    3.407211E+01    3.400876E+01    3.395089E+01    3.388925E+01    3.382690E+01    3.378731E+01    3.377940E+01    3.378398E+01    3.379143E+01    3.379740E+01    3.380384E+01
   3.849957E+01    3.845812E+01    3.845084E+01    3.844087E+01    1.000000E+30    1.000000E+30    1.000000E+30    1.000000E+30    3.409557E+01    3.405277E+01    3.398760E+01    3.391890E+01    3.384689E+01    3.376707E+01    3.371422E+01    3.373872E+01    3.376264E+01    3.378266E+01    3.379558E+01    3.380343E+01
   3.812023E+01    3.806980E+01    3.801662E+01    3.802347E+01    1.000000E+30    1.000000E+30    1.000000E+30    1.000000E+30    3.410046E+01    3.404512E+01    3.395909E+01    3.387812E+01    3.378544E+01    3.368181E+01    3.357980E+01    3.367308E+01    3.373459E+01    3.377068E+01    3.379217E+01    3.380293E+01
   3.778981E+01    3.773680E+01    3.769597E+01    3.770325E+01    1.000000E+30    1.000000E+30    1.000000E+30    1.000000E+30    3.412788E+01    3.405778E+01    3.395305E+01    3.384955E+01    3.374515E+01    3.360051E+01    3.331325E+01    3.360188E+01    3.371466E+01    3.376618E+01    3.379086E+01    3.380223E+01
   3.754267E+01    3.748442E+01    3.746901E+01    3.741614E+01    1.000000E+30    1.000000E+30    3.449253E+01    3.434726E+01    3.418509E+01    3.407158E+01    3.395249E+01    3.384458E+01    3.376122E+01    3.367562E+01    3.358544E+01    3.367030E+01    3.373627E+01    3.377640E+01    3.379852E+01    3.380952E+01
   3.730829E+01    3.726835E+01    3.720306E+01    3.704614E+01    3.679490E+01    1.000000E+30    3.459589E+01    3.440950E+01    3.421591E+01    3.406195E+01    3.392619E+01    3.383177E+01    3.377777E+01    3.373746E+01    3.370340E+01    3.372591E+01    3.376629E+01    3.379799E+01    3.381429E+01    3.382412E+01
   3.708628E+01    3.706053E+01    3.696623E+01    3.680497E+01    3.638993E+01    3.558918E+01    3.487827E+01    3.447929E+01    3.422984E+01    3.401823E+01    3.386539E+01    3.380223E+01    3.377648E+01    3.376091E+01    3.375192E+01    3.375865E+01    3.379352E+01    3.382003E+01    3.383402E+01    3.384118E+01
   3.692886E+01    3.688835E+01    3.678063E+01    3.658786E+01    3.617356E+01    3.554376E+01    3.490894E+01    3.446816E+01    3.416569E+01    3.390488E+01    3.374965E+01    3.373516E+01    3.375256E+01    3.376202E+01    3.376765E+01    3.376912E+01    3.381217E+01    3.384122E+01    3.385348E+01    3.385816E+01
   3.675690E+01    3.670449E+01    3.658881E+01    3.638304E+01    3.598762E+01    3.542262E+01    3.483558E+01    3.440597E+01    3.407672E+01    3.375947E+01    3.350367E+01    3.360409E+01    3.370105E+01    3.375287E+01    3.377630E+01    3.377738E+01    3.382357E+01    3.385035E+01    3.386290E+01    3.386791E+01
   3.656424E+01    3.651696E+01    3.640471E+01    3.616142E+01    3.578191E+01    3.528845E+01    3.478276E+01    3.437901E+01    3.400683E+01    3.356876E+01    3.258235E+01    3.341117E+01    3.366129E+01    3.375132E+01    3.378062E+01    3.378172E+01    3.382420E+01    3.384991E+01    3.386566E+01    3.387157E+01
   3.641235E+01    3.635318E+01    3.620871E+01    3.591820E+01    3.559945E+01    3.518045E+01    3.469965E+01    3.437236E+01    3.408096E+01    3.375886E+01    3.346085E+01    3.360706E+01    3.371575E+01    3.376536E+01    3.377826E+01    3.377192E+01    3.381493E+01    3.384255E+01    3.386049E+01    3.387050E+01
   3.629542E+01    3.624164E+01    3.607722E+01    3.579441E+01    3.544007E+01    3.497707E+01    3.446970E+01    3.427340E+01    3.412219E+01    3.394262E+01    3.378027E+01    3.376492E+01    3.378457E+01    3.379435E+01    3.378112E+01    3.376240E+01    3.380507E+01    3.383564E+01    3.385510E+01    3.386673E+01
   3.622273E+01    3.615685E+01    3.598594E+01    3.572854E+01    3.533468E+01    3.476497E+01    3.385188E+01    3.415337E+01    3.413894E+01    3.403070E+01    3.390887E+01    3.384962E+01    3.382519E+01    3.380804E+01    3.378008E+01    3.375817E+01    3.379713E+01    3.382945E+01    3.385113E+01    3.386385E+01
   3.616220E+01    3.608441E+01    3.591406E+01    3.569326E+01    3.533154E+01    3.483118E+01    3.436381E+01    3.426475E+01    3.418366E+01    3.408920E+01    3.397497E+01    3.389010E+01    3.382614E+01    3.378928E+01    3.376662E+01    3.374892E+01    3.378903E+01    3.382457E+01    3.384892E+01    3.386487E+01
   3.610233E+01    3.599965E+01    3.585172E+01    3.563328E+01    3.534338E+01    3.495075E+01    3.454001E+01    3.433203E+01    3.420949E+01    3.408553E+01    3.395881E+01    3.386080E+01    3.377940E+01    3.374517E+01    3.373253E+01    3.372055E+01    3.376674E+01    3.381268E+01    3.384549E+01    3.386586E+01
   1.000000E+30    3.591491E+01    3.574498E+01    3.552500E+01    3.527584E+01    3.494478E+01    3.457538E+01    3.434257E+01    3.419110E+01    3.403848E+01    3.389254E+01    3.376263E+01    3.368060E+01    3.366257E+01    3.367302E+01    3.368417E+01    3.374364E+01    3.379528E+01    3.383600E+01    3.386578E+01
   1.000000E+30    1.000000E+30    3.561006E+01    3.537567E+01    3.510777E+01    3.481969E+01    3.453489E+01    3.430870E+01    3.410988E+01    3.394217E+01    3.378578E+01    3.363072E+01    3.349357E+01    3.353929E+01    3.359484E+01    3.364592E+01    3.371456E+01    3.377440E+01    3.382559E+01    3.386709E+01
   1.000000E+30    1.000000E+30    1.000000E+30    3.514845E+01    3.483736E+01    3.460300E+01    3.440240E+01    3.420463E+01    3.400139E+01    3.384650E+01    3.368221E+01    3.348234E+01    3.309563E+01    3.341211E+01    3.352544E+01    3.360605E+01    3.368502E+01    3.374769E+01    3.379945E+01    3.385918E+01
   1.000000E+30    1.000000E+30    1.000000E+30    1.000000E+30    3.454388E+01    3.440379E+01    3.425380E+01    3.407313E+01    3.389383E+01    3.376401E+01    3.362681E+01    3.349638E+01    3.338644E+01    3.344646E+01    3.351953E+01    3.358969E+01    3.365990E+01    3.371901E+01    3.375688E+01    1.000000E+30
   1.000000E+30    1.000000E+30    1.000000E+30    1.000000E+30    3.439162E+01    3.419830E+01    3.406000E+01    3.391281E+01    3.378122E+01    3.367303E+01    3.357465E+01    3.350076E+01    3.345114E+01    3.346914E+01    3.351951E+01    3.358195E+01    3.364448E+01    3.369932E+01    3.373640E+01    1.000000E+30
   1.000000E+30    1.000000E+30    1.000000E+30    1.000000E+30    1.000000E+30    3.390950E+01    3.384867E+01    3.375352E+01    3.367090E+01    3.358288E+01    3.351248E+01    3.346786E+01    3.343539E+01    3.343373E+01    3.347426E+01    3.354339E+01    3.361162E+01    3.367357E+01    1.000000E+30    1.000000E+30
   1.000000E+30    1.000000E+30    1.000000E+30    1.000000E+30    1.000000E+30    3.370441E+01    3.369145E+01    3.364069E+01    3.357308E+01    3.350403E+01    3.344984E+01    3.341043E+01    3.335619E+01    3.334740E+01    3.339014E+01    3.347483E+01    3.354867E+01    1.000000E+30    1.000000E+30    1.000000E+30
   1.000000E+30    1.000000E+30    1.000000E+30    1.000000E+30    1.000000E+30    3.346575E+01    3.352785E+01    3.351941E+01    3.347884E+01    3.344985E+01    3.338117E+01    3.332129E+01    3.322890E+01    3.320683E+01    3.327687E+01    3.341068E+01    1.000000E+30    1.000000E+30    1.000000E+30    1.000000E+30
