   3.823045E+01    3.818862E+01    3.812398E+01    3.805077E+01    3.793648E+01    3.778444E+01    3.761611E+01    3.734119E+01    3.694747E+01    3.657603E+01    3.623575E+01    3.578233E+01    3.533025E+01    3.497569E+01    3.455266E+01    3.418263E+01    3.429102E+01    3.433385E+01    3.436041E+01    3.436522E+01
   3.823501E+01    3.819588E+01    3.813205E+01    3.804148E+01    3.789305E+01    3.772172E+01    3.754879E+01    3.728867E+01    3.690179E+01    3.651316E+01    3.615818E+01    3.572588E+01    3.531071E+01    3.492171E+01    3.451697E+01    3.417862E+01    3.428537E+01    3.432440E+01    3.434268E+01    3.435274E+01
   3.825194E+01    3.821187E+01    3.813273E+01    3.800244E+01    3.783526E+01    3.766943E+01    3.747094E+01    3.718827E+01    3.680351E+01    3.640503E+01    3.602000E+01    3.561101E+01    3.524483E+01    3.487069E+01    3.448083E+01    3.414656E+01    3.424159E+01    3.427850E+01    3.430349E+01    3.431513E+01
   3.826669E+01    3.822745E+01    3.813255E+01    3.797516E+01    3.780548E+01    3.762416E+01    3.737549E+01    3.703772E+01    3.664234E+01    3.624861E+01    3.584911E+01    3.544911E+01    3.509175E+01    3.473221E+01    3.440693E+01    3.416980E+01    3.420166E+01    3.421625E+01    3.423324E+01    3.424988E+01
   3.828898E+01    3.824657E+01    3.816139E+01    3.799316E+01    3.778233E+01    3.754226E+01    3.720638E+01    3.684952E+01    3.647701E+01    3.603473E+01    3.559343E+01    3.521720E+01    3.488459E+01    3.458867E+01    3.434000E+01    3.415109E+01    3.415123E+01    3.414854E+01    3.415445E+01    3.417017E+01
   3.835650E+01    3.829938E+01    3.819676E+01    3.800720E+01    3.774664E+01    3.744772E+01    3.709674E+01    3.664689E+01    3.616385E+01    3.569174E+01    3.531154E+01    3.498587E+01    3.467800E+01    3.443604E+01    3.424038E+01    3.409482E+01    3.408475E+01    3.407903E+01    3.407944E+01    3.407866E+01
   3.847128E+01    3.839442E+01    3.827691E+01    3.805253E+01    3.771636E+01    3.737545E+01    3.690963E+01    3.629131E+01    3.576293E+01    3.532647E+01    3.500824E+01    3.471301E+01    3.446811E+01    3.429369E+01    3.414390E+01    3.404401E+01    3.401507E+01    3.400559E+01    3.399822E+01    3.398400E+01
   3.857791E+01    3.851994E+01    3.842225E+01    3.819841E+01    3.767973E+01    3.730481E+01    3.674598E+01    3.590458E+01    3.534159E+01    3.496718E+01    3.472787E+01    3.450352E+01    3.431847E+01    3.417944E+01    3.406226E+01    3.396919E+01    3.391125E+01    3.389545E+01    3.389373E+01    3.389606E+01
   3.865008E+01    3.862069E+01    3.858393E+01    3.853097E+01    1.000000E+30    1.000000E+30    1.000000E+30    3.535253E+01    3.493345E+01    3.473082E+01    3.454481E+01    3.433763E+01    3.417717E+01    3.404904E+01    3.393870E+01    3.386235E+01    3.376217E+01    3.378562E+01    3.381123E+01    3.382851E+01
   3.870111E+01    3.869098E+01    3.868158E+01    3.866869E+01    1.000000E+30    1.000000E+30    1.000000E+30    1.000000E+30    3.459741E+01    3.448146E+01    3.433145E+01    3.416119E+01    3.403326E+01    3.388672E+01    3.380302E+01    3.374576E+01    3.356592E+01    3.370914E+01    3.376218E+01    3.378195E+01
   3.872667E+01    3.872623E+01    3.872917E+01    3.874120E+01    1.000000E+30    1.000000E+30    1.000000E+30    1.000000E+30    3.434211E+01    3.427968E+01    3.417154E+01    3.403916E+01    3.386384E+01    3.365148E+01    3.367921E+01    3.370946E+01    3.368084E+01    3.372228E+01    3.374389E+01    3.375570E+01
   3.872492E+01    3.872905E+01    3.873959E+01    3.875155E+01    1.000000E+30    1.000000E+30    1.000000E+30    1.000000E+30    3.419137E+01    3.415340E+01    3.406046E+01    3.392409E+01    3.369017E+01    3.319663E+01    3.355477E+01    3.368673E+01    3.371215E+01    3.373112E+01    3.374255E+01    3.374908E+01
   3.870923E+01    3.871254E+01    3.872231E+01    3.873679E+01    1.000000E+30    1.000000E+30    1.000000E+30    1.000000E+30    3.409832E+01    3.407358E+01    3.400219E+01    3.388955E+01    3.375155E+01    3.358751E+01    3.364027E+01    3.370594E+01    3.372816E+01    3.373924E+01    3.374648E+01    3.375046E+01
   3.866108E+01    3.868102E+01    3.869569E+01    3.870875E+01    1.000000E+30    1.000000E+30    1.000000E+30    1.000000E+30    3.405418E+01    3.402897E+01    3.397758E+01    3.388964E+01    3.379301E+01    3.372399E+01    3.371732E+01    3.373687E+01    3.374419E+01    3.374916E+01    3.375462E+01    3.375838E+01
   3.855785E+01    3.860027E+01    3.863312E+01    3.864883E+01    1.000000E+30    1.000000E+30    1.000000E+30    1.000000E+30    3.402045E+01    3.399757E+01    3.395261E+01    3.389043E+01    3.381976E+01    3.377084E+01    3.375594E+01    3.375591E+01    3.375629E+01    3.375970E+01    3.376470E+01    3.376927E+01
   3.841450E+01    3.844880E+01    3.847767E+01    3.848125E+01    1.000000E+30    1.000000E+30    1.000000E+30    1.000000E+30    3.398877E+01    3.396450E+01    3.392396E+01    3.387407E+01    3.381712E+01    3.377854E+01    3.376627E+01    3.376401E+01    3.376158E+01    3.376580E+01    3.377171E+01    3.377768E+01
   3.815561E+01    3.818647E+01    3.818924E+01    3.817678E+01    1.000000E+30    1.000000E+30    1.000000E+30    1.000000E+30    3.394963E+01    3.392222E+01    3.388044E+01    3.383555E+01    3.379447E+01    3.376650E+01    3.375560E+01    3.375722E+01    3.375923E+01    3.376341E+01    3.377165E+01    3.377999E+01
   3.779057E+01    3.778622E+01    3.780031E+01    3.780033E+01    1.000000E+30    1.000000E+30    1.000000E+30    1.000000E+30    3.390074E+01    3.386927E+01    3.383165E+01    3.379662E+01    3.376416E+01    3.373576E+01    3.372598E+01    3.374033E+01    3.374918E+01    3.375830E+01    3.376665E+01    3.377744E+01
   3.734610E+01    3.729030E+01    3.728155E+01    3.726639E+01    1.000000E+30    1.000000E+30    1.000000E+30    1.000000E+30    3.385954E+01    3.383668E+01    3.380255E+01    3.376800E+01    3.372741E+01    3.368802E+01    3.367126E+01    3.370922E+01    3.372995E+01    3.374618E+01    3.375639E+01    3.376313E+01
   3.679543E+01    3.671458E+01    3.662360E+01    3.663132E+01    1.000000E+30    1.000000E+30    1.000000E+30    1.000000E+30    3.383733E+01    3.381634E+01    3.377823E+01    3.374017E+01    3.368927E+01    3.363224E+01    3.357906E+01    3.366309E+01    3.370488E+01    3.372903E+01    3.374317E+01    3.374933E+01
   3.629114E+01    3.620569E+01    3.612886E+01    3.613318E+01    1.000000E+30    1.000000E+30    1.000000E+30    1.000000E+30    3.382790E+01    3.380746E+01    3.377037E+01    3.372613E+01    3.367135E+01    3.358447E+01    3.340210E+01    3.361222E+01    3.368476E+01    3.371723E+01    3.373184E+01    3.373937E+01
   3.591964E+01    3.581985E+01    3.577797E+01    3.567252E+01    1.000000E+30    1.000000E+30    3.384100E+01    3.383419E+01    3.382270E+01    3.380139E+01    3.376932E+01    3.373025E+01    3.369151E+01    3.364192E+01    3.358687E+01    3.365273E+01    3.369298E+01    3.371627E+01    3.372845E+01    3.373467E+01
   3.558732E+01    3.550489E+01    3.536157E+01    3.505093E+01    3.459987E+01    1.000000E+30    3.381921E+01    3.382254E+01    3.381413E+01    3.379448E+01    3.376474E+01    3.373322E+01    3.370970E+01    3.368758E+01    3.366883E+01    3.369167E+01    3.370865E+01    3.372217E+01    3.373011E+01    3.373397E+01
   3.530292E+01    3.522361E+01    3.499959E+01    3.460915E+01    3.382028E+01    3.366838E+01    3.376088E+01    3.379976E+01    3.379917E+01    3.377274E+01    3.374356E+01    3.372819E+01    3.371888E+01    3.371207E+01    3.370728E+01    3.371484E+01    3.372284E+01    3.372832E+01    3.373346E+01    3.373572E+01
   3.515314E+01    3.505151E+01    3.476717E+01    3.407085E+01    3.179119E+01    3.326001E+01    3.368263E+01    3.377743E+01    3.377079E+01    3.372460E+01    3.369297E+01    3.370538E+01    3.371930E+01    3.372266E+01    3.372403E+01    3.372396E+01    3.373051E+01    3.373485E+01    3.373768E+01    3.373886E+01
   3.507417E+01    3.496559E+01    3.474324E+01    3.430455E+01    3.354656E+01    3.368372E+01    3.379309E+01    3.379340E+01    3.374702E+01    3.366729E+01    3.358802E+01    3.365158E+01    3.370194E+01    3.372510E+01    3.373153E+01    3.372769E+01    3.373513E+01    3.373859E+01    3.374024E+01    3.374238E+01
   3.504428E+01    3.496027E+01    3.478771E+01    3.452295E+01    3.418628E+01    3.401523E+01    3.391346E+01    3.383275E+01    3.374418E+01    3.359875E+01    3.319508E+01    3.357205E+01    3.368624E+01    3.372114E+01    3.373067E+01    3.372560E+01    3.373396E+01    3.374014E+01    3.374379E+01    3.374595E+01
   3.506431E+01    3.499837E+01    3.483728E+01    3.459600E+01    3.438966E+01    3.418091E+01    3.397306E+01    3.387230E+01    3.380064E+01    3.370117E+01    3.358916E+01    3.365639E+01    3.370344E+01    3.372116E+01    3.372321E+01    3.371647E+01    3.372819E+01    3.373731E+01    3.374437E+01    3.374879E+01
   3.509651E+01    3.504369E+01    3.489471E+01    3.465324E+01    3.440615E+01    3.415132E+01    3.388904E+01    3.384606E+01    3.382241E+01    3.377761E+01    3.372319E+01    3.372010E+01    3.372633E+01    3.372360E+01    3.371490E+01    3.370504E+01    3.371961E+01    3.373252E+01    3.374118E+01    3.374947E+01
   3.511610E+01    3.506217E+01    3.492162E+01    3.471346E+01    3.442979E+01    3.407629E+01    3.350258E+01    3.378523E+01    3.383319E+01    3.380899E+01    3.376921E+01    3.374372E+01    3.372765E+01    3.371241E+01    3.370209E+01    3.369473E+01    3.370983E+01    3.372482E+01    3.373574E+01    3.374428E+01
   3.512830E+01    3.507596E+01    3.493990E+01    3.475821E+01    3.450777E+01    3.418628E+01    3.390734E+01    3.388518E+01    3.386765E+01    3.383241E+01    3.378498E+01    3.373949E+01    3.370552E+01    3.368729E+01    3.368288E+01    3.368086E+01    3.369801E+01    3.371601E+01    3.372850E+01    3.373660E+01
   3.513000E+01    3.507457E+01    3.496470E+01    3.479376E+01    3.459075E+01    3.432980E+01    3.407089E+01    3.396054E+01    3.389713E+01    3.383193E+01    3.376507E+01    3.369728E+01    3.365474E+01    3.364343E+01    3.364989E+01    3.365742E+01    3.368297E+01    3.370356E+01    3.371888E+01    3.372812E+01
   1.000000E+30    3.505396E+01    3.493625E+01    3.476730E+01    3.459257E+01    3.437476E+01    3.413565E+01    3.399314E+01    3.389756E+01    3.380388E+01    3.370987E+01    3.360987E+01    3.354643E+01    3.355105E+01    3.358698E+01    3.362399E+01    3.366228E+01    3.368718E+01    3.370569E+01    3.371888E+01
   1.000000E+30    1.000000E+30    3.489135E+01    3.470018E+01    3.451423E+01    3.433131E+01    3.414620E+01    3.399496E+01    3.385810E+01    3.374200E+01    3.361994E+01    3.347432E+01    3.332813E+01    3.341198E+01    3.350011E+01    3.358551E+01    3.363168E+01    3.366662E+01    3.368672E+01    3.370718E+01
   1.000000E+30    1.000000E+30    1.000000E+30    3.455564E+01    3.435133E+01    3.420909E+01    3.409041E+01    3.395103E+01    3.379765E+01    3.367701E+01    3.353257E+01    3.330977E+01    3.281264E+01    3.326142E+01    3.342574E+01    3.355105E+01    3.360446E+01    3.364099E+01    3.366256E+01    3.369671E+01
   1.000000E+30    1.000000E+30    1.000000E+30    1.000000E+30    3.416306E+01    3.408128E+01    3.399055E+01    3.386783E+01    3.373060E+01    3.362290E+01    3.349808E+01    3.335944E+01    3.323157E+01    3.332455E+01    3.343096E+01    3.353183E+01    3.357973E+01    3.361499E+01    3.363296E+01    1.000000E+30
   1.000000E+30    1.000000E+30    1.000000E+30    1.000000E+30    3.405802E+01    3.393527E+01    3.384924E+01    3.375307E+01    3.365127E+01    3.355798E+01    3.346969E+01    3.339446E+01    3.334166E+01    3.337805E+01    3.344870E+01    3.352633E+01    3.356267E+01    3.358692E+01    3.361099E+01    1.000000E+30
   1.000000E+30    1.000000E+30    1.000000E+30    1.000000E+30    1.000000E+30    3.373127E+01    3.369557E+01    3.363188E+01    3.356691E+01    3.349095E+01    3.342906E+01    3.338627E+01    3.335625E+01    3.337182E+01    3.341777E+01    3.349103E+01    3.352790E+01    3.355804E+01    1.000000E+30    1.000000E+30
   1.000000E+30    1.000000E+30    1.000000E+30    1.000000E+30    1.000000E+30    3.357646E+01    3.357607E+01    3.354316E+01    3.348991E+01    3.343039E+01    3.338245E+01    3.334646E+01    3.329954E+01    3.330028E+01    3.334455E+01    3.342656E+01    3.347465E+01    1.000000E+30    1.000000E+30    1.000000E+30
   1.000000E+30    1.000000E+30    1.000000E+30    1.000000E+30    1.000000E+30    3.338278E+01    3.344515E+01    3.344826E+01    3.341624E+01    3.339270E+01    3.332646E+01    3.327209E+01    3.318638E+01    3.317025E+01    3.324050E+01    3.337331E+01    1.000000E+30    1.000000E+30    1.000000E+30    1.000000E+30
