   3.870694E+01    3.867321E+01    3.861602E+01    3.854675E+01    3.843708E+01    3.828620E+01    3.811501E+01    3.784486E+01    3.746432E+01    3.709091E+01    3.672845E+01    3.622390E+01    3.568778E+01    3.525157E+01    3.470512E+01    3.423193E+01    3.438884E+01    3.445965E+01    3.450804E+01    3.452248E+01
   3.871607E+01    3.868285E+01    3.862599E+01    3.854243E+01    3.840111E+01    3.822889E+01    3.805156E+01    3.779315E+01    3.741635E+01    3.702363E+01    3.664741E+01    3.617373E+01    3.567994E+01    3.519400E+01    3.466566E+01    3.422663E+01    3.437934E+01    3.444902E+01    3.448977E+01    3.450957E+01
   3.874038E+01    3.870593E+01    3.863493E+01    3.851573E+01    3.835239E+01    3.818015E+01    3.797733E+01    3.769651E+01    3.731809E+01    3.691090E+01    3.650040E+01    3.604795E+01    3.561356E+01    3.514588E+01    3.462615E+01    3.419318E+01    3.434005E+01    3.441308E+01    3.445518E+01    3.447506E+01
   3.877257E+01    3.873849E+01    3.865102E+01    3.850006E+01    3.832952E+01    3.814131E+01    3.788674E+01    3.754812E+01    3.715459E+01    3.674993E+01    3.632358E+01    3.588109E+01    3.545811E+01    3.500801E+01    3.457012E+01    3.425021E+01    3.431801E+01    3.436081E+01    3.439301E+01    3.441746E+01
   3.881526E+01    3.877917E+01    3.869837E+01    3.853411E+01    3.831906E+01    3.806723E+01    3.772561E+01    3.736251E+01    3.698805E+01    3.653022E+01    3.605538E+01    3.563851E+01    3.524236E+01    3.486764E+01    3.452362E+01    3.425647E+01    3.428295E+01    3.430373E+01    3.431980E+01    3.433983E+01
   3.890623E+01    3.885090E+01    3.875010E+01    3.856441E+01    3.829708E+01    3.798738E+01    3.762220E+01    3.716110E+01    3.667125E+01    3.618286E+01    3.576735E+01    3.539855E+01    3.502988E+01    3.471637E+01    3.443842E+01    3.421644E+01    3.422944E+01    3.424278E+01    3.425342E+01    3.425773E+01
   3.905835E+01    3.897626E+01    3.885735E+01    3.862757E+01    3.827966E+01    3.792420E+01    3.744141E+01    3.680319E+01    3.626396E+01    3.580806E+01    3.545896E+01    3.512104E+01    3.482194E+01    3.458437E+01    3.435655E+01    3.418818E+01    3.417070E+01    3.417634E+01    3.418119E+01    3.417390E+01
   3.921595E+01    3.915148E+01    3.904155E+01    3.880739E+01    3.825110E+01    3.785740E+01    3.727851E+01    3.640891E+01    3.583059E+01    3.543708E+01    3.517426E+01    3.491386E+01    3.468192E+01    3.448735E+01    3.429601E+01    3.411800E+01    3.407095E+01    3.407476E+01    3.408834E+01    3.409714E+01
   3.934200E+01    3.931118E+01    3.926646E+01    3.920818E+01    1.000000E+30    1.000000E+30    1.000000E+30    3.584163E+01    3.540987E+01    3.519650E+01    3.499285E+01    3.475744E+01    3.455841E+01    3.437730E+01    3.418794E+01    3.401006E+01    3.391451E+01    3.396892E+01    3.401213E+01    3.403766E+01
   3.944003E+01    3.943370E+01    3.941796E+01    3.939295E+01    1.000000E+30    1.000000E+30    1.000000E+30    1.000000E+30    3.506678E+01    3.494346E+01    3.477965E+01    3.459231E+01    3.443820E+01    3.424450E+01    3.407801E+01    3.391212E+01    3.367727E+01    3.389319E+01    3.397215E+01    3.400130E+01
   3.950391E+01    3.950356E+01    3.949962E+01    3.950061E+01    1.000000E+30    1.000000E+30    1.000000E+30    1.000000E+30    3.480585E+01    3.474003E+01    3.462587E+01    3.448540E+01    3.430311E+01    3.406933E+01    3.399787E+01    3.393632E+01    3.388266E+01    3.393948E+01    3.397020E+01    3.398761E+01
   3.953356E+01    3.953527E+01    3.953738E+01    3.954167E+01    1.000000E+30    1.000000E+30    1.000000E+30    1.000000E+30    3.465225E+01    3.461400E+01    3.451914E+01    3.438256E+01    3.416659E+01    3.375236E+01    3.393186E+01    3.395224E+01    3.395226E+01    3.396826E+01    3.398145E+01    3.399124E+01
   3.954265E+01    3.954493E+01    3.954943E+01    3.955503E+01    1.000000E+30    1.000000E+30    1.000000E+30    1.000000E+30    3.455743E+01    3.453225E+01    3.445870E+01    3.434145E+01    3.420094E+01    3.402935E+01    3.400571E+01    3.399377E+01    3.398822E+01    3.398909E+01    3.399414E+01    3.399870E+01
   3.953036E+01    3.953955E+01    3.954639E+01    3.955416E+01    1.000000E+30    1.000000E+30    1.000000E+30    1.000000E+30    3.451134E+01    3.448540E+01    3.442929E+01    3.433062E+01    3.421739E+01    3.412233E+01    3.406721E+01    3.403074E+01    3.401646E+01    3.400956E+01    3.400964E+01    3.401122E+01
   3.948389E+01    3.950654E+01    3.952268E+01    3.953230E+01    1.000000E+30    1.000000E+30    1.000000E+30    1.000000E+30    3.447884E+01    3.445323E+01    3.440050E+01    3.432183E+01    3.422651E+01    3.414405E+01    3.409015E+01    3.404822E+01    3.403088E+01    3.402457E+01    3.402329E+01    3.402429E+01
   3.940480E+01    3.942770E+01    3.944252E+01    3.944504E+01    1.000000E+30    1.000000E+30    1.000000E+30    1.000000E+30    3.445247E+01    3.442222E+01    3.437002E+01    3.429938E+01    3.420857E+01    3.413335E+01    3.408607E+01    3.403779E+01    3.402430E+01    3.402194E+01    3.402387E+01    3.402717E+01
   3.924826E+01    3.926734E+01    3.926540E+01    3.925690E+01    1.000000E+30    1.000000E+30    1.000000E+30    1.000000E+30    3.442241E+01    3.438530E+01    3.432345E+01    3.424951E+01    3.417058E+01    3.410314E+01    3.404911E+01    3.400396E+01    3.400359E+01    3.400675E+01    3.401437E+01    3.402206E+01
   3.900892E+01    3.900394E+01    3.901129E+01    3.901132E+01    1.000000E+30    1.000000E+30    1.000000E+30    1.000000E+30    3.439136E+01    3.433965E+01    3.426900E+01    3.420229E+01    3.412989E+01    3.405235E+01    3.399093E+01    3.396260E+01    3.397650E+01    3.398976E+01    3.399926E+01    3.401043E+01
   3.871035E+01    3.867325E+01    3.866869E+01    3.865993E+01    1.000000E+30    1.000000E+30    1.000000E+30    1.000000E+30    3.437699E+01    3.432562E+01    3.424876E+01    3.416760E+01    3.407861E+01    3.397614E+01    3.389590E+01    3.390174E+01    3.393813E+01    3.396614E+01    3.398257E+01    3.399158E+01
   3.834166E+01    3.829141E+01    3.823686E+01    3.824446E+01    1.000000E+30    1.000000E+30    1.000000E+30    1.000000E+30    3.439869E+01    3.433316E+01    3.423141E+01    3.413257E+01    3.401559E+01    3.387956E+01    3.373517E+01    3.381204E+01    3.389426E+01    3.393977E+01    3.396569E+01    3.397767E+01
   3.801065E+01    3.795945E+01    3.791780E+01    3.792598E+01    1.000000E+30    1.000000E+30    1.000000E+30    1.000000E+30    3.445421E+01    3.437617E+01    3.425118E+01    3.412251E+01    3.398631E+01    3.379175E+01    3.341132E+01    3.372494E+01    3.386436E+01    3.392591E+01    3.395396E+01    3.396723E+01
   3.776627E+01    3.770940E+01    3.769530E+01    3.764527E+01    1.000000E+30    1.000000E+30    3.484877E+01    3.471034E+01    3.454392E+01    3.442575E+01    3.429082E+01    3.415402E+01    3.403648E+01    3.390434E+01    3.375750E+01    3.381626E+01    3.388823E+01    3.393215E+01    3.395573E+01    3.396746E+01
   3.753934E+01    3.750236E+01    3.743939E+01    3.729245E+01    3.705491E+01    1.000000E+30    3.496607E+01    3.479580E+01    3.461339E+01    3.446054E+01    3.431486E+01    3.418648E+01    3.409229E+01    3.400582E+01    3.391445E+01    3.388290E+01    3.391992E+01    3.395048E+01    3.396667E+01    3.397591E+01
   3.732984E+01    3.730765E+01    3.721915E+01    3.706824E+01    3.667696E+01    3.592838E+01    3.526352E+01    3.490972E+01    3.469052E+01    3.450120E+01    3.433308E+01    3.421576E+01    3.413121E+01    3.406139E+01    3.398675E+01    3.391976E+01    3.394523E+01    3.396776E+01    3.398063E+01    3.398715E+01
   3.718533E+01    3.714970E+01    3.705051E+01    3.687196E+01    3.648528E+01    3.590360E+01    3.533258E+01    3.496047E+01    3.472055E+01    3.451935E+01    3.436243E+01    3.425005E+01    3.416434E+01    3.408953E+01    3.401256E+01    3.391851E+01    3.395616E+01    3.398190E+01    3.399355E+01    3.399823E+01
   3.703443E+01    3.698914E+01    3.688417E+01    3.669421E+01    3.632817E+01    3.581494E+01    3.530574E+01    3.495865E+01    3.472665E+01    3.452025E+01    3.435148E+01    3.426979E+01    3.419351E+01    3.411386E+01    3.402649E+01    3.391954E+01    3.396238E+01    3.398596E+01    3.399810E+01    3.400349E+01
   3.688270E+01    3.683818E+01    3.673049E+01    3.650839E+01    3.616092E+01    3.571645E+01    3.528247E+01    3.496417E+01    3.472363E+01    3.450969E+01    3.419354E+01    3.424861E+01    3.419554E+01    3.411584E+01    3.402808E+01    3.392632E+01    3.396004E+01    3.398305E+01    3.399802E+01    3.400425E+01
   3.677173E+01    3.671541E+01    3.657490E+01    3.630298E+01    3.601421E+01    3.564153E+01    3.522250E+01    3.494591E+01    3.473625E+01    3.454012E+01    3.435734E+01    3.428019E+01    3.420587E+01    3.411058E+01    3.400993E+01    3.391223E+01    3.394735E+01    3.397267E+01    3.399032E+01    3.400061E+01
   3.668938E+01    3.663614E+01    3.647407E+01    3.620122E+01    3.587789E+01    3.547431E+01    3.504320E+01    3.484468E+01    3.470619E+01    3.456114E+01    3.440923E+01    3.430048E+01    3.421651E+01    3.410265E+01    3.398094E+01    3.389064E+01    3.393140E+01    3.396185E+01    3.398136E+01    3.399430E+01
   3.663566E+01    3.656977E+01    3.639852E+01    3.614840E+01    3.578671E+01    3.530239E+01    3.458771E+01    3.472883E+01    3.466779E+01    3.454754E+01    3.440421E+01    3.428351E+01    3.418744E+01    3.407280E+01    3.396303E+01    3.387977E+01    3.391826E+01    3.395117E+01    3.397364E+01    3.398756E+01
   3.658724E+01    3.650905E+01    3.633479E+01    3.611081E+01    3.576966E+01    3.532036E+01    3.490745E+01    3.476090E+01    3.464255E+01    3.452774E+01    3.437294E+01    3.423719E+01    3.411652E+01    3.401802E+01    3.394207E+01    3.387172E+01    3.390659E+01    3.394203E+01    3.396717E+01    3.398363E+01
   3.653693E+01    3.643554E+01    3.628156E+01    3.605315E+01    3.576283E+01    3.538506E+01    3.498554E+01    3.475304E+01    3.461292E+01    3.445753E+01    3.429436E+01    3.415123E+01    3.402993E+01    3.395635E+01    3.389807E+01    3.383460E+01    3.388068E+01    3.392587E+01    3.395944E+01    3.398022E+01
   1.000000E+30    3.635547E+01    3.617556E+01    3.593780E+01    3.567600E+01    3.533617E+01    3.495918E+01    3.471619E+01    3.454744E+01    3.436415E+01    3.418872E+01    3.402186E+01    3.390607E+01    3.385424E+01    3.382530E+01    3.378911E+01    3.385203E+01    3.390470E+01    3.394640E+01    3.397691E+01
   1.000000E+30    1.000000E+30    3.604049E+01    3.577660E+01    3.548580E+01    3.517937E+01    3.488000E+01    3.464212E+01    3.442098E+01    3.423068E+01    3.404955E+01    3.386604E+01    3.369770E+01    3.371763E+01    3.373921E+01    3.374186E+01    3.381572E+01    3.387989E+01    3.393186E+01    3.397525E+01
   1.000000E+30    1.000000E+30    1.000000E+30    3.552280E+01    3.518171E+01    3.493008E+01    3.471822E+01    3.450342E+01    3.427539E+01    3.410313E+01    3.391965E+01    3.369290E+01    3.327211E+01    3.357408E+01    3.365790E+01    3.369027E+01    3.378066E+01    3.384934E+01    3.390271E+01    3.396641E+01
   1.000000E+30    1.000000E+30    1.000000E+30    1.000000E+30    3.485124E+01    3.470009E+01    3.453874E+01    3.434084E+01    3.413982E+01    3.399298E+01    3.383809E+01    3.368849E+01    3.355958E+01    3.359893E+01    3.364444E+01    3.367693E+01    3.375370E+01    3.381791E+01    3.385753E+01    1.000000E+30
   1.000000E+30    1.000000E+30    1.000000E+30    1.000000E+30    3.467574E+01    3.445933E+01    3.430664E+01    3.414424E+01    3.399722E+01    3.387355E+01    3.376121E+01    3.367603E+01    3.361379E+01    3.361217E+01    3.363546E+01    3.366819E+01    3.373635E+01    3.379327E+01    3.383362E+01    1.000000E+30
   1.000000E+30    1.000000E+30    1.000000E+30    1.000000E+30    1.000000E+30    3.412306E+01    3.405550E+01    3.394839E+01    3.385631E+01    3.375571E+01    3.367644E+01    3.362492E+01    3.358045E+01    3.356050E+01    3.357855E+01    3.362510E+01    3.369860E+01    3.376282E+01    1.000000E+30    1.000000E+30
   1.000000E+30    1.000000E+30    1.000000E+30    1.000000E+30    1.000000E+30    3.388085E+01    3.386539E+01    3.380682E+01    3.373093E+01    3.365397E+01    3.359555E+01    3.355110E+01    3.348088E+01    3.345509E+01    3.348173E+01    3.355119E+01    3.362984E+01    1.000000E+30    1.000000E+30    1.000000E+30
   1.000000E+30    1.000000E+30    1.000000E+30    1.000000E+30    1.000000E+30    3.359923E+01    3.366178E+01    3.364873E+01    3.360709E+01    3.358028E+01    3.351150E+01    3.344526E+01    3.333318E+01    3.329253E+01    3.335253E+01    3.347799E+01    1.000000E+30    1.000000E+30    1.000000E+30    1.000000E+30
