   3.840160E+01    3.836411E+01    3.831671E+01    3.826468E+01    3.818113E+01    3.806685E+01    3.793103E+01    3.768031E+01    3.728892E+01    3.690979E+01    3.655679E+01    3.607505E+01    3.558991E+01    3.519469E+01    3.470706E+01    3.426273E+01    3.448321E+01    3.457809E+01    3.464111E+01    3.465943E+01
   3.840777E+01    3.837535E+01    3.832564E+01    3.825603E+01    3.814290E+01    3.800955E+01    3.786478E+01    3.762598E+01    3.724460E+01    3.685079E+01    3.648357E+01    3.602524E+01    3.557839E+01    3.514391E+01    3.467322E+01    3.426179E+01    3.447914E+01    3.457069E+01    3.462297E+01    3.464777E+01
   3.843001E+01    3.839429E+01    3.833137E+01    3.822545E+01    3.809528E+01    3.796312E+01    3.779128E+01    3.752845E+01    3.715128E+01    3.675138E+01    3.635569E+01    3.592489E+01    3.552946E+01    3.510881E+01    3.464932E+01    3.422879E+01    3.442925E+01    3.452475E+01    3.458446E+01    3.460891E+01
   3.845556E+01    3.842267E+01    3.834485E+01    3.821405E+01    3.807516E+01    3.792345E+01    3.770387E+01    3.738877E+01    3.700221E+01    3.660765E+01    3.620001E+01    3.577914E+01    3.539258E+01    3.498538E+01    3.459591E+01    3.429376E+01    3.440103E+01    3.446390E+01    3.451141E+01    3.454288E+01
   3.849652E+01    3.846308E+01    3.838966E+01    3.824513E+01    3.806334E+01    3.785700E+01    3.755086E+01    3.721547E+01    3.685266E+01    3.641253E+01    3.596414E+01    3.556542E+01    3.520082E+01    3.486098E+01    3.455287E+01    3.430408E+01    3.436471E+01    3.440262E+01    3.443352E+01    3.446352E+01
   3.859225E+01    3.854379E+01    3.845415E+01    3.828150E+01    3.804716E+01    3.777744E+01    3.745597E+01    3.703157E+01    3.656284E+01    3.609419E+01    3.570529E+01    3.535639E+01    3.501357E+01    3.472493E+01    3.447109E+01    3.426400E+01    3.430808E+01    3.433859E+01    3.436090E+01    3.437350E+01
   3.874750E+01    3.867320E+01    3.856402E+01    3.835295E+01    3.803716E+01    3.772078E+01    3.728668E+01    3.670302E+01    3.619013E+01    3.575840E+01    3.543020E+01    3.510870E+01    3.482810E+01    3.460662E+01    3.439568E+01    3.423988E+01    3.425159E+01    3.427543E+01    3.428977E+01    3.428788E+01
   3.888717E+01    3.882943E+01    3.874184E+01    3.853071E+01    3.801838E+01    3.766243E+01    3.713696E+01    3.634187E+01    3.579885E+01    3.542778E+01    3.517771E+01    3.492816E+01    3.470717E+01    3.452339E+01    3.434462E+01    3.417828E+01    3.417187E+01    3.418864E+01    3.420437E+01    3.421281E+01
   3.898295E+01    3.895716E+01    3.893355E+01    3.889078E+01    1.000000E+30    1.000000E+30    1.000000E+30    3.582154E+01    3.541874E+01    3.521442E+01    3.501966E+01    3.479423E+01    3.460109E+01    3.442909E+01    3.425569E+01    3.409516E+01    3.406918E+01    3.411048E+01    3.414068E+01    3.415805E+01
   3.906609E+01    3.906035E+01    3.906309E+01    3.905741E+01    1.000000E+30    1.000000E+30    1.000000E+30    1.000000E+30    3.510977E+01    3.499181E+01    3.483240E+01    3.465009E+01    3.449812E+01    3.431428E+01    3.416860E+01    3.403989E+01    3.394616E+01    3.406234E+01    3.410921E+01    3.412613E+01
   3.912694E+01    3.913370E+01    3.914367E+01    3.916350E+01    1.000000E+30    1.000000E+30    1.000000E+30    1.000000E+30    3.488007E+01    3.481477E+01    3.470076E+01    3.455952E+01    3.437938E+01    3.415319E+01    3.409673E+01    3.405368E+01    3.404439E+01    3.408399E+01    3.410361E+01    3.411334E+01
   3.915851E+01    3.916576E+01    3.918307E+01    3.919964E+01    1.000000E+30    1.000000E+30    1.000000E+30    1.000000E+30    3.474991E+01    3.470664E+01    3.460907E+01    3.447265E+01    3.425757E+01    3.384555E+01    3.403285E+01    3.405928E+01    3.408371E+01    3.410045E+01    3.411025E+01    3.411667E+01
   3.917081E+01    3.917920E+01    3.919396E+01    3.920965E+01    1.000000E+30    1.000000E+30    1.000000E+30    1.000000E+30    3.467151E+01    3.464327E+01    3.456428E+01    3.444526E+01    3.430484E+01    3.413424E+01    3.411215E+01    3.410260E+01    3.411159E+01    3.411605E+01    3.412143E+01    3.412529E+01
   3.916175E+01    3.917903E+01    3.919584E+01    3.921296E+01    1.000000E+30    1.000000E+30    1.000000E+30    1.000000E+30    3.463671E+01    3.460860E+01    3.455014E+01    3.444807E+01    3.433362E+01    3.423941E+01    3.418418E+01    3.414558E+01    3.413975E+01    3.413630E+01    3.413862E+01    3.414164E+01
   3.911441E+01    3.914414E+01    3.917808E+01    3.919920E+01    1.000000E+30    1.000000E+30    1.000000E+30    1.000000E+30    3.461121E+01    3.458420E+01    3.453141E+01    3.445296E+01    3.435632E+01    3.427479E+01    3.421954E+01    3.417302E+01    3.416077E+01    3.415730E+01    3.415950E+01    3.416335E+01
   3.903707E+01    3.906414E+01    3.910491E+01    3.911974E+01    1.000000E+30    1.000000E+30    1.000000E+30    1.000000E+30    3.459151E+01    3.456107E+01    3.451043E+01    3.444295E+01    3.435490E+01    3.428032E+01    3.423063E+01    3.417527E+01    3.416785E+01    3.416957E+01    3.417405E+01    3.418001E+01
   3.888537E+01    3.892527E+01    3.895281E+01    3.894814E+01    1.000000E+30    1.000000E+30    1.000000E+30    1.000000E+30    3.457282E+01    3.453847E+01    3.448317E+01    3.441786E+01    3.434369E+01    3.427565E+01    3.421583E+01    3.416068E+01    3.416486E+01    3.416945E+01    3.417786E+01    3.418684E+01
   3.867940E+01    3.869172E+01    3.871566E+01    3.872004E+01    1.000000E+30    1.000000E+30    1.000000E+30    1.000000E+30    3.456087E+01    3.451332E+01    3.445330E+01    3.439709E+01    3.433334E+01    3.426183E+01    3.419352E+01    3.414094E+01    3.415436E+01    3.416492E+01    3.417415E+01    3.418640E+01
   3.841886E+01    3.839167E+01    3.839248E+01    3.838602E+01    1.000000E+30    1.000000E+30    1.000000E+30    1.000000E+30    3.456294E+01    3.451455E+01    3.444843E+01    3.438414E+01    3.431391E+01    3.423612E+01    3.416163E+01    3.411218E+01    3.413548E+01    3.415236E+01    3.416278E+01    3.416991E+01
   3.808152E+01    3.803231E+01    3.797517E+01    3.798418E+01    1.000000E+30    1.000000E+30    1.000000E+30    1.000000E+30    3.459108E+01    3.453474E+01    3.445148E+01    3.437659E+01    3.429407E+01    3.420769E+01    3.411509E+01    3.406788E+01    3.411089E+01    3.413334E+01    3.414645E+01    3.415212E+01
   3.775542E+01    3.770914E+01    3.766602E+01    3.767622E+01    1.000000E+30    1.000000E+30    1.000000E+30    1.000000E+30    3.465201E+01    3.458669E+01    3.448391E+01    3.438678E+01    3.429607E+01    3.418965E+01    3.403226E+01    3.403927E+01    3.409311E+01    3.411854E+01    3.413010E+01    3.413703E+01
   3.752079E+01    3.746760E+01    3.745663E+01    3.741376E+01    1.000000E+30    1.000000E+30    3.498859E+01    3.487620E+01    3.473765E+01    3.463891E+01    3.452731E+01    3.441686E+01    3.432767E+01    3.423468E+01    3.412708E+01    3.406984E+01    3.409450E+01    3.411166E+01    3.412079E+01    3.412606E+01
   3.731155E+01    3.728115E+01    3.722451E+01    3.710091E+01    3.689663E+01    1.000000E+30    3.509242E+01    3.495240E+01    3.480316E+01    3.467629E+01    3.455324E+01    3.443962E+01    3.435552E+01    3.427447E+01    3.417472E+01    3.407681E+01    3.409412E+01    3.410717E+01    3.411466E+01    3.411769E+01
   3.712716E+01    3.711320E+01    3.703785E+01    3.691023E+01    3.657087E+01    3.592742E+01    3.535344E+01    3.505802E+01    3.487718E+01    3.471650E+01    3.456883E+01    3.445951E+01    3.437561E+01    3.429675E+01    3.419519E+01    3.407030E+01    3.408648E+01    3.409972E+01    3.410781E+01    3.411091E+01
   3.700556E+01    3.698091E+01    3.689987E+01    3.675040E+01    3.641522E+01    3.591253E+01    3.542090E+01    3.510851E+01    3.490872E+01    3.473319E+01    3.459173E+01    3.448519E+01    3.439563E+01    3.430251E+01    3.418986E+01    3.403171E+01    3.406677E+01    3.408871E+01    3.410003E+01    3.410449E+01
   3.688870E+01    3.685936E+01    3.677564E+01    3.661393E+01    3.629290E+01    3.584458E+01    3.540769E+01    3.511232E+01    3.491617E+01    3.473418E+01    3.457843E+01    3.449718E+01    3.441057E+01    3.430554E+01    3.417822E+01    3.401255E+01    3.405705E+01    3.407755E+01    3.409094E+01    3.409772E+01
   3.680668E+01    3.676898E+01    3.666890E+01    3.647766E+01    3.616848E+01    3.577240E+01    3.539260E+01    3.511875E+01    3.491650E+01    3.472703E+01    3.443006E+01    3.446720E+01    3.439285E+01    3.428196E+01    3.415716E+01    3.401031E+01    3.404415E+01    3.406811E+01    3.408413E+01    3.409191E+01
   3.676698E+01    3.671549E+01    3.657673E+01    3.631897E+01    3.605498E+01    3.571586E+01    3.533400E+01    3.509230E+01    3.492056E+01    3.475022E+01    3.457224E+01    3.448039E+01    3.438453E+01    3.425920E+01    3.412311E+01    3.398856E+01    3.402451E+01    3.405211E+01    3.407215E+01    3.408396E+01
   3.674651E+01    3.669270E+01    3.652485E+01    3.624454E+01    3.593006E+01    3.554879E+01    3.514605E+01    3.498397E+01    3.487421E+01    3.475148E+01    3.460551E+01    3.448791E+01    3.438698E+01    3.423932E+01    3.408060E+01    3.395973E+01    3.400314E+01    3.403691E+01    3.405833E+01    3.407468E+01
   3.672658E+01    3.665799E+01    3.647630E+01    3.621529E+01    3.584999E+01    3.537753E+01    3.465985E+01    3.486060E+01    3.482863E+01    3.472343E+01    3.458675E+01    3.445839E+01    3.434718E+01    3.420277E+01    3.406089E+01    3.394759E+01    3.398679E+01    3.402172E+01    3.404590E+01    3.406220E+01
   3.669894E+01    3.661909E+01    3.643507E+01    3.619210E+01    3.585248E+01    3.541442E+01    3.501805E+01    3.490007E+01    3.480158E+01    3.469754E+01    3.454952E+01    3.440263E+01    3.427043E+01    3.415065E+01    3.404731E+01    3.394520E+01    3.397455E+01    3.400914E+01    3.403428E+01    3.405042E+01
   3.666920E+01    3.657591E+01    3.641520E+01    3.617013E+01    3.587600E+01    3.550456E+01    3.511787E+01    3.490616E+01    3.477888E+01    3.463372E+01    3.447954E+01    3.432464E+01    3.419509E+01    3.410301E+01    3.401249E+01    3.391056E+01    3.395299E+01    3.399197E+01    3.402181E+01    3.403994E+01
   1.000000E+30    3.651452E+01    3.633025E+01    3.607500E+01    3.580808E+01    3.547432E+01    3.510941E+01    3.488190E+01    3.472143E+01    3.455027E+01    3.438563E+01    3.421767E+01    3.408958E+01    3.401107E+01    3.394588E+01    3.386555E+01    3.392561E+01    3.397036E+01    3.400531E+01    3.403042E+01
   1.000000E+30    1.000000E+30    3.622100E+01    3.592850E+01    3.563221E+01    3.533473E+01    3.504570E+01    3.481752E+01    3.460398E+01    3.442711E+01    3.425815E+01    3.408046E+01    3.391099E+01    3.389464E+01    3.387052E+01    3.381704E+01    3.388565E+01    3.394407E+01    3.398404E+01    3.402049E+01
   1.000000E+30    1.000000E+30    1.000000E+30    3.567099E+01    3.533233E+01    3.509389E+01    3.489971E+01    3.468967E+01    3.446236E+01    3.429967E+01    3.413139E+01    3.391666E+01    3.355146E+01    3.376188E+01    3.379020E+01    3.375951E+01    3.384854E+01    3.391176E+01    3.395336E+01    3.400951E+01
   1.000000E+30    1.000000E+30    1.000000E+30    1.000000E+30    3.500142E+01    3.486155E+01    3.471228E+01    3.452261E+01    3.432274E+01    3.417781E+01    3.402909E+01    3.388377E+01    3.375913E+01    3.376365E+01    3.376649E+01    3.374977E+01    3.382108E+01    3.387961E+01    3.391200E+01    1.000000E+30
   1.000000E+30    1.000000E+30    1.000000E+30    1.000000E+30    3.481915E+01    3.460836E+01    3.446347E+01    3.430981E+01    3.416468E+01    3.403876E+01    3.392707E+01    3.384286E+01    3.377832E+01    3.375471E+01    3.374325E+01    3.373820E+01    3.380053E+01    3.384607E+01    3.388403E+01    1.000000E+30
   1.000000E+30    1.000000E+30    1.000000E+30    1.000000E+30    1.000000E+30    3.425896E+01    3.419652E+01    3.409319E+01    3.400276E+01    3.389927E+01    3.382037E+01    3.376777E+01    3.371459E+01    3.368029E+01    3.367071E+01    3.368903E+01    3.375585E+01    3.380930E+01    1.000000E+30    1.000000E+30
   1.000000E+30    1.000000E+30    1.000000E+30    1.000000E+30    1.000000E+30    3.400055E+01    3.398916E+01    3.393255E+01    3.385750E+01    3.378021E+01    3.372324E+01    3.367757E+01    3.359384E+01    3.355308E+01    3.356073E+01    3.360978E+01    3.368419E+01    1.000000E+30    1.000000E+30    1.000000E+30
   1.000000E+30    1.000000E+30    1.000000E+30    1.000000E+30    1.000000E+30    3.369557E+01    3.375926E+01    3.374855E+01    3.371214E+01    3.369275E+01    3.362697E+01    3.355781E+01    3.342776E+01    3.336909E+01    3.341684E+01    3.353002E+01    1.000000E+30    1.000000E+30    1.000000E+30    1.000000E+30
