   3.649982E+01    3.647956E+01    3.643961E+01    3.638094E+01    3.630501E+01    3.621357E+01    3.610862E+01    3.599248E+01    3.586702E+01    3.573392E+01    3.559397E+01    3.544649E+01    3.528956E+01    3.512095E+01    3.493855E+01    3.474020E+01    3.479356E+01    3.483315E+01    3.485925E+01    3.487218E+01
   3.650202E+01    3.648141E+01    3.644076E+01    3.638099E+01    3.630361E+01    3.621042E+01    3.610359E+01    3.598556E+01    3.585845E+01    3.572414E+01    3.558374E+01    3.543648E+01    3.527997E+01    3.511187E+01    3.493001E+01    3.473183E+01    3.478504E+01    3.482437E+01    3.485025E+01    3.486306E+01
   3.650655E+01    3.648530E+01    3.644327E+01    3.638133E+01    3.630100E+01    3.620430E+01    3.609367E+01    3.597193E+01    3.584153E+01    3.570477E+01    3.556333E+01    3.541638E+01    3.526039E+01    3.509319E+01    3.491264E+01    3.471575E+01    3.476803E+01    3.480664E+01    3.483207E+01    3.484469E+01
   3.651381E+01    3.649169E+01    3.644773E+01    3.638256E+01    3.629764E+01    3.619538E+01    3.607876E+01    3.595129E+01    3.581610E+01    3.567563E+01    3.553254E+01    3.538561E+01    3.522993E+01    3.506404E+01    3.488575E+01    3.469194E+01    3.474207E+01    3.477949E+01    3.480442E+01    3.481692E+01
   3.652437E+01    3.650137E+01    3.645520E+01    3.638582E+01    3.629434E+01    3.618392E+01    3.605838E+01    3.592234E+01    3.578073E+01    3.563610E+01    3.549025E+01    3.534212E+01    3.518733E+01    3.502349E+01    3.484859E+01    3.466008E+01    3.470643E+01    3.474229E+01    3.476708E+01    3.477982E+01
   3.653877E+01    3.651533E+01    3.646740E+01    3.639329E+01    3.629252E+01    3.617064E+01    3.603195E+01    3.588206E+01    3.573118E+01    3.558215E+01    3.543477E+01    3.528612E+01    3.513243E+01    3.497114E+01    3.480047E+01    3.461876E+01    3.465987E+01    3.469444E+01    3.472016E+01    3.473391E+01
   3.655708E+01    3.653450E+01    3.648705E+01    3.640940E+01    3.629440E+01    3.615726E+01    3.600011E+01    3.582625E+01    3.566322E+01    3.551108E+01    3.536417E+01    3.521685E+01    3.506507E+01    3.490664E+01    3.474041E+01    3.456563E+01    3.459895E+01    3.463442E+01    3.466404E+01    3.468056E+01
   3.657796E+01    3.655888E+01    3.651792E+01    3.644502E+01    3.630116E+01    3.614758E+01    3.596882E+01    3.574387E+01    3.556841E+01    3.541908E+01    3.527749E+01    3.513423E+01    3.498527E+01    3.482965E+01    3.466731E+01    3.449698E+01    3.451545E+01    3.455973E+01    3.460026E+01    3.462281E+01
   3.659728E+01    3.658487E+01    3.656152E+01    3.653449E+01    1.000000E+30    1.000000E+30    1.000000E+30    3.559701E+01    3.543191E+01    3.530363E+01    3.517609E+01    3.504000E+01    3.489383E+01    3.474008E+01    3.458171E+01    3.440862E+01    3.438620E+01    3.446856E+01    3.453396E+01    3.456687E+01
   3.660757E+01    3.660058E+01    3.658853E+01    3.657723E+01    1.000000E+30    1.000000E+30    1.000000E+30    1.000000E+30    3.524319E+01    3.517153E+01    3.506694E+01    3.493902E+01    3.479228E+01    3.463636E+01    3.449097E+01    3.430830E+01    3.413176E+01    3.437430E+01    3.447974E+01    3.452317E+01
   3.660262E+01    3.659893E+01    3.659284E+01    3.658753E+01    1.000000E+30    1.000000E+30    1.000000E+30    1.000000E+30    3.510735E+01    3.505565E+01    3.496496E+01    3.484037E+01    3.468255E+01    3.450343E+01    3.441703E+01    3.430654E+01    3.430362E+01    3.439634E+01    3.446703E+01    3.450219E+01
   3.657884E+01    3.657672E+01    3.657335E+01    3.657070E+01    1.000000E+30    1.000000E+30    1.000000E+30    1.000000E+30    3.500450E+01    3.496194E+01    3.488076E+01    3.475873E+01    3.457672E+01    3.425860E+01    3.434685E+01    3.430551E+01    3.435801E+01    3.441969E+01    3.446921E+01    3.449565E+01
   3.653505E+01    3.653362E+01    3.653153E+01    3.652999E+01    1.000000E+30    1.000000E+30    1.000000E+30    1.000000E+30    3.492553E+01    3.488991E+01    3.482120E+01    3.472050E+01    3.458801E+01    3.443727E+01    3.438576E+01    3.432214E+01    3.438238E+01    3.443459E+01    3.447386E+01    3.449481E+01
   3.647133E+01    3.647024E+01    3.646872E+01    3.646762E+01    1.000000E+30    1.000000E+30    1.000000E+30    1.000000E+30    3.486343E+01    3.483377E+01    3.477715E+01    3.469697E+01    3.459866E+01    3.449547E+01    3.441604E+01    3.433564E+01    3.439418E+01    3.444189E+01    3.447620E+01    3.449420E+01
   3.638813E+01    3.638715E+01    3.638582E+01    3.638486E+01    1.000000E+30    1.000000E+30    1.000000E+30    1.000000E+30    3.481210E+01    3.478719E+01    3.473997E+01    3.467429E+01    3.459509E+01    3.450959E+01    3.442637E+01    3.433912E+01    3.439631E+01    3.444206E+01    3.447423E+01    3.449088E+01
   3.628589E+01    3.628483E+01    3.628338E+01    3.628235E+01    1.000000E+30    1.000000E+30    1.000000E+30    1.000000E+30    3.476665E+01    3.474515E+01    3.470441E+01    3.464757E+01    3.457835E+01    3.450120E+01    3.441970E+01    3.433190E+01    3.438945E+01    3.443523E+01    3.446712E+01    3.448348E+01
   3.616500E+01    3.616358E+01    3.616164E+01    3.616025E+01    1.000000E+30    1.000000E+30    1.000000E+30    1.000000E+30    3.472352E+01    3.470415E+01    3.466716E+01    3.461493E+01    3.455038E+01    3.447708E+01    3.439832E+01    3.431432E+01    3.437394E+01    3.442163E+01    3.445478E+01    3.447170E+01
   3.602601E+01    3.602376E+01    3.602056E+01    3.601823E+01    1.000000E+30    1.000000E+30    1.000000E+30    1.000000E+30    3.468048E+01    3.466223E+01    3.462692E+01    3.457611E+01    3.451203E+01    3.443845E+01    3.436128E+01    3.428586E+01    3.435011E+01    3.440192E+01    3.443785E+01    3.445613E+01
   3.586972E+01    3.586568E+01    3.585971E+01    3.585522E+01    1.000000E+30    1.000000E+30    1.000000E+30    1.000000E+30    3.463635E+01    3.461870E+01    3.458379E+01    3.453198E+01    3.446411E+01    3.438355E+01    3.430181E+01    3.424418E+01    3.431850E+01    3.437771E+01    3.441799E+01    3.443826E+01
   3.569779E+01    3.569010E+01    3.567825E+01    3.566876E+01    1.000000E+30    1.000000E+30    1.000000E+30    1.000000E+30    3.459053E+01    3.457372E+01    3.453916E+01    3.448542E+01    3.440990E+01    3.431018E+01    3.419777E+01    3.418611E+01    3.428185E+01    3.435217E+01    3.439777E+01    3.442018E+01
   3.551377E+01    3.549917E+01    3.547512E+01    3.545344E+01    1.000000E+30    1.000000E+30    1.000000E+30    1.000000E+30    3.454221E+01    3.452778E+01    3.449533E+01    3.444223E+01    3.436106E+01    3.422967E+01    3.397216E+01    3.411967E+01    3.425045E+01    3.433117E+01    3.438044E+01    3.440415E+01
   3.532448E+01    3.529797E+01    3.524977E+01    3.519643E+01    1.000000E+30    1.000000E+30    3.445819E+01    3.446853E+01    3.448902E+01    3.448114E+01    3.445382E+01    3.440876E+01    3.434338E+01    3.425415E+01    3.415193E+01    3.414975E+01    3.424880E+01    3.432141E+01    3.436845E+01    3.439154E+01
   3.514114E+01    3.509823E+01    3.500949E+01    3.486477E+01    3.462115E+01    1.000000E+30    3.442760E+01    3.443821E+01    3.444463E+01    3.443513E+01    3.441173E+01    3.437725E+01    3.433048E+01    3.427173E+01    3.421073E+01    3.417217E+01    3.425321E+01    3.431705E+01    3.436019E+01    3.438182E+01
   3.498016E+01    3.492409E+01    3.480503E+01    3.461117E+01    3.435735E+01    3.431360E+01    3.436619E+01    3.439209E+01    3.439670E+01    3.438412E+01    3.436223E+01    3.433947E+01    3.431035E+01    3.427189E+01    3.422682E+01    3.418000E+01    3.425449E+01    3.431317E+01    3.435326E+01    3.437354E+01
   3.485470E+01    3.479279E+01    3.465524E+01    3.439666E+01    3.386095E+01    3.419613E+01    3.431029E+01    3.434698E+01    3.434636E+01    3.432338E+01    3.429469E+01    3.428890E+01    3.428030E+01    3.425904E+01    3.422456E+01    3.417796E+01    3.425121E+01    3.430767E+01    3.434601E+01    3.436539E+01
   3.477067E+01    3.471700E+01    3.460664E+01    3.443792E+01    3.424275E+01    3.427618E+01    3.431032E+01    3.431871E+01    3.429862E+01    3.424939E+01    3.418477E+01    3.422159E+01    3.424343E+01    3.423975E+01    3.421436E+01    3.417048E+01    3.424435E+01    3.430014E+01    3.433764E+01    3.435652E+01
   3.471981E+01    3.467768E+01    3.459613E+01    3.448529E+01    3.437617E+01    3.433471E+01    3.431551E+01    3.429860E+01    3.426072E+01    3.417187E+01    3.395203E+01    3.414903E+01    3.421236E+01    3.422243E+01    3.420263E+01    3.416074E+01    3.423519E+01    3.429076E+01    3.432787E+01    3.434649E+01
   3.469059E+01    3.465740E+01    3.459450E+01    3.451045E+01    3.442190E+01    3.435081E+01    3.429792E+01    3.427920E+01    3.425506E+01    3.420783E+01    3.414649E+01    3.418793E+01    3.421447E+01    3.421518E+01    3.419299E+01    3.415045E+01    3.422453E+01    3.427977E+01    3.431660E+01    3.433506E+01
   3.467400E+01    3.464638E+01    3.459353E+01    3.451959E+01    3.442978E+01    3.432819E+01    3.422547E+01    3.424469E+01    3.425329E+01    3.423957E+01    3.421872E+01    3.422147E+01    3.422256E+01    3.421107E+01    3.418374E+01    3.413933E+01    3.421237E+01    3.426713E+01    3.430375E+01    3.432213E+01
   3.466448E+01    3.464018E+01    3.459319E+01    3.452414E+01    3.442902E+01    3.428639E+01    3.401089E+01    3.420050E+01    3.425358E+01    3.425879E+01    3.424771E+01    3.423691E+01    3.422357E+01    3.420314E+01    3.417173E+01    3.412617E+01    3.419821E+01    3.425264E+01    3.428923E+01    3.430765E+01
   3.465879E+01    3.463627E+01    3.459455E+01    3.453438E+01    3.445519E+01    3.435639E+01    3.425217E+01    3.426955E+01    3.428068E+01    3.427426E+01    3.425682E+01    3.423543E+01    3.421224E+01    3.418666E+01    3.415411E+01    3.410966E+01    3.418147E+01    3.423609E+01    3.427300E+01    3.429168E+01
   3.465520E+01    3.463125E+01    3.459410E+01    3.454340E+01    3.448079E+01    3.441129E+01    3.434899E+01    3.432342E+01    3.430489E+01    3.428108E+01    3.425061E+01    3.421660E+01    3.418409E+01    3.415776E+01    3.412869E+01    3.408886E+01    3.416178E+01    3.421740E+01    3.425516E+01    3.427445E+01
   1.000000E+30    3.461925E+01    3.458703E+01    3.454429E+01    3.449325E+01    3.443893E+01    3.438872E+01    3.435009E+01    3.431474E+01    3.427541E+01    3.422913E+01    3.417757E+01    3.413085E+01    3.411227E+01    3.409431E+01    3.406369E+01    3.413927E+01    3.419667E+01    3.423591E+01    3.425653E+01
   1.000000E+30    1.000000E+30    3.457037E+01    3.453352E+01    3.448907E+01    3.444266E+01    3.439712E+01    3.435398E+01    3.430939E+01    3.425803E+01    3.419470E+01    3.411564E+01    3.403068E+01    3.404679E+01    3.405282E+01    3.403577E+01    3.411486E+01    3.417415E+01    3.421534E+01    3.423922E+01
   1.000000E+30    1.000000E+30    1.000000E+30    3.451035E+01    3.446692E+01    3.442564E+01    3.438346E+01    3.433983E+01    3.429182E+01    3.423435E+01    3.415842E+01    3.404165E+01    3.380954E+01    3.397178E+01    3.401452E+01    3.400948E+01    3.409012E+01    3.414974E+01    3.419207E+01    3.422571E+01
   1.000000E+30    1.000000E+30    1.000000E+30    1.000000E+30    3.442256E+01    3.438953E+01    3.435137E+01    3.431041E+01    3.426465E+01    3.421095E+01    3.414540E+01    3.406469E+01    3.397894E+01    3.399582E+01    3.400393E+01    3.399026E+01    3.406623E+01    3.412253E+01    3.415735E+01    1.000000E+30
   1.000000E+30    1.000000E+30    1.000000E+30    1.000000E+30    3.439079E+01    3.433827E+01    3.430194E+01    3.426597E+01    3.422613E+01    3.418067E+01    3.412919E+01    3.407412E+01    3.402591E+01    3.400862E+01    3.399496E+01    3.397158E+01    3.404168E+01    3.409657E+01    3.413716E+01    1.000000E+30
   1.000000E+30    1.000000E+30    1.000000E+30    1.000000E+30    1.000000E+30    3.425004E+01    3.423150E+01    3.420515E+01    3.417335E+01    3.413697E+01    3.409735E+01    3.405735E+01    3.402229E+01    3.399768E+01    3.397533E+01    3.394721E+01    3.401185E+01    3.406453E+01    1.000000E+30    1.000000E+30
   1.000000E+30    1.000000E+30    1.000000E+30    1.000000E+30    1.000000E+30    3.415884E+01    3.414761E+01    3.412874E+01    3.410449E+01    3.407633E+01    3.404603E+01    3.401572E+01    3.398796E+01    3.396398E+01    3.394074E+01    3.391374E+01    3.397327E+01    1.000000E+30    1.000000E+30    1.000000E+30
   1.000000E+30    1.000000E+30    1.000000E+30    1.000000E+30    1.000000E+30    3.405667E+01    3.404924E+01    3.403575E+01    3.401776E+01    3.399687E+01    3.397427E+01    3.395130E+01    3.392909E+01    3.390841E+01    3.388858E+01    3.386939E+01    1.000000E+30    1.000000E+30    1.000000E+30    1.000000E+30
