   3.611603E+01    3.609220E+01    3.604542E+01    3.597722E+01    3.588989E+01    3.578621E+01    3.566931E+01    3.554274E+01    3.540953E+01    3.527257E+01    3.513379E+01    3.499378E+01    3.485207E+01    3.470826E+01    3.456237E+01    3.441474E+01    3.441231E+01    3.441084E+01    3.441000E+01    3.440962E+01
   3.612150E+01    3.609717E+01    3.604936E+01    3.597960E+01    3.589028E+01    3.578429E+01    3.566500E+01    3.553612E+01    3.540096E+01    3.526260E+01    3.512329E+01    3.498344E+01    3.484211E+01    3.469877E+01    3.455340E+01    3.440593E+01    3.440348E+01    3.440181E+01    3.440081E+01    3.440036E+01
   3.613278E+01    3.610747E+01    3.605763E+01    3.598475E+01    3.589134E+01    3.578065E+01    3.565648E+01    3.552301E+01    3.538393E+01    3.524276E+01    3.510224E+01    3.496262E+01    3.482178E+01    3.467934E+01    3.453525E+01    3.438916E+01    3.438590E+01    3.438362E+01    3.438232E+01    3.438178E+01
   3.615067E+01    3.612399E+01    3.607120E+01    3.599354E+01    3.589363E+01    3.577545E+01    3.564355E+01    3.550297E+01    3.535817E+01    3.521273E+01    3.507034E+01    3.493069E+01    3.479021E+01    3.464913E+01    3.450734E+01    3.436435E+01    3.435920E+01    3.435595E+01    3.435437E+01    3.435382E+01
   3.617634E+01    3.614813E+01    3.609173E+01    3.600761E+01    3.589816E+01    3.576885E+01    3.562551E+01    3.547444E+01    3.532196E+01    3.517170E+01    3.502634E+01    3.488556E+01    3.474614E+01    3.460728E+01    3.446892E+01    3.433099E+01    3.432273E+01    3.431836E+01    3.431685E+01    3.431662E+01
   3.621110E+01    3.618178E+01    3.612198E+01    3.603000E+01    3.590646E+01    3.576130E+01    3.560133E+01    3.543380E+01    3.527061E+01    3.511538E+01    3.496843E+01    3.482739E+01    3.468941E+01    3.455339E+01    3.441937E+01    3.428795E+01    3.427526E+01    3.427015E+01    3.426983E+01    3.427072E+01
   3.625585E+01    3.622700E+01    3.616635E+01    3.606701E+01    3.592055E+01    3.575381E+01    3.557095E+01    3.537596E+01    3.519929E+01    3.504080E+01    3.489466E+01    3.475545E+01    3.461991E+01    3.448717E+01    3.435775E+01    3.423303E+01    3.421334E+01    3.420973E+01    3.421366E+01    3.421747E+01
   3.630981E+01    3.628493E+01    3.623134E+01    3.613472E+01    3.593943E+01    3.574856E+01    3.553967E+01    3.528804E+01    3.509868E+01    3.494393E+01    3.480411E+01    3.466985E+01    3.453784E+01    3.440838E+01    3.428308E+01    3.416259E+01    3.412876E+01    3.413458E+01    3.414987E+01    3.415992E+01
   3.636848E+01    3.635210E+01    3.632138E+01    3.628582E+01    1.000000E+30    1.000000E+30    1.000000E+30    3.512731E+01    3.495323E+01    3.482247E+01    3.469856E+01    3.457268E+01    3.444424E+01    3.431714E+01    3.419602E+01    3.407254E+01    3.399808E+01    3.404292E+01    3.408369E+01    3.410436E+01
   3.642261E+01    3.641329E+01    3.639733E+01    3.638278E+01    1.000000E+30    1.000000E+30    1.000000E+30    1.000000E+30    3.475491E+01    3.468473E+01    3.458590E+01    3.446939E+01    3.434103E+01    3.421206E+01    3.410416E+01    3.397092E+01    3.374090E+01    3.394833E+01    3.402995E+01    3.406141E+01
   3.646408E+01    3.645933E+01    3.645154E+01    3.644476E+01    1.000000E+30    1.000000E+30    1.000000E+30    1.000000E+30    3.461451E+01    3.456583E+01    3.448218E+01    3.436978E+01    3.423056E+01    3.407817E+01    3.402992E+01    3.396939E+01    3.391568E+01    3.397186E+01    3.401853E+01    3.404175E+01
   3.648761E+01    3.648519E+01    3.648129E+01    3.647789E+01    1.000000E+30    1.000000E+30    1.000000E+30    1.000000E+30    3.451118E+01    3.447224E+01    3.439872E+01    3.428919E+01    3.412544E+01    3.383199E+01    3.396027E+01    3.396914E+01    3.397196E+01    3.399711E+01    3.402256E+01    3.403704E+01
   3.649099E+01    3.648958E+01    3.648736E+01    3.648552E+01    1.000000E+30    1.000000E+30    1.000000E+30    1.000000E+30    3.443550E+01    3.440369E+01    3.434283E+01    3.425474E+01    3.414076E+01    3.401623E+01    3.400207E+01    3.398741E+01    3.399847E+01    3.401429E+01    3.402951E+01    3.403851E+01
   3.647387E+01    3.647289E+01    3.647141E+01    3.647024E+01    1.000000E+30    1.000000E+30    1.000000E+30    1.000000E+30    3.438042E+01    3.435449E+01    3.430550E+01    3.423756E+01    3.415731E+01    3.407991E+01    3.403624E+01    3.400333E+01    3.401293E+01    3.402433E+01    3.403461E+01    3.404067E+01
   3.643674E+01    3.643592E+01    3.643473E+01    3.643382E+01    1.000000E+30    1.000000E+30    1.000000E+30    1.000000E+30    3.434000E+01    3.431844E+01    3.427818E+01    3.422381E+01    3.416158E+01    3.410061E+01    3.405151E+01    3.401005E+01    3.401835E+01    3.402777E+01    3.403589E+01    3.404058E+01
   3.638028E+01    3.637945E+01    3.637829E+01    3.637742E+01    1.000000E+30    1.000000E+30    1.000000E+30    1.000000E+30    3.430975E+01    3.429089E+01    3.425586E+01    3.420879E+01    3.415486E+01    3.410038E+01    3.405097E+01    3.400690E+01    3.401544E+01    3.402476E+01    3.403251E+01    3.403689E+01
   3.630513E+01    3.630412E+01    3.630271E+01    3.630168E+01    1.000000E+30    1.000000E+30    1.000000E+30    1.000000E+30    3.428682E+01    3.426897E+01    3.423579E+01    3.419103E+01    3.413930E+01    3.408614E+01    3.403694E+01    3.399418E+01    3.400451E+01    3.401552E+01    3.402439E+01    3.402928E+01
   3.621198E+01    3.621050E+01    3.620838E+01    3.620683E+01    1.000000E+30    1.000000E+30    1.000000E+30    1.000000E+30    3.427011E+01    3.425158E+01    3.421719E+01    3.417050E+01    3.411584E+01    3.405909E+01    3.400833E+01    3.397118E+01    3.398575E+01    3.400064E+01    3.401214E+01    3.401830E+01
   3.610159E+01    3.609908E+01    3.609537E+01    3.609257E+01    1.000000E+30    1.000000E+30    1.000000E+30    1.000000E+30    3.426017E+01    3.423915E+01    3.420065E+01    3.414818E+01    3.408517E+01    3.401727E+01    3.395813E+01    3.393542E+01    3.395957E+01    3.398156E+01    3.399722E+01    3.400525E+01
   3.597517E+01    3.597056E+01    3.596344E+01    3.595769E+01    1.000000E+30    1.000000E+30    1.000000E+30    1.000000E+30    3.425939E+01    3.423321E+01    3.418778E+01    3.412665E+01    3.405016E+01    3.395798E+01    3.386364E+01    3.388348E+01    3.392852E+01    3.396128E+01    3.398202E+01    3.399208E+01
   3.583498E+01    3.582644E+01    3.581224E+01    3.579923E+01    1.000000E+30    1.000000E+30    1.000000E+30    1.000000E+30    3.427275E+01    3.423544E+01    3.418030E+01    3.411079E+01    3.402164E+01    3.389199E+01    3.364656E+01    3.382315E+01    3.390273E+01    3.394547E+01    3.396963E+01    3.398086E+01
   3.568515E+01    3.566992E+01    3.564181E+01    3.560972E+01    1.000000E+30    1.000000E+30    3.444119E+01    3.439146E+01    3.431115E+01    3.424444E+01    3.417689E+01    3.410480E+01    3.402417E+01    3.393150E+01    3.383837E+01    3.385984E+01    3.390663E+01    3.394069E+01    3.396229E+01    3.397276E+01
   3.553197E+01    3.550805E+01    3.545741E+01    3.536956E+01    3.520537E+01    1.000000E+30    3.447677E+01    3.440943E+01    3.432450E+01    3.424338E+01    3.416780E+01    3.409752E+01    3.402918E+01    3.396230E+01    3.390675E+01    3.388805E+01    3.391601E+01    3.394077E+01    3.395819E+01    3.396707E+01
   3.538432E+01    3.535480E+01    3.529247E+01    3.518839E+01    3.502423E+01    3.477844E+01    3.456552E+01    3.443248E+01    3.432263E+01    3.422600E+01    3.414328E+01    3.407835E+01    3.402297E+01    3.397278E+01    3.393020E+01    3.390045E+01    3.392131E+01    3.394059E+01    3.395476E+01    3.396219E+01
   3.524786E+01    3.521635E+01    3.515161E+01    3.505010E+01    3.490818E+01    3.473197E+01    3.456207E+01    3.442054E+01    3.429624E+01    3.418389E+01    3.409042E+01    3.403933E+01    3.400190E+01    3.396677E+01    3.393289E+01    3.390154E+01    3.392095E+01    3.393788E+01    3.395023E+01    3.395673E+01
   3.512472E+01    3.509322E+01    3.502995E+01    3.493477E+01    3.481002E+01    3.466449E+01    3.451696E+01    3.437924E+01    3.424664E+01    3.411218E+01    3.398397E+01    3.397591E+01    3.396873E+01    3.395065E+01    3.392517E+01    3.389571E+01    3.391585E+01    3.393220E+01    3.394377E+01    3.394979E+01
   3.501502E+01    3.498401E+01    3.492249E+01    3.483189E+01    3.471594E+01    3.458319E+01    3.444748E+01    3.431999E+01    3.418792E+01    3.402337E+01    3.374413E+01    3.390024E+01    3.393646E+01    3.393308E+01    3.391359E+01    3.388620E+01    3.390734E+01    3.392377E+01    3.393512E+01    3.394097E+01
   3.491853E+01    3.488764E+01    3.482666E+01    3.473704E+01    3.462176E+01    3.448824E+01    3.435400E+01    3.425130E+01    3.415082E+01    3.403955E+01    3.392715E+01    3.393140E+01    3.393361E+01    3.392276E+01    3.390214E+01    3.387492E+01    3.389639E+01    3.391295E+01    3.392433E+01    3.393016E+01
   3.483529E+01    3.480391E+01    3.474225E+01    3.465079E+01    3.452902E+01    3.437737E+01    3.421252E+01    3.416639E+01    3.411377E+01    3.404692E+01    3.398293E+01    3.395358E+01    3.393394E+01    3.391350E+01    3.388963E+01    3.386190E+01    3.388324E+01    3.389996E+01    3.391150E+01    3.391744E+01
   3.476603E+01    3.473329E+01    3.467070E+01    3.457816E+01    3.444989E+01    3.426390E+01    3.393746E+01    3.407514E+01    3.407880E+01    3.404028E+01    3.399328E+01    3.395570E+01    3.392557E+01    3.389917E+01    3.387348E+01    3.384630E+01    3.386773E+01    3.388486E+01    3.389681E+01    3.390299E+01
   3.471237E+01    3.467564E+01    3.461252E+01    3.452510E+01    3.441267E+01    3.427504E+01    3.412817E+01    3.410255E+01    3.407299E+01    3.403054E+01    3.398352E+01    3.394037E+01    3.390435E+01    3.387589E+01    3.385146E+01    3.382726E+01    3.384965E+01    3.386777E+01    3.388052E+01    3.388716E+01
   3.467850E+01    3.462774E+01    3.456241E+01    3.448122E+01    3.438555E+01    3.428067E+01    3.418169E+01    3.411999E+01    3.406770E+01    3.401421E+01    3.395965E+01    3.390845E+01    3.386681E+01    3.384059E+01    3.382202E+01    3.380433E+01    3.382907E+01    3.384903E+01    3.386310E+01    3.387050E+01
   1.000000E+30    3.457809E+01    3.451226E+01    3.443664E+01    3.435295E+01    3.426638E+01    3.418445E+01    3.411541E+01    3.405206E+01    3.398846E+01    3.392287E+01    3.385813E+01    3.380555E+01    3.378988E+01    3.378465E+01    3.377791E+01    3.380664E+01    3.382923E+01    3.384518E+01    3.385390E+01
   1.000000E+30    1.000000E+30    3.445645E+01    3.438538E+01    3.430914E+01    3.423402E+01    3.416163E+01    3.409332E+01    3.402590E+01    3.395501E+01    3.387651E+01    3.378766E+01    3.369943E+01    3.372112E+01    3.374191E+01    3.375019E+01    3.378384E+01    3.380927E+01    3.382747E+01    3.383876E+01
   1.000000E+30    1.000000E+30    1.000000E+30    3.432505E+01    3.425067E+01    3.418613E+01    3.412270E+01    3.405914E+01    3.399305E+01    3.392029E+01    3.383281E+01    3.370897E+01    3.347460E+01    3.364574E+01    3.370492E+01    3.372618E+01    3.376295E+01    3.378989E+01    3.380979E+01    3.382779E+01
   1.000000E+30    1.000000E+30    1.000000E+30    1.000000E+30    3.416952E+01    3.412495E+01    3.407240E+01    3.401674E+01    3.395732E+01    3.389213E+01    3.381825E+01    3.373334E+01    3.364869E+01    3.367433E+01    3.369926E+01    3.371199E+01    3.374575E+01    3.377111E+01    3.378729E+01    1.000000E+30
   1.000000E+30    1.000000E+30    1.000000E+30    1.000000E+30    3.412078E+01    3.406027E+01    3.401441E+01    3.396813E+01    3.391838E+01    3.386461E+01    3.380743E+01    3.375030E+01    3.370486E+01    3.369664E+01    3.369954E+01    3.370172E+01    3.373105E+01    3.375527E+01    3.377446E+01    1.000000E+30
   1.000000E+30    1.000000E+30    1.000000E+30    1.000000E+30    1.000000E+30    3.397011E+01    3.394673E+01    3.391365E+01    3.387490E+01    3.383265E+01    3.378928E+01    3.374864E+01    3.371707E+01    3.370139E+01    3.369462E+01    3.369023E+01    3.371581E+01    3.373844E+01    1.000000E+30    1.000000E+30
   1.000000E+30    1.000000E+30    1.000000E+30    1.000000E+30    1.000000E+30    3.389367E+01    3.387952E+01    3.385607E+01    3.382680E+01    3.379437E+01    3.376150E+01    3.373125E+01    3.370705E+01    3.369122E+01    3.368176E+01    3.367535E+01    3.369812E+01    1.000000E+30    1.000000E+30    1.000000E+30
   1.000000E+30    1.000000E+30    1.000000E+30    1.000000E+30    1.000000E+30    3.382278E+01    3.381322E+01    3.379621E+01    3.377421E+01    3.374967E+01    3.372478E+01    3.370180E+01    3.368273E+01    3.366904E+01    3.366056E+01    3.365710E+01    1.000000E+30    1.000000E+30    1.000000E+30    1.000000E+30
