   3.637602E+01    3.635637E+01    3.631767E+01    3.626092E+01    3.618762E+01    3.609956E+01    3.599880E+01    3.588766E+01    3.576804E+01    3.564158E+01    3.550908E+01    3.536986E+01    3.522202E+01    3.506331E+01    3.489149E+01    3.470415E+01    3.475500E+01    3.479233E+01    3.481674E+01    3.482877E+01
   3.637848E+01    3.635849E+01    3.631906E+01    3.626120E+01    3.618643E+01    3.609663E+01    3.599399E+01    3.588097E+01    3.575970E+01    3.563203E+01    3.549906E+01    3.536001E+01    3.521254E+01    3.505430E+01    3.488298E+01    3.469578E+01    3.474650E+01    3.478357E+01    3.480776E+01    3.481967E+01
   3.638356E+01    3.636290E+01    3.632207E+01    3.626200E+01    3.618426E+01    3.609092E+01    3.598448E+01    3.586777E+01    3.574323E+01    3.561312E+01    3.547906E+01    3.534023E+01    3.519322E+01    3.503579E+01    3.486570E+01    3.467974E+01    3.472952E+01    3.476586E+01    3.478962E+01    3.480134E+01
   3.639165E+01    3.637010E+01    3.632729E+01    3.626393E+01    3.618155E+01    3.608263E+01    3.597019E+01    3.584776E+01    3.571846E+01    3.558464E+01    3.544888E+01    3.530998E+01    3.516319E+01    3.500697E+01    3.483901E+01    3.465600E+01    3.470362E+01    3.473877E+01    3.476203E+01    3.477364E+01
   3.640334E+01    3.638087E+01    3.633577E+01    3.626812E+01    3.617909E+01    3.607198E+01    3.595064E+01    3.581969E+01    3.568397E+01    3.554597E+01    3.540744E+01    3.526726E+01    3.512121E+01    3.496689E+01    3.480214E+01    3.462424E+01    3.466807E+01    3.470167E+01    3.472480E+01    3.473664E+01
   3.641920E+01    3.639621E+01    3.634924E+01    3.627669E+01    3.617825E+01    3.605963E+01    3.592523E+01    3.578060E+01    3.563566E+01    3.549321E+01    3.535303E+01    3.521224E+01    3.506713E+01    3.491515E+01    3.475441E+01    3.458304E+01    3.462164E+01    3.465395E+01    3.467800E+01    3.469087E+01
   3.643929E+01    3.641708E+01    3.637041E+01    3.629407E+01    3.618112E+01    3.604721E+01    3.589456E+01    3.572641E+01    3.556945E+01    3.542377E+01    3.528384E+01    3.514415E+01    3.500072E+01    3.485136E+01    3.469480E+01    3.453007E+01    3.456086E+01    3.459409E+01    3.462204E+01    3.463768E+01
   3.646232E+01    3.644350E+01    3.640307E+01    3.633106E+01    3.618866E+01    3.603823E+01    3.586434E+01    3.564641E+01    3.547716E+01    3.533396E+01    3.519894E+01    3.506294E+01    3.492202E+01    3.477516E+01    3.462220E+01    3.446161E+01    3.447752E+01    3.451955E+01    3.455844E+01    3.458012E+01
   3.648417E+01    3.647191E+01    3.644882E+01    3.642211E+01    1.000000E+30    1.000000E+30    1.000000E+30    3.550391E+01    3.534447E+01    3.522139E+01    3.509969E+01    3.497033E+01    3.483177E+01    3.468643E+01    3.453712E+01    3.437345E+01    3.434840E+01    3.442856E+01    3.449234E+01    3.452439E+01
   3.649736E+01    3.649044E+01    3.647850E+01    3.646734E+01    1.000000E+30    1.000000E+30    1.000000E+30    1.000000E+30    3.516122E+01    3.509268E+01    3.499291E+01    3.487106E+01    3.473144E+01    3.458356E+01    3.444692E+01    3.427338E+01    3.409398E+01    3.433450E+01    3.443837E+01    3.448094E+01
   3.649558E+01    3.649192E+01    3.648590E+01    3.648063E+01    1.000000E+30    1.000000E+30    1.000000E+30    1.000000E+30    3.502909E+01    3.497974E+01    3.489316E+01    3.477408E+01    3.462290E+01    3.445140E+01    3.437354E+01    3.427200E+01    3.426640E+01    3.435690E+01    3.442597E+01    3.446028E+01
   3.647508E+01    3.647299E+01    3.646967E+01    3.646703E+01    1.000000E+30    1.000000E+30    1.000000E+30    1.000000E+30    3.492900E+01    3.488843E+01    3.481093E+01    3.469398E+01    3.451819E+01    3.420713E+01    3.430390E+01    3.427135E+01    3.432122E+01    3.438064E+01    3.442851E+01    3.445408E+01
   3.643452E+01    3.643312E+01    3.643105E+01    3.642951E+01    1.000000E+30    1.000000E+30    1.000000E+30    1.000000E+30    3.485218E+01    3.481837E+01    3.475308E+01    3.465719E+01    3.453070E+01    3.438698E+01    3.434350E+01    3.428838E+01    3.434599E+01    3.439592E+01    3.443353E+01    3.445360E+01
   3.637388E+01    3.637279E+01    3.637128E+01    3.637018E+01    1.000000E+30    1.000000E+30    1.000000E+30    1.000000E+30    3.479182E+01    3.476388E+01    3.471051E+01    3.463493E+01    3.454242E+01    3.444610E+01    3.437440E+01    3.430227E+01    3.435817E+01    3.440360E+01    3.443625E+01    3.445337E+01
   3.629349E+01    3.629251E+01    3.629118E+01    3.629022E+01    1.000000E+30    1.000000E+30    1.000000E+30    1.000000E+30    3.474191E+01    3.471864E+01    3.467457E+01    3.461335E+01    3.453979E+01    3.446098E+01    3.438530E+01    3.430612E+01    3.436068E+01    3.440414E+01    3.443465E+01    3.445042E+01
   3.619377E+01    3.619271E+01    3.619125E+01    3.619021E+01    1.000000E+30    1.000000E+30    1.000000E+30    1.000000E+30    3.469759E+01    3.467769E+01    3.464001E+01    3.458754E+01    3.452386E+01    3.445327E+01    3.437915E+01    3.429924E+01    3.435418E+01    3.439769E+01    3.442791E+01    3.444340E+01
   3.607506E+01    3.607364E+01    3.607169E+01    3.607028E+01    1.000000E+30    1.000000E+30    1.000000E+30    1.000000E+30    3.465535E+01    3.463755E+01    3.460358E+01    3.455566E+01    3.449658E+01    3.442974E+01    3.435823E+01    3.428199E+01    3.433901E+01    3.438445E+01    3.441595E+01    3.443200E+01
   3.593790E+01    3.593564E+01    3.593242E+01    3.593008E+01    1.000000E+30    1.000000E+30    1.000000E+30    1.000000E+30    3.461295E+01    3.459627E+01    3.456397E+01    3.451745E+01    3.445880E+01    3.439160E+01    3.432159E+01    3.425382E+01    3.431550E+01    3.436509E+01    3.439939E+01    3.441682E+01
   3.578308E+01    3.577903E+01    3.577304E+01    3.576854E+01    1.000000E+30    1.000000E+30    1.000000E+30    1.000000E+30    3.456918E+01    3.455315E+01    3.452129E+01    3.447380E+01    3.441135E+01    3.433712E+01    3.426245E+01    3.421240E+01    3.428420E+01    3.434123E+01    3.437992E+01    3.439933E+01
   3.561228E+01    3.560458E+01    3.559272E+01    3.558322E+01    1.000000E+30    1.000000E+30    1.000000E+30    1.000000E+30    3.452335E+01    3.450829E+01    3.447691E+01    3.442758E+01    3.435750E+01    3.426407E+01    3.415865E+01    3.415454E+01    3.424784E+01    3.431603E+01    3.436007E+01    3.438166E+01
   3.542908E+01    3.541448E+01    3.539042E+01    3.536875E+01    1.000000E+30    1.000000E+30    1.000000E+30    1.000000E+30    3.447445E+01    3.446214E+01    3.443316E+01    3.438463E+01    3.430895E+01    3.418384E+01    3.393312E+01    3.408830E+01    3.421674E+01    3.429539E+01    3.434314E+01    3.436604E+01
   3.524036E+01    3.521385E+01    3.516568E+01    3.511239E+01    1.000000E+30    1.000000E+30    3.438414E+01    3.439613E+01    3.441969E+01    3.441498E+01    3.439160E+01    3.435134E+01    3.429159E+01    3.420872E+01    3.411345E+01    3.411870E+01    3.421543E+01    3.428603E+01    3.433157E+01    3.435388E+01
   3.505738E+01    3.501450E+01    3.492583E+01    3.478131E+01    3.453817E+01    1.000000E+30    3.435285E+01    3.436530E+01    3.437463E+01    3.436866E+01    3.434951E+01    3.432005E+01    3.427903E+01    3.422671E+01    3.417268E+01    3.414144E+01    3.422022E+01    3.428207E+01    3.432376E+01    3.434461E+01
   3.489664E+01    3.484062E+01    3.472168E+01    3.452811E+01    3.427507E+01    3.423392E+01    3.428979E+01    3.431851E+01    3.432634E+01    3.431756E+01    3.430013E+01    3.428253E+01    3.425928E+01    3.422730E+01    3.418919E+01    3.414960E+01    3.422189E+01    3.427864E+01    3.431731E+01    3.433683E+01
   3.477137E+01    3.470953E+01    3.457212E+01    3.431372E+01    3.377792E+01    3.411629E+01    3.423344E+01    3.427316E+01    3.427595E+01    3.425693E+01    3.423282E+01    3.423234E+01    3.422969E+01    3.421493E+01    3.418738E+01    3.414793E+01    3.421904E+01    3.427362E+01    3.431058E+01    3.432921E+01
   3.468756E+01    3.463402E+01    3.452393E+01    3.435569E+01    3.416141E+01    3.419694E+01    3.423369E+01    3.424508E+01    3.422848E+01    3.418326E+01    3.412325E+01    3.416552E+01    3.419338E+01    3.419621E+01    3.417770E+01    3.414086E+01    3.421267E+01    3.426662E+01    3.430278E+01    3.432094E+01
   3.463699E+01    3.459505E+01    3.451391E+01    3.440377E+01    3.429580E+01    3.425619E+01    3.423943E+01    3.422551E+01    3.419115E+01    3.410630E+01    3.389083E+01    3.409363E+01    3.416303E+01    3.417957E+01    3.416656E+01    3.413161E+01    3.420405E+01    3.425785E+01    3.429364E+01    3.431155E+01
   3.460814E+01    3.457522E+01    3.451285E+01    3.442967E+01    3.434240E+01    3.427312E+01    3.422263E+01    3.420695E+01    3.418643E+01    3.414333E+01    3.408669E+01    3.413360E+01    3.416610E+01    3.417317E+01    3.415763E+01    3.412187E+01    3.419401E+01    3.424752E+01    3.428307E+01    3.430084E+01
   3.459203E+01    3.456476E+01    3.451258E+01    3.443967E+01    3.435126E+01    3.425151E+01    3.415114E+01    3.417358E+01    3.418591E+01    3.417642E+01    3.416034E+01    3.416842E+01    3.417534E+01    3.417007E+01    3.414922E+01    3.411139E+01    3.418256E+01    3.423564E+01    3.427101E+01    3.428872E+01
   3.458310E+01    3.455926E+01    3.451312E+01    3.444529E+01    3.435174E+01    3.421100E+01    3.393753E+01    3.413086E+01    3.418781E+01    3.419728E+01    3.419094E+01    3.418537E+01    3.417771E+01    3.416332E+01    3.413819E+01    3.409897E+01    3.416921E+01    3.422201E+01    3.425737E+01    3.427513E+01
   3.457804E+01    3.455619E+01    3.451558E+01    3.445691E+01    3.437957E+01    3.428295E+01    3.418134E+01    3.420206E+01    3.421696E+01    3.421476E+01    3.420196E+01    3.418566E+01    3.416796E+01    3.414821E+01    3.412170E+01    3.408334E+01    3.415340E+01    3.420642E+01    3.424212E+01    3.426014E+01
   3.457497E+01    3.455215E+01    3.451650E+01    3.446765E+01    3.440723E+01    3.434023E+01    3.428077E+01    3.425850E+01    3.424368E+01    3.422397E+01    3.419801E+01    3.416891E+01    3.414167E+01    3.412091E+01    3.409759E+01    3.406354E+01    3.413477E+01    3.418881E+01    3.422536E+01    3.424398E+01
   1.000000E+30    3.454140E+01    3.451113E+01    3.447070E+01    3.442225E+01    3.437071E+01    3.432351E+01    3.428819E+01    3.425647E+01    3.422113E+01    3.417918E+01    3.413229E+01    3.409055E+01    3.407726E+01    3.406474E+01    3.403954E+01    3.411348E+01    3.416930E+01    3.420729E+01    3.422718E+01
   1.000000E+30    1.000000E+30    3.449656E+01    3.446258E+01    3.442128E+01    3.437792E+01    3.433550E+01    3.429565E+01    3.425460E+01    3.420705E+01    3.414781E+01    3.407312E+01    3.399279E+01    3.401389E+01    3.402500E+01    3.401297E+01    3.409045E+01    3.414815E+01    3.418800E+01    3.421096E+01
   1.000000E+30    1.000000E+30    1.000000E+30    3.444262E+01    3.440324E+01    3.436521E+01    3.432615E+01    3.428571E+01    3.424105E+01    3.418716E+01    3.411504E+01    3.400228E+01    3.377431E+01    3.394129E+01    3.398871E+01    3.398823E+01    3.406727E+01    3.412528E+01    3.416616E+01    3.419830E+01
   1.000000E+30    1.000000E+30    1.000000E+30    1.000000E+30    3.436465E+01    3.433435E+01    3.429913E+01    3.426114E+01    3.421848E+01    3.416806E+01    3.410600E+01    3.402897E+01    3.394712E+01    3.396813E+01    3.398040E+01    3.397074E+01    3.404512E+01    3.409984E+01    3.413346E+01    1.000000E+30
   1.000000E+30    1.000000E+30    1.000000E+30    1.000000E+30    3.433676E+01    3.428890E+01    3.425549E+01    3.422218E+01    3.418506E+01    3.414252E+01    3.409415E+01    3.404238E+01    3.399766E+01    3.398398E+01    3.397391E+01    3.395393E+01    3.402241E+01    3.407556E+01    3.411452E+01    1.000000E+30
   1.000000E+30    1.000000E+30    1.000000E+30    1.000000E+30    1.000000E+30    3.420887E+01    3.419177E+01    3.416734E+01    3.413778E+01    3.410387E+01    3.406695E+01    3.402983E+01    3.399779E+01    3.397626E+01    3.395691E+01    3.393155E+01    3.399452E+01    3.404531E+01    1.000000E+30    1.000000E+30
   1.000000E+30    1.000000E+30    1.000000E+30    1.000000E+30    1.000000E+30    3.412491E+01    3.411452E+01    3.409704E+01    3.407454E+01    3.404842E+01    3.402037E+01    3.399248E+01    3.396726E+01    3.394583E+01    3.392503E+01    3.390013E+01    3.395795E+01    1.000000E+30    1.000000E+30    1.000000E+30
   1.000000E+30    1.000000E+30    1.000000E+30    1.000000E+30    1.000000E+30    3.402926E+01    3.402240E+01    3.400992E+01    3.399328E+01    3.397398E+01    3.395317E+01    3.393216E+01    3.391204E+01    3.389344E+01    3.387554E+01    3.385781E+01    1.000000E+30    1.000000E+30    1.000000E+30    1.000000E+30
