   3.573111E+01    3.571189E+01    3.567412E+01    3.561893E+01    3.554804E+01    3.546358E+01    3.536798E+01    3.526410E+01    3.515447E+01    3.504151E+01    3.492698E+01    3.481149E+01    3.469478E+01    3.457665E+01    3.445723E+01    3.433696E+01    3.433279E+01    3.432995E+01    3.432819E+01    3.432734E+01
   3.573260E+01    3.571307E+01    3.567464E+01    3.561842E+01    3.554616E+01    3.546006E+01    3.536268E+01    3.525702E+01    3.514582E+01    3.503172E+01    3.491674E+01    3.480137E+01    3.468497E+01    3.456723E+01    3.444825E+01    3.432808E+01    3.432389E+01    3.432084E+01    3.431891E+01    3.431798E+01
   3.573567E+01    3.571555E+01    3.567585E+01    3.561761E+01    3.554260E+01    3.545317E+01    3.535219E+01    3.524301E+01    3.512869E+01    3.501229E+01    3.489624E+01    3.478103E+01    3.466502E+01    3.454803E+01    3.443017E+01    3.431124E+01    3.430619E+01    3.430249E+01    3.430023E+01    3.429919E+01
   3.574065E+01    3.571974E+01    3.567828E+01    3.561706E+01    3.553780E+01    3.544316E+01    3.533649E+01    3.522181E+01    3.510292E+01    3.498299E+01    3.486531E+01    3.474997E+01    3.463418E+01    3.451832E+01    3.440247E+01    3.428635E+01    3.427931E+01    3.427456E+01    3.427197E+01    3.427090E+01
   3.574800E+01    3.572632E+01    3.568289E+01    3.561788E+01    3.553259E+01    3.543035E+01    3.531523E+01    3.519232E+01    3.506715E+01    3.494313E+01    3.482285E+01    3.470637E+01    3.459131E+01    3.447727E+01    3.436442E+01    3.425288E+01    3.424257E+01    3.423661E+01    3.423401E+01    3.423323E+01
   3.575815E+01    3.573613E+01    3.569122E+01    3.562205E+01    3.552843E+01    3.541560E+01    3.528807E+01    3.515188E+01    3.501763E+01    3.488911E+01    3.476718E+01    3.465020E+01    3.453614E+01    3.442439E+01    3.431531E+01    3.420965E+01    3.419472E+01    3.418787E+01    3.418638E+01    3.418668E+01
   3.577100E+01    3.574989E+01    3.570566E+01    3.563365E+01    3.552759E+01    3.540087E+01    3.525595E+01    3.509686E+01    3.495059E+01    3.481860E+01    3.469672E+01    3.458079E+01    3.446840E+01    3.435922E+01    3.425406E+01    3.415442E+01    3.413225E+01    3.412672E+01    3.412937E+01    3.413254E+01
   3.578513E+01    3.576736E+01    3.572937E+01    3.566236E+01    3.553173E+01    3.539027E+01    3.522505E+01    3.501734E+01    3.485834E+01    3.472814E+01    3.461066E+01    3.449814E+01    3.438812E+01    3.428133E+01    3.417953E+01    3.408346E+01    3.404682E+01    3.405055E+01    3.406447E+01    3.407383E+01
   3.579648E+01    3.578494E+01    3.576324E+01    3.573821E+01    1.000000E+30    1.000000E+30    1.000000E+30    3.487869E+01    3.472717E+01    3.461544E+01    3.451034E+01    3.440395E+01    3.429600E+01    3.419053E+01    3.409221E+01    3.399255E+01    3.391487E+01    3.395750E+01    3.399683E+01    3.401678E+01
   3.579797E+01    3.579147E+01    3.578024E+01    3.576968E+01    1.000000E+30    1.000000E+30    1.000000E+30    1.000000E+30    3.454686E+01    3.448684E+01    3.440242E+01    3.430287E+01    3.419342E+01    3.408510E+01    3.399945E+01    3.388967E+01    3.365564E+01    3.386110E+01    3.394125E+01    3.397196E+01
   3.578385E+01    3.578037E+01    3.577464E+01    3.576958E+01    1.000000E+30    1.000000E+30    1.000000E+30    1.000000E+30    3.441481E+01    3.437304E+01    3.430108E+01    3.420375E+01    3.408216E+01    3.394962E+01    3.392351E+01    3.388655E+01    3.382902E+01    3.388264E+01    3.392764E+01    3.395002E+01
   3.575082E+01    3.574874E+01    3.574546E+01    3.574295E+01    1.000000E+30    1.000000E+30    1.000000E+30    1.000000E+30    3.431335E+01    3.428006E+01    3.421684E+01    3.412129E+01    3.397441E+01    3.369996E+01    3.385113E+01    3.388399E+01    3.388296E+01    3.390532E+01    3.392896E+01    3.394254E+01
   3.569805E+01    3.569661E+01    3.569453E+01    3.569304E+01    1.000000E+30    1.000000E+30    1.000000E+30    1.000000E+30    3.423433E+01    3.420775E+01    3.415674E+01    3.408238E+01    3.398543E+01    3.388081E+01    3.388936E+01    3.389924E+01    3.390634E+01    3.391927E+01    3.393261E+01    3.394067E+01
   3.562585E+01    3.562473E+01    3.562320E+01    3.562212E+01    1.000000E+30    1.000000E+30    1.000000E+30    1.000000E+30    3.417115E+01    3.415051E+01    3.411158E+01    3.405779E+01    3.399527E+01    3.393872E+01    3.391859E+01    3.391125E+01    3.391687E+01    3.392538E+01    3.393378E+01    3.393889E+01
   3.553477E+01    3.553377E+01    3.553243E+01    3.553148E+01    1.000000E+30    1.000000E+30    1.000000E+30    1.000000E+30    3.411784E+01    3.410199E+01    3.407258E+01    3.403343E+01    3.399018E+01    3.395151E+01    3.392743E+01    3.391311E+01    3.391755E+01    3.392417E+01    3.393047E+01    3.393426E+01
   3.542534E+01    3.542427E+01    3.542282E+01    3.542180E+01    1.000000E+30    1.000000E+30    1.000000E+30    1.000000E+30    3.406946E+01    3.405710E+01    3.403432E+01    3.400429E+01    3.397135E+01    3.394124E+01    3.391895E+01    3.390414E+01    3.390907E+01    3.391580E+01    3.392188E+01    3.392544E+01
   3.529800E+01    3.529659E+01    3.529466E+01    3.529329E+01    1.000000E+30    1.000000E+30    1.000000E+30    1.000000E+30    3.402239E+01    3.401229E+01    3.399353E+01    3.396850E+01    3.394067E+01    3.391473E+01    3.389542E+01    3.388463E+01    3.389180E+01    3.390056E+01    3.390800E+01    3.391219E+01
   3.515338E+01    3.515115E+01    3.514798E+01    3.514568E+01    1.000000E+30    1.000000E+30    1.000000E+30    1.000000E+30    3.397420E+01    3.396550E+01    3.394888E+01    3.392582E+01    3.389900E+01    3.387322E+01    3.385585E+01    3.385394E+01    3.386600E+01    3.387915E+01    3.388955E+01    3.389519E+01
   3.499233E+01    3.498832E+01    3.498243E+01    3.497800E+01    1.000000E+30    1.000000E+30    1.000000E+30    1.000000E+30    3.392335E+01    3.391583E+01    3.390041E+01    3.387714E+01    3.384720E+01    3.381493E+01    3.379337E+01    3.380975E+01    3.383230E+01    3.385322E+01    3.386821E+01    3.387592E+01
   3.481656E+01    3.480896E+01    3.479725E+01    3.478788E+01    1.000000E+30    1.000000E+30    1.000000E+30    1.000000E+30    3.386853E+01    3.386309E+01    3.384944E+01    3.382542E+01    3.378866E+01    3.373765E+01    3.368555E+01    3.374887E+01    3.379349E+01    3.382598E+01    3.384656E+01    3.385654E+01
   3.462968E+01    3.461526E+01    3.459150E+01    3.457009E+01    1.000000E+30    1.000000E+30    1.000000E+30    1.000000E+30    3.380739E+01    3.380743E+01    3.379837E+01    3.377670E+01    3.373535E+01    3.365301E+01    3.345416E+01    3.367957E+01    3.376008E+01    3.380341E+01    3.382792E+01    3.383932E+01
   3.443859E+01    3.441239E+01    3.436477E+01    3.431209E+01    1.000000E+30    1.000000E+30    3.366341E+01    3.368741E+01    3.373410E+01    3.374935E+01    3.374930E+01    3.373783E+01    3.371382E+01    3.367521E+01    3.363465E+01    3.370820E+01    3.375696E+01    3.379239E+01    3.381483E+01    3.382571E+01
   3.425444E+01    3.421205E+01    3.412440E+01    3.398154E+01    3.374100E+01    1.000000E+30    3.362453E+01    3.364985E+01    3.367867E+01    3.369447E+01    3.370063E+01    3.370156E+01    3.369757E+01    3.369071E+01    3.369243E+01    3.372928E+01    3.376020E+01    3.378701E+01    3.380571E+01    3.381520E+01
   3.409365E+01    3.403828E+01    3.392071E+01    3.372963E+01    3.348246E+01    3.346277E+01    3.354516E+01    3.359391E+01    3.362250E+01    3.363667E+01    3.364579E+01    3.365980E+01    3.367469E+01    3.368905E+01    3.370727E+01    3.373588E+01    3.376051E+01    3.378238E+01    3.379818E+01    3.380640E+01
   3.396933E+01    3.390827E+01    3.377223E+01    3.351500E+01    3.297645E+01    3.334197E+01    3.348206E+01    3.354251E+01    3.356655E+01    3.357100E+01    3.357404E+01    3.360615E+01    3.364258E+01    3.367484E+01    3.370400E+01    3.373285E+01    3.375656E+01    3.377646E+01    3.379066E+01    3.379805E+01
   3.388747E+01    3.383503E+01    3.372718E+01    3.356251E+01    3.337433E+01    3.342573E+01    3.348078E+01    3.351151E+01    3.351583E+01    3.349377E+01    3.346052E+01    3.353668E+01    3.360454E+01    3.365489E+01    3.369331E+01    3.372476E+01    3.374941E+01    3.376888E+01    3.378241E+01    3.378938E+01
   3.383960E+01    3.379911E+01    3.372096E+01    3.361571E+01    3.351551E+01    3.348834E+01    3.348718E+01    3.349136E+01    3.347732E+01    3.341480E+01    3.322293E+01    3.346322E+01    3.357355E+01    3.363788E+01    3.368177E+01    3.371489E+01    3.374044E+01    3.375994E+01    3.377323E+01    3.378002E+01
   3.381398E+01    3.378278E+01    3.372391E+01    3.364621E+01    3.356687E+01    3.350855E+01    3.347208E+01    3.347402E+01    3.347392E+01    3.345393E+01    3.342421E+01    3.350515E+01    3.357770E+01    3.363217E+01    3.367318E+01    3.370504E+01    3.373056E+01    3.374996E+01    3.376313E+01    3.376983E+01
   3.380147E+01    3.377621E+01    3.372797E+01    3.366090E+01    3.358034E+01    3.349054E+01    3.340262E+01    3.344334E+01    3.347653E+01    3.349068E+01    3.350213E+01    3.354320E+01    3.358933E+01    3.363083E+01    3.366592E+01    3.369502E+01    3.371986E+01    3.373903E+01    3.375212E+01    3.375881E+01
   3.379635E+01    3.377497E+01    3.373338E+01    3.367194E+01    3.358638E+01    3.345465E+01    3.318907E+01    3.340499E+01    3.348362E+01    3.351684E+01    3.353788E+01    3.356461E+01    3.359538E+01    3.362698E+01    3.365697E+01    3.368376E+01    3.370800E+01    3.372708E+01    3.374025E+01    3.374701E+01
   3.379501E+01    3.377653E+01    3.374153E+01    3.369031E+01    3.362203E+01    3.353600E+01    3.344694E+01    3.348560E+01    3.352088E+01    3.354178E+01    3.355575E+01    3.357097E+01    3.359081E+01    3.361609E+01    3.364366E+01    3.367016E+01    3.369457E+01    3.371405E+01    3.372761E+01    3.373461E+01
   3.379483E+01    3.377755E+01    3.374919E+01    3.370938E+01    3.365955E+01    3.360460E+01    3.355912E+01    3.355371E+01    3.355833E+01    3.356094E+01    3.356090E+01    3.356230E+01    3.357145E+01    3.359456E+01    3.362410E+01    3.365353E+01    3.367946E+01    3.370009E+01    3.371446E+01    3.372194E+01
   1.000000E+30    3.377297E+01    3.375203E+01    3.372272E+01    3.368686E+01    3.364888E+01    3.361647E+01    3.359777E+01    3.358485E+01    3.357099E+01    3.355391E+01    3.353619E+01    3.352935E+01    3.355863E+01    3.359751E+01    3.363413E+01    3.366313E+01    3.368561E+01    3.370122E+01    3.370957E+01
   1.000000E+30    1.000000E+30    3.374742E+01    3.372741E+01    3.370163E+01    3.367352E+01    3.364664E+01    3.362331E+01    3.360047E+01    3.357348E+01    3.353781E+01    3.349052E+01    3.344292E+01    3.350540E+01    3.356627E+01    3.361403E+01    3.364695E+01    3.367137E+01    3.368839E+01    3.369849E+01
   1.000000E+30    1.000000E+30    1.000000E+30    3.372319E+01    3.370482E+01    3.368364E+01    3.366064E+01    3.363650E+01    3.360933E+01    3.357486E+01    3.352475E+01    3.343719E+01    3.323775E+01    3.344626E+01    3.354145E+01    3.359812E+01    3.363307E+01    3.365803E+01    3.367575E+01    3.369056E+01
   1.000000E+30    1.000000E+30    1.000000E+30    1.000000E+30    3.369756E+01    3.368310E+01    3.366393E+01    3.364160E+01    3.361529E+01    3.358288E+01    3.354129E+01    3.348809E+01    3.343480E+01    3.349223E+01    3.354860E+01    3.359243E+01    3.362319E+01    3.364563E+01    3.365949E+01    1.000000E+30
   1.000000E+30    1.000000E+30    1.000000E+30    1.000000E+30    3.369242E+01    3.367552E+01    3.365932E+01    3.364036E+01    3.361787E+01    3.359149E+01    3.356169E+01    3.353178E+01    3.351343E+01    3.353231E+01    3.356210E+01    3.359093E+01    3.361586E+01    3.363571E+01    3.365071E+01    1.000000E+30
   1.000000E+30    1.000000E+30    1.000000E+30    1.000000E+30    1.000000E+30    3.365645E+01    3.364727E+01    3.363313E+01    3.361548E+01    3.359542E+01    3.357472E+01    3.355689E+01    3.354813E+01    3.355515E+01    3.357080E+01    3.358846E+01    3.360809E+01    3.362474E+01    1.000000E+30    1.000000E+30
   1.000000E+30    1.000000E+30    1.000000E+30    1.000000E+30    1.000000E+30    3.363703E+01    3.363103E+01    3.362067E+01    3.360734E+01    3.359245E+01    3.357791E+01    3.356631E+01    3.356083E+01    3.356359E+01    3.357218E+01    3.358292E+01    3.359800E+01    1.000000E+30    1.000000E+30    1.000000E+30
   1.000000E+30    1.000000E+30    1.000000E+30    1.000000E+30    1.000000E+30    3.361523E+01    3.361101E+01    3.360336E+01    3.359334E+01    3.358228E+01    3.357175E+01    3.356361E+01    3.355968E+01    3.356095E+01    3.356644E+01    3.357452E+01    1.000000E+30    1.000000E+30    1.000000E+30    1.000000E+30
