   3.643619E+01    3.641381E+01    3.636979E+01    3.630544E+01    3.622268E+01    3.612379E+01    3.601133E+01    3.588814E+01    3.575652E+01    3.561854E+01    3.547531E+01    3.532646E+01    3.517048E+01    3.500573E+01    3.483090E+01    3.464486E+01    3.468065E+01    3.470764E+01    3.472563E+01    3.473459E+01
   3.644145E+01    3.641863E+01    3.637371E+01    3.630799E+01    3.622348E+01    3.612260E+01    3.600806E+01    3.588290E+01    3.574964E+01    3.561055E+01    3.546703E+01    3.531856E+01    3.516310E+01    3.499889E+01    3.482453E+01    3.463846E+01    3.467460E+01    3.470167E+01    3.471964E+01    3.472859E+01
   3.645229E+01    3.642860E+01    3.638189E+01    3.631341E+01    3.622533E+01    3.612034E+01    3.600161E+01    3.587255E+01    3.573603E+01    3.559471E+01    3.545049E+01    3.530265E+01    3.514798E+01    3.498479E+01    3.481164E+01    3.462650E+01    3.466269E+01    3.468971E+01    3.470763E+01    3.471655E+01
   3.646941E+01    3.644451E+01    3.639518E+01    3.632249E+01    3.622867E+01    3.611714E+01    3.599176E+01    3.585670E+01    3.571549E+01    3.557077E+01    3.542543E+01    3.527821E+01    3.512437E+01    3.496279E+01    3.479185E+01    3.460926E+01    3.464488E+01    3.467166E+01    3.468954E+01    3.469851E+01
   3.649386E+01    3.646761E+01    3.641509E+01    3.633665E+01    3.623434E+01    3.611303E+01    3.597775E+01    3.583384E+01    3.568647E+01    3.553821E+01    3.539089E+01    3.524340E+01    3.509128E+01    3.493233E+01    3.476483E+01    3.458685E+01    3.462099E+01    3.464734E+01    3.466542E+01    3.467464E+01
   3.652685E+01    3.649963E+01    3.644409E+01    3.635859E+01    3.624361E+01    3.610820E+01    3.595841E+01    3.580045E+01    3.564450E+01    3.549298E+01    3.534542E+01    3.519876E+01    3.504901E+01    3.489353E+01    3.473056E+01    3.455868E+01    3.459066E+01    3.461672E+01    3.463553E+01    3.464541E+01
   3.656917E+01    3.654244E+01    3.648622E+01    3.639406E+01    3.625808E+01    3.610328E+01    3.593334E+01    3.575162E+01    3.558499E+01    3.543220E+01    3.528708E+01    3.514372E+01    3.499777E+01    3.484666E+01    3.468895E+01    3.452373E+01    3.455234E+01    3.457926E+01    3.460031E+01    3.461172E+01
   3.662019E+01    3.659716E+01    3.654751E+01    3.645790E+01    3.627654E+01    3.609976E+01    3.590674E+01    3.567516E+01    3.549928E+01    3.535206E+01    3.521490E+01    3.507837E+01    3.493802E+01    3.479207E+01    3.463984E+01    3.448036E+01    3.450216E+01    3.453393E+01    3.456075E+01    3.457534E+01
   3.667580E+01    3.666065E+01    3.663222E+01    3.659929E+01    1.000000E+30    1.000000E+30    1.000000E+30    3.553146E+01    3.537318E+01    3.525027E+01    3.513019E+01    3.500444E+01    3.487094E+01    3.473037E+01    3.458398E+01    3.442673E+01    3.442877E+01    3.448007E+01    3.451965E+01    3.453959E+01
   3.672756E+01    3.671895E+01    3.670420E+01    3.669076E+01    1.000000E+30    1.000000E+30    1.000000E+30    1.000000E+30    3.520035E+01    3.513403E+01    3.503941E+01    3.492631E+01    3.479858E+01    3.466164E+01    3.452565E+01    3.436693E+01    3.429287E+01    3.442464E+01    3.448454E+01    3.450989E+01
   3.676809E+01    3.676371E+01    3.675653E+01    3.675029E+01    1.000000E+30    1.000000E+30    1.000000E+30    1.000000E+30    3.507958E+01    3.503386E+01    3.495551E+01    3.485118E+01    3.472339E+01    3.457921E+01    3.447625E+01    3.435662E+01    3.436996E+01    3.442747E+01    3.447032E+01    3.449168E+01
   3.679258E+01    3.679037E+01    3.678680E+01    3.678368E+01    1.000000E+30    1.000000E+30    1.000000E+30    1.000000E+30    3.499054E+01    3.495404E+01    3.488602E+01    3.478811E+01    3.465257E+01    3.444261E+01    3.442974E+01    3.434719E+01    3.438886E+01    3.443131E+01    3.446384E+01    3.448097E+01
   3.679905E+01    3.679778E+01    3.679577E+01    3.679409E+01    1.000000E+30    1.000000E+30    1.000000E+30    1.000000E+30    3.492415E+01    3.489339E+01    3.483486E+01    3.475098E+01    3.464326E+01    3.451946E+01    3.443915E+01    3.434739E+01    3.439339E+01    3.443143E+01    3.445904E+01    3.447351E+01
   3.678727E+01    3.678640E+01    3.678507E+01    3.678402E+01    1.000000E+30    1.000000E+30    1.000000E+30    1.000000E+30    3.487472E+01    3.484806E+01    3.479736E+01    3.472575E+01    3.463707E+01    3.453874E+01    3.444591E+01    3.434696E+01    3.439239E+01    3.442837E+01    3.445362E+01    3.446668E+01
   3.675772E+01    3.675699E+01    3.675594E+01    3.675514E+01    1.000000E+30    1.000000E+30    1.000000E+30    1.000000E+30    3.483806E+01    3.481424E+01    3.476898E+01    3.470553E+01    3.462730E+01    3.453854E+01    3.444442E+01    3.434255E+01    3.438739E+01    3.442245E+01    3.444666E+01    3.445904E+01
   3.671108E+01    3.671036E+01    3.670934E+01    3.670858E+01    1.000000E+30    1.000000E+30    1.000000E+30    1.000000E+30    3.481129E+01    3.478913E+01    3.474702E+01    3.468779E+01    3.461430E+01    3.452956E+01    3.443616E+01    3.433383E+01    3.437874E+01    3.441373E+01    3.443773E+01    3.444993E+01
   3.664801E+01    3.664713E+01    3.664591E+01    3.664501E+01    1.000000E+30    1.000000E+30    1.000000E+30    1.000000E+30    3.479266E+01    3.477097E+01    3.472972E+01    3.467155E+01    3.459915E+01    3.451524E+01    3.442229E+01    3.432103E+01    3.436663E+01    3.440232E+01    3.442678E+01    3.443917E+01
   3.656921E+01    3.656792E+01    3.656608E+01    3.656474E+01    1.000000E+30    1.000000E+30    1.000000E+30    1.000000E+30    3.478167E+01    3.475918E+01    3.471660E+01    3.465671E+01    3.458221E+01    3.449614E+01    3.440227E+01    3.430387E+01    3.435119E+01    3.438848E+01    3.441404E+01    3.442698E+01
   3.647540E+01    3.647322E+01    3.647001E+01    3.646758E+01    1.000000E+30    1.000000E+30    1.000000E+30    1.000000E+30    3.477914E+01    3.475422E+01    3.470797E+01    3.464364E+01    3.456371E+01    3.447117E+01    3.437255E+01    3.428103E+01    3.433254E+01    3.437292E+01    3.440026E+01    3.441400E+01
   3.636770E+01    3.636371E+01    3.635754E+01    3.635256E+01    1.000000E+30    1.000000E+30    1.000000E+30    1.000000E+30    3.478749E+01    3.475737E+01    3.470464E+01    3.463341E+01    3.454479E+01    3.443880E+01    3.432178E+01    3.425065E+01    3.431182E+01    3.435702E+01    3.438655E+01    3.440114E+01
   3.624813E+01    3.624074E+01    3.622843E+01    3.621716E+01    1.000000E+30    1.000000E+30    1.000000E+30    1.000000E+30    3.481198E+01    3.477000E+01    3.470711E+01    3.462790E+01    3.453037E+01    3.440400E+01    3.421112E+01    3.421639E+01    3.429391E+01    3.434349E+01    3.437435E+01    3.438933E+01
   3.612029E+01    3.610711E+01    3.608276E+01    3.605494E+01    1.000000E+30    1.000000E+30    3.500607E+01    3.495368E+01    3.486454E+01    3.479062E+01    3.471337E+01    3.462813E+01    3.453174E+01    3.442149E+01    3.430229E+01    3.423018E+01    3.429068E+01    3.433541E+01    3.436463E+01    3.437906E+01
   3.598966E+01    3.596896E+01    3.592508E+01    3.584891E+01    3.570686E+01    1.000000E+30    3.504413E+01    3.497735E+01    3.488945E+01    3.480223E+01    3.471538E+01    3.462700E+01    3.453387E+01    3.443437E+01    3.433238E+01    3.423956E+01    3.428999E+01    3.432956E+01    3.435635E+01    3.436982E+01
   3.586392E+01    3.583841E+01    3.578440E+01    3.569380E+01    3.554984E+01    3.533122E+01    3.513476E+01    3.500928E+01    3.490147E+01    3.480147E+01    3.470707E+01    3.461819E+01    3.452912E+01    3.443624E+01    3.433960E+01    3.424064E+01    3.428689E+01    3.432325E+01    3.434810E+01    3.436069E+01
   3.574787E+01    3.572080E+01    3.566501E+01    3.557701E+01    3.545283E+01    3.529649E+01    3.514246E+01    3.501159E+01    3.489380E+01    3.478328E+01    3.468114E+01    3.459699E+01    3.451513E+01    3.442857E+01    3.433555E+01    3.423546E+01    3.428043E+01    3.431520E+01    3.433886E+01    3.435084E+01
   3.564316E+01    3.561640E+01    3.556251E+01    3.548103E+01    3.537332E+01    3.524596E+01    3.511429E+01    3.498878E+01    3.486718E+01    3.474506E+01    3.462483E+01    3.456072E+01    3.449290E+01    3.441423E+01    3.432514E+01    3.422607E+01    3.427093E+01    3.430506E+01    3.432810E+01    3.433973E+01
   3.554955E+01    3.552360E+01    3.547211E+01    3.539617E+01    3.529850E+01    3.518525E+01    3.506628E+01    3.494953E+01    3.482973E+01    3.469330E+01    3.449901E+01    3.451518E+01    3.446863E+01    3.439729E+01    3.431148E+01    3.421397E+01    3.425897E+01    3.429285E+01    3.431560E+01    3.432705E+01
   3.546640E+01    3.544092E+01    3.539085E+01    3.531770E+01    3.522405E+01    3.511513E+01    3.500133E+01    3.489983E+01    3.479742E+01    3.468832E+01    3.457652E+01    3.451893E+01    3.445627E+01    3.438197E+01    3.429646E+01    3.420006E+01    3.424493E+01    3.427868E+01    3.430131E+01    3.431270E+01
   3.539332E+01    3.536754E+01    3.531747E+01    3.524453E+01    3.514974E+01    3.503465E+01    3.490869E+01    3.483747E+01    3.476071E+01    3.467493E+01    3.458813E+01    3.451520E+01    3.444295E+01    3.436517E+01    3.427942E+01    3.418429E+01    3.422889E+01    3.426258E+01    3.428524E+01    3.429667E+01
   3.533075E+01    3.530331E+01    3.525193E+01    3.517829E+01    3.508100E+01    3.495048E+01    3.474744E+01    3.476809E+01    3.472088E+01    3.465076E+01    3.457392E+01    3.449854E+01    3.442279E+01    3.434382E+01    3.425903E+01    3.416617E+01    3.421068E+01    3.424455E+01    3.426745E+01    3.427904E+01
   3.528050E+01    3.524805E+01    3.519384E+01    3.512114E+01    3.503103E+01    3.492458E+01    3.481039E+01    3.475299E+01    3.469139E+01    3.462122E+01    3.454629E+01    3.447018E+01    3.439366E+01    3.431591E+01    3.423409E+01    3.414518E+01    3.419014E+01    3.422461E+01    3.424808E+01    3.426003E+01
   3.524765E+01    3.519973E+01    3.513959E+01    3.506693E+01    3.498341E+01    3.489265E+01    3.480264E+01    3.472897E+01    3.465804E+01    3.458449E+01    3.450807E+01    3.443040E+01    3.435369E+01    3.427976E+01    3.420367E+01    3.412092E+01    3.416719E+01    3.420286E+01    3.422736E+01    3.424002E+01
   1.000000E+30    3.514894E+01    3.508338E+01    3.500949E+01    3.492916E+01    3.484649E+01    3.476536E+01    3.468954E+01    3.461515E+01    3.453892E+01    3.445963E+01    3.437811E+01    3.429905E+01    3.423348E+01    3.416729E+01    3.409341E+01    3.414195E+01    3.417946E+01    3.420563E+01    3.421975E+01
   1.000000E+30    1.000000E+30    3.502118E+01    3.494453E+01    3.486356E+01    3.478549E+01    3.470982E+01    3.463616E+01    3.456214E+01    3.448501E+01    3.440234E+01    3.431222E+01    3.421905E+01    3.417548E+01    3.412594E+01    3.406351E+01    3.411492E+01    3.415459E+01    3.418314E+01    3.420067E+01
   1.000000E+30    1.000000E+30    1.000000E+30    3.487007E+01    3.478150E+01    3.470881E+01    3.463937E+01    3.457060E+01    3.450020E+01    3.442545E+01    3.434189E+01    3.423816E+01    3.407679E+01    3.411093E+01    3.408476E+01    3.403341E+01    3.408690E+01    3.412803E+01    3.415885E+01    3.418621E+01
   1.000000E+30    1.000000E+30    1.000000E+30    1.000000E+30    3.467006E+01    3.461564E+01    3.455524E+01    3.449396E+01    3.443065E+01    3.436359E+01    3.429070E+01    3.421025E+01    3.412694E+01    3.409413E+01    3.405608E+01    3.400589E+01    3.405848E+01    3.409902E+01    3.412519E+01    1.000000E+30
   1.000000E+30    1.000000E+30    1.000000E+30    1.000000E+30    3.459945E+01    3.451510E+01    3.445893E+01    3.440674E+01    3.435292E+01    3.429599E+01    3.423577E+01    3.417351E+01    3.411431E+01    3.406999E+01    3.402679E+01    3.397773E+01    3.402937E+01    3.407167E+01    3.410485E+01    1.000000E+30
   1.000000E+30    1.000000E+30    1.000000E+30    1.000000E+30    1.000000E+30    3.437272E+01    3.434536E+01    3.430833E+01    3.426592E+01    3.421971E+01    3.417103E+01    3.412168E+01    3.407445E+01    3.403209E+01    3.399056E+01    3.394563E+01    3.399679E+01    3.404065E+01    1.000000E+30    1.000000E+30
   1.000000E+30    1.000000E+30    1.000000E+30    1.000000E+30    1.000000E+30    3.424395E+01    3.422801E+01    3.420206E+01    3.416983E+01    3.413351E+01    3.409493E+01    3.405566E+01    3.401731E+01    3.398072E+01    3.394484E+01    3.390771E+01    3.395867E+01    1.000000E+30    1.000000E+30    1.000000E+30
   1.000000E+30    1.000000E+30    1.000000E+30    1.000000E+30    1.000000E+30    3.411723E+01    3.410683E+01    3.408837E+01    3.406432E+01    3.403689E+01    3.400735E+01    3.397676E+01    3.394589E+01    3.391578E+01    3.388731E+01    3.386273E+01    1.000000E+30    1.000000E+30    1.000000E+30    1.000000E+30
