   3.686937E+01    3.684552E+01    3.679853E+01    3.672965E+01    3.664071E+01    3.653390E+01    3.641170E+01    3.627688E+01    3.613164E+01    3.597792E+01    3.581660E+01    3.564688E+01    3.546655E+01    3.527311E+01    3.506415E+01    3.483719E+01    3.489589E+01    3.493934E+01    3.496795E+01    3.498211E+01
   3.687460E+01    3.685026E+01    3.680230E+01    3.673193E+01    3.664107E+01    3.653205E+01    3.640752E+01    3.627044E+01    3.612326E+01    3.596815E+01    3.580635E+01    3.563689E+01    3.545704E+01    3.526417E+01    3.505581E+01    3.482904E+01    3.488760E+01    3.493082E+01    3.495923E+01    3.497327E+01
   3.688539E+01    3.686013E+01    3.681022E+01    3.673686E+01    3.664209E+01    3.652853E+01    3.639928E+01    3.625773E+01    3.610669E+01    3.594880E+01    3.578586E+01    3.561679E+01    3.543756E+01    3.524568E+01    3.503873E+01    3.481333E+01    3.487103E+01    3.491359E+01    3.494159E+01    3.495546E+01
   3.690253E+01    3.687597E+01    3.682325E+01    3.674531E+01    3.664428E+01    3.652349E+01    3.638677E+01    3.623832E+01    3.608171E+01    3.591957E+01    3.575484E+01    3.558590E+01    3.540709E+01    3.521670E+01    3.501219E+01    3.479003E+01    3.484572E+01    3.488718E+01    3.491473E+01    3.492852E+01
   3.692718E+01    3.689917E+01    3.684301E+01    3.675887E+01    3.664862E+01    3.651705E+01    3.636922E+01    3.621059E+01    3.604659E+01    3.587981E+01    3.571208E+01    3.554195E+01    3.536427E+01    3.517621E+01    3.497539E+01    3.475888E+01    3.481094E+01    3.485095E+01    3.487845E+01    3.489251E+01
   3.696064E+01    3.693160E+01    3.687222E+01    3.678053E+01    3.665661E+01    3.650959E+01    3.634549E+01    3.617073E+01    3.599636E+01    3.582495E+01    3.565579E+01    3.548535E+01    3.530908E+01    3.512393E+01    3.492773E+01    3.471844E+01    3.476546E+01    3.480433E+01    3.483284E+01    3.484797E+01
   3.700383E+01    3.697533E+01    3.691527E+01    3.681654E+01    3.667023E+01    3.650209E+01    3.631541E+01    3.611341E+01    3.592599E+01    3.575180E+01    3.558378E+01    3.541526E+01    3.524145E+01    3.505964E+01    3.486831E+01    3.466640E+01    3.470587E+01    3.474581E+01    3.477832E+01    3.479627E+01
   3.705611E+01    3.703159E+01    3.697864E+01    3.688284E+01    3.668861E+01    3.649674E+01    3.628417E+01    3.602524E+01    3.582579E+01    3.565612E+01    3.549500E+01    3.533172E+01    3.516156E+01    3.498315E+01    3.479616E+01    3.459911E+01    3.462404E+01    3.467293E+01    3.471645E+01    3.474047E+01
   3.711321E+01    3.709710E+01    3.706685E+01    3.703172E+01    1.000000E+30    1.000000E+30    1.000000E+30    3.586200E+01    3.567957E+01    3.553544E+01    3.539115E+01    3.523676E+01    3.507047E+01    3.489459E+01    3.471196E+01    3.451245E+01    3.449691E+01    3.458395E+01    3.465238E+01    3.468678E+01
   3.716622E+01    3.715708E+01    3.714143E+01    3.712713E+01    1.000000E+30    1.000000E+30    1.000000E+30    1.000000E+30    3.547882E+01    3.539816E+01    3.528020E+01    3.513587E+01    3.497011E+01    3.479269E+01    3.462325E+01    3.441423E+01    3.424543E+01    3.449228E+01    3.460071E+01    3.464565E+01
   3.720745E+01    3.720280E+01    3.719519E+01    3.718859E+01    1.000000E+30    1.000000E+30    1.000000E+30    1.000000E+30    3.533875E+01    3.528053E+01    3.517850E+01    3.503886E+01    3.486288E+01    3.466273E+01    3.455203E+01    3.441475E+01    3.441919E+01    3.451690E+01    3.459081E+01    3.462756E+01
   3.723191E+01    3.722956E+01    3.722578E+01    3.722250E+01    1.000000E+30    1.000000E+30    1.000000E+30    1.000000E+30    3.523699E+01    3.518882E+01    3.509725E+01    3.496087E+01    3.476116E+01    3.442269E+01    3.448548E+01    3.441660E+01    3.447642E+01    3.454331E+01    3.459619E+01    3.462428E+01
   3.723752E+01    3.723618E+01    3.723406E+01    3.723230E+01    1.000000E+30    1.000000E+30    1.000000E+30    1.000000E+30    3.516341E+01    3.512242E+01    3.504353E+01    3.492844E+01    3.477782E+01    3.460546E+01    3.452859E+01    3.443674E+01    3.450433E+01    3.456182E+01    3.460450E+01    3.462713E+01
   3.722401E+01    3.722309E+01    3.722170E+01    3.722059E+01    1.000000E+30    1.000000E+30    1.000000E+30    1.000000E+30    3.511072E+01    3.507554E+01    3.500838E+01    3.491323E+01    3.479590E+01    3.466995E+01    3.456424E+01    3.445449E+01    3.452034E+01    3.457330E+01    3.461101E+01    3.463068E+01
   3.719179E+01    3.719102E+01    3.718992E+01    3.718907E+01    1.000000E+30    1.000000E+30    1.000000E+30    1.000000E+30    3.507294E+01    3.504205E+01    3.498342E+01    3.490162E+01    3.480206E+01    3.469227E+01    3.458123E+01    3.446301E+01    3.452736E+01    3.457822E+01    3.461371E+01    3.463198E+01
   3.714147E+01    3.714069E+01    3.713960E+01    3.713879E+01    1.000000E+30    1.000000E+30    1.000000E+30    1.000000E+30    3.504564E+01    3.501739E+01    3.496385E+01    3.488906E+01    3.479747E+01    3.469396E+01    3.458255E+01    3.446163E+01    3.452604E+01    3.457671E+01    3.461175E+01    3.462964E+01
   3.707357E+01    3.707261E+01    3.707128E+01    3.707029E+01    1.000000E+30    1.000000E+30    1.000000E+30    1.000000E+30    3.502609E+01    3.499874E+01    3.494687E+01    3.487408E+01    3.478433E+01    3.468187E+01    3.457049E+01    3.445072E+01    3.451673E+01    3.456894E+01    3.460497E+01    3.462329E+01
   3.698866E+01    3.698723E+01    3.698519E+01    3.698369E+01    1.000000E+30    1.000000E+30    1.000000E+30    1.000000E+30    3.501332E+01    3.498512E+01    3.493172E+01    3.485663E+01    3.476358E+01    3.465723E+01    3.454407E+01    3.442969E+01    3.449964E+01    3.455544E+01    3.459390E+01    3.461340E+01
   3.688730E+01    3.688486E+01    3.688125E+01    3.687852E+01    1.000000E+30    1.000000E+30    1.000000E+30    1.000000E+30    3.500818E+01    3.497711E+01    3.491907E+01    3.483768E+01    3.473587E+01    3.461812E+01    3.449639E+01    3.439608E+01    3.447514E+01    3.453765E+01    3.458002E+01    3.460129E+01
   3.677050E+01    3.676599E+01    3.675902E+01    3.675338E+01    1.000000E+30    1.000000E+30    1.000000E+30    1.000000E+30    3.501362E+01    3.497652E+01    3.491059E+01    3.481979E+01    3.470400E+01    3.456185E+01    3.440508E+01    3.434643E+01    3.444573E+01    3.451853E+01    3.456570E+01    3.458887E+01
   3.664022E+01    3.663183E+01    3.661788E+01    3.660511E+01    1.000000E+30    1.000000E+30    1.000000E+30    1.000000E+30    3.503581E+01    3.498535E+01    3.490798E+01    3.480764E+01    3.467856E+01    3.449898E+01    3.419312E+01    3.428841E+01    3.442137E+01    3.450368E+01    3.455398E+01    3.457820E+01
   3.650023E+01    3.648523E+01    3.645755E+01    3.642600E+01    1.000000E+30    1.000000E+30    3.524775E+01    3.518834E+01    3.508829E+01    3.500205E+01    3.490953E+01    3.480510E+01    3.468345E+01    3.453959E+01    3.438323E+01    3.432588E+01    3.442607E+01    3.449950E+01    3.454706E+01    3.457042E+01
   3.635644E+01    3.633278E+01    3.628274E+01    3.619631E+01    3.603616E+01    1.000000E+30    3.528702E+01    3.521015E+01    3.510867E+01    3.500668E+01    3.490459E+01    3.480073E+01    3.469035E+01    3.457129E+01    3.445165E+01    3.435476E+01    3.443594E+01    3.449988E+01    3.454311E+01    3.456478E+01
   3.621731E+01    3.618788E+01    3.612571E+01    3.602178E+01    3.585717E+01    3.560701E+01    3.538332E+01    3.523808E+01    3.511162E+01    3.499352E+01    3.488343E+01    3.478393E+01    3.468557E+01    3.458249E+01    3.447544E+01    3.436771E+01    3.444150E+01    3.449972E+01    3.453954E+01    3.455969E+01
   3.608829E+01    3.605662E+01    3.599144E+01    3.588890E+01    3.574462E+01    3.556315E+01    3.538401E+01    3.522985E+01    3.508870E+01    3.495459E+01    3.483332E+01    3.474672E+01    3.466545E+01    3.457686E+01    3.447829E+01    3.436913E+01    3.444112E+01    3.449674E+01    3.453456E+01    3.455368E+01
   3.597138E+01    3.593945E+01    3.587520E+01    3.577813E+01    3.564995E+01    3.549850E+01    3.534175E+01    3.519110E+01    3.504142E+01    3.488525E+01    3.472958E+01    3.468458E+01    3.463260E+01    3.456059E+01    3.447032E+01    3.436328E+01    3.443565E+01    3.449040E+01    3.452726E+01    3.454582E+01
   3.586663E+01    3.583494E+01    3.577194E+01    3.567878E+01    3.555869E+01    3.541947E+01    3.527417E+01    3.513322E+01    3.498367E+01    3.479772E+01    3.449415E+01    3.460926E+01    3.459963E+01    3.454207E+01    3.445791E+01    3.435334E+01    3.442633E+01    3.448088E+01    3.451734E+01    3.453564E+01
   3.577373E+01    3.574190E+01    3.567898E+01    3.558620E+01    3.546621E+01    3.532583E+01    3.518162E+01    3.506445E+01    3.494533E+01    3.481112E+01    3.467035E+01    3.463711E+01    3.459432E+01    3.452972E+01    3.444490E+01    3.434111E+01    3.441404E+01    3.446844E+01    3.450473E+01    3.452293E+01
   3.569267E+01    3.566004E+01    3.559589E+01    3.550064E+01    3.537364E+01    3.521500E+01    3.504051E+01    3.497797E+01    3.490522E+01    3.481415E+01    3.472063E+01    3.465471E+01    3.459084E+01    3.451733E+01    3.442997E+01    3.432652E+01    3.439890E+01    3.445316E+01    3.448946E+01    3.450768E+01
   3.562422E+01    3.558975E+01    3.552390E+01    3.542671E+01    3.529248E+01    3.509961E+01    3.476735E+01    3.488311E+01    3.486491E+01    3.480139E+01    3.472457E+01    3.465091E+01    3.457730E+01    3.449864E+01    3.441039E+01    3.430861E+01    3.438060E+01    3.443498E+01    3.447155E+01    3.448997E+01
   3.557018E+01    3.553089E+01    3.546335E+01    3.536988E+01    3.524984E+01    3.510298E+01    3.494455E+01    3.490110E+01    3.485040E+01    3.478310E+01    3.470651E+01    3.462791E+01    3.454927E+01    3.446957E+01    3.438374E+01    3.428629E+01    3.435876E+01    3.441387E+01    3.445115E+01    3.447003E+01
   3.553536E+01    3.548032E+01    3.540883E+01    3.531966E+01    3.521431E+01    3.509802E+01    3.498531E+01    3.490628E+01    3.483329E+01    3.475535E+01    3.467182E+01    3.458607E+01    3.450295E+01    3.442672E+01    3.434814E+01    3.425879E+01    3.433317E+01    3.438993E+01    3.442854E+01    3.444831E+01
   1.000000E+30    3.542628E+01    3.535206E+01    3.526594E+01    3.516998E+01    3.506986E+01    3.497274E+01    3.488611E+01    3.480230E+01    3.471479E+01    3.462110E+01    3.452308E+01    3.443057E+01    3.436629E+01    3.430269E+01    3.422622E+01    3.430413E+01    3.436342E+01    3.440414E+01    3.442570E+01
   1.000000E+30    1.000000E+30    3.528730E+01    3.520230E+01    3.511013E+01    3.501915E+01    3.493028E+01    3.484403E+01    3.475642E+01    3.466234E+01    3.455694E+01    3.443659E+01    3.431074E+01    3.428510E+01    3.424937E+01    3.419030E+01    3.427266E+01    3.433472E+01    3.437823E+01    3.440392E+01
   1.000000E+30    1.000000E+30    1.000000E+30    3.512600E+01    3.502930E+01    3.494663E+01    3.486571E+01    3.478409E+01    3.469830E+01    3.460335E+01    3.449049E+01    3.433743E+01    3.406995E+01    3.419362E+01    3.419852E+01    3.415547E+01    3.424042E+01    3.430374E+01    3.434939E+01    3.438707E+01
   1.000000E+30    1.000000E+30    1.000000E+30    1.000000E+30    3.491436E+01    3.485239E+01    3.478198E+01    3.470863E+01    3.463045E+01    3.454439E+01    3.444662E+01    3.433391E+01    3.421607E+01    3.419986E+01    3.417466E+01    3.412725E+01    3.420864E+01    3.426953E+01    3.430764E+01    1.000000E+30
   1.000000E+30    1.000000E+30    1.000000E+30    1.000000E+30    3.484076E+01    3.474605E+01    3.468087E+01    3.461809E+01    3.455125E+01    3.447837E+01    3.439921E+01    3.431634E+01    3.424010E+01    3.419431E+01    3.415182E+01    3.409915E+01    3.417605E+01    3.423701E+01    3.428292E+01    1.000000E+30
   1.000000E+30    1.000000E+30    1.000000E+30    1.000000E+30    1.000000E+30    3.458877E+01    3.455622E+01    3.451100E+01    3.445795E+01    3.439893E+01    3.433591E+01    3.427217E+01    3.421315E+01    3.416436E+01    3.411765E+01    3.406492E+01    3.413788E+01    3.419824E+01    1.000000E+30    1.000000E+30
   1.000000E+30    1.000000E+30    1.000000E+30    1.000000E+30    1.000000E+30    3.444166E+01    3.442220E+01    3.438999E+01    3.434931E+01    3.430278E+01    3.425297E+01    3.420269E+01    3.415486E+01    3.411075E+01    3.406757E+01    3.402096E+01    3.409048E+01    1.000000E+30    1.000000E+30    1.000000E+30
   1.000000E+30    1.000000E+30    1.000000E+30    1.000000E+30    1.000000E+30    3.429061E+01    3.427765E+01    3.425438E+01    3.422369E+01    3.418815E+01    3.414931E+01    3.410974E+01    3.407096E+01    3.403380E+01    3.399819E+01    3.396510E+01    1.000000E+30    1.000000E+30    1.000000E+30    1.000000E+30
