   3.641775E+01    3.639661E+01    3.635492E+01    3.629371E+01    3.621452E+01    3.611926E+01    3.601009E+01    3.588958E+01    3.575987E+01    3.562297E+01    3.548009E+01    3.533098E+01    3.517429E+01    3.500856E+01    3.483265E+01    3.464570E+01    3.468142E+01    3.470859E+01    3.472682E+01    3.473593E+01
   3.641972E+01    3.639824E+01    3.635584E+01    3.629352E+01    3.621287E+01    3.611585E+01    3.600477E+01    3.588235E+01    3.575096E+01    3.561286E+01    3.546955E+01    3.532070E+01    3.516445E+01    3.499925E+01    3.482392E+01    3.463716E+01    3.467276E+01    3.469969E+01    3.471770E+01    3.472671E+01
   3.642378E+01    3.640165E+01    3.635788E+01    3.629338E+01    3.620977E+01    3.610918E+01    3.599426E+01    3.586808E+01    3.573336E+01    3.559281E+01    3.544849E+01    3.530001E+01    3.514436E+01    3.498012E+01    3.480615E+01    3.462076E+01    3.465546E+01    3.468170E+01    3.469931E+01    3.470815E+01
   3.643032E+01    3.640733E+01    3.636165E+01    3.629391E+01    3.620568E+01    3.609948E+01    3.597848E+01    3.584647E+01    3.570692E+01    3.556263E+01    3.541671E+01    3.526835E+01    3.511311E+01    3.495029E+01    3.477868E+01    3.459647E+01    3.462910E+01    3.465421E+01    3.467137E+01    3.468013E+01
   3.643991E+01    3.641607E+01    3.636821E+01    3.629630E+01    3.620148E+01    3.608703E+01    3.595697E+01    3.581623E+01    3.567016E+01    3.552170E+01    3.537307E+01    3.522361E+01    3.506942E+01    3.490883E+01    3.474076E+01    3.456392E+01    3.459296E+01    3.461663E+01    3.463371E+01    3.464272E+01
   3.645311E+01    3.642888E+01    3.637935E+01    3.630278E+01    3.619866E+01    3.607262E+01    3.592916E+01    3.577426E+01    3.561874E+01    3.546587E+01    3.531583E+01    3.516603E+01    3.501316E+01    3.485535E+01    3.469170E+01    3.452175E+01    3.454580E+01    3.456833E+01    3.458640E+01    3.459646E+01
   3.646996E+01    3.644670E+01    3.639782E+01    3.631789E+01    3.619959E+01    3.605813E+01    3.589580E+01    3.571626E+01    3.554832E+01    3.539239E+01    3.524303E+01    3.509483E+01    3.494417E+01    3.478951E+01    3.463055E+01    3.446767E+01    3.448416E+01    3.450776E+01    3.452982E+01    3.454268E+01
   3.648911E+01    3.646949E+01    3.642742E+01    3.635270E+01    3.620570E+01    3.604766E+01    3.586317E+01    3.563089E+01    3.545020E+01    3.529733E+01    3.515368E+01    3.500995E+01    3.486250E+01    3.471100E+01    3.455622E+01    3.439796E+01    3.439981E+01    3.443239E+01    3.446549E+01    3.448443E+01
   3.650633E+01    3.649360E+01    3.646963E+01    3.644189E+01    1.000000E+30    1.000000E+30    1.000000E+30    3.547902E+01    3.530909E+01    3.517809E+01    3.504919E+01    3.491319E+01    3.476899E+01    3.461975E+01    3.446927E+01    3.430845E+01    3.426950E+01    3.434042E+01    3.439855E+01    3.442792E+01
   3.651406E+01    3.650689E+01    3.649453E+01    3.648293E+01    1.000000E+30    1.000000E+30    1.000000E+30    1.000000E+30    3.511422E+01    3.504168E+01    3.493671E+01    3.480953E+01    3.466524E+01    3.451423E+01    3.437711E+01    3.420695E+01    3.401345E+01    3.424526E+01    3.434365E+01    3.438362E+01
   3.650610E+01    3.650230E+01    3.649605E+01    3.649059E+01    1.000000E+30    1.000000E+30    1.000000E+30    1.000000E+30    3.497377E+01    3.492195E+01    3.483156E+01    3.470826E+01    3.455329E+01    3.437936E+01    3.430177E+01    3.420431E+01    3.418522E+01    3.426678E+01    3.433036E+01    3.436206E+01
   3.647892E+01    3.647673E+01    3.647326E+01    3.647055E+01    1.000000E+30    1.000000E+30    1.000000E+30    1.000000E+30    3.486727E+01    3.482495E+01    3.474453E+01    3.462422E+01    3.444533E+01    3.413218E+01    3.423020E+01    3.420238E+01    3.423905E+01    3.428957E+01    3.433197E+01    3.435494E+01
   3.643151E+01    3.643005E+01    3.642790E+01    3.642632E+01    1.000000E+30    1.000000E+30    1.000000E+30    1.000000E+30    3.478534E+01    3.475017E+01    3.468255E+01    3.458395E+01    3.445507E+01    3.431020E+01    3.426816E+01    3.421818E+01    3.426275E+01    3.430386E+01    3.433601E+01    3.435351E+01
   3.636411E+01    3.636298E+01    3.636143E+01    3.636032E+01    1.000000E+30    1.000000E+30    1.000000E+30    1.000000E+30    3.472082E+01    3.469175E+01    3.463646E+01    3.455867E+01    3.446431E+01    3.436739E+01    3.429751E+01    3.423089E+01    3.427387E+01    3.431051E+01    3.433773E+01    3.435228E+01
   3.627722E+01    3.627622E+01    3.627487E+01    3.627391E+01    1.000000E+30    1.000000E+30    1.000000E+30    1.000000E+30    3.466748E+01    3.464326E+01    3.459754E+01    3.453446E+01    3.445945E+01    3.438045E+01    3.430694E+01    3.423362E+01    3.427531E+01    3.431002E+01    3.433512E+01    3.434833E+01
   3.617137E+01    3.617030E+01    3.616884E+01    3.616781E+01    1.000000E+30    1.000000E+30    1.000000E+30    1.000000E+30    3.462037E+01    3.459961E+01    3.456048E+01    3.450640E+01    3.444153E+01    3.437106E+01    3.429942E+01    3.422569E+01    3.426778E+01    3.430254E+01    3.432737E+01    3.434030E+01
   3.604699E+01    3.604556E+01    3.604361E+01    3.604221E+01    1.000000E+30    1.000000E+30    1.000000E+30    1.000000E+30    3.457585E+01    3.455725E+01    3.452194E+01    3.447257E+01    3.441250E+01    3.434601E+01    3.427723E+01    3.420743E+01    3.425161E+01    3.428830E+01    3.431440E+01    3.432790E+01
   3.590465E+01    3.590238E+01    3.589915E+01    3.589681E+01    1.000000E+30    1.000000E+30    1.000000E+30    1.000000E+30    3.453167E+01    3.451421E+01    3.448061E+01    3.443271E+01    3.437319E+01    3.430649E+01    3.423941E+01    3.417829E+01    3.422713E+01    3.426797E+01    3.429688E+01    3.431175E+01
   3.574513E+01    3.574105E+01    3.573504E+01    3.573051E+01    1.000000E+30    1.000000E+30    1.000000E+30    1.000000E+30    3.448664E+01    3.446978E+01    3.443658E+01    3.438769E+01    3.432440E+01    3.425077E+01    3.417914E+01    3.413593E+01    3.419488E+01    3.424317E+01    3.427646E+01    3.429332E+01
   3.557010E+01    3.556234E+01    3.555038E+01    3.554080E+01    1.000000E+30    1.000000E+30    1.000000E+30    1.000000E+30    3.444012E+01    3.442408E+01    3.439120E+01    3.434037E+01    3.426941E+01    3.417656E+01    3.407420E+01    3.407715E+01    3.415760E+01    3.421706E+01    3.425568E+01    3.427470E+01
   3.538309E+01    3.536836E+01    3.534406E+01    3.532217E+01    1.000000E+30    1.000000E+30    1.000000E+30    1.000000E+30    3.439128E+01    3.437759E+01    3.434678E+01    3.429654E+01    3.421988E+01    3.409525E+01    3.384726E+01    3.400999E+01    3.412561E+01    3.419550E+01    3.423782E+01    3.425815E+01
   3.519095E+01    3.516418E+01    3.511548E+01    3.506157E+01    1.000000E+30    1.000000E+30    3.430660E+01    3.431690E+01    3.433769E+01    3.433054E+01    3.430479E+01    3.426254E+01    3.420168E+01    3.411936E+01    3.402724E+01    3.403968E+01    3.412347E+01    3.418525E+01    3.422532E+01    3.424503E+01
   3.500492E+01    3.496158E+01    3.487191E+01    3.472557E+01    3.447896E+01    1.000000E+30    3.427633E+01    3.428665E+01    3.429309E+01    3.428417E+01    3.426224E+01    3.423053E+01    3.418831E+01    3.413655E+01    3.408577E+01    3.406170E+01    3.412743E+01    3.418039E+01    3.421655E+01    3.423480E+01
   3.484153E+01    3.478491E+01    3.466464E+01    3.446874E+01    3.421186E+01    3.416515E+01    3.421573E+01    3.424067E+01    3.424497E+01    3.423276E+01    3.421224E+01    3.419220E+01    3.416766E+01    3.413625E+01    3.410146E+01    3.406908E+01    3.412822E+01    3.417601E+01    3.420912E+01    3.422601E+01
   3.471397E+01    3.465145E+01    3.451258E+01    3.425165E+01    3.371165E+01    3.404664E+01    3.415962E+01    3.419534E+01    3.419423E+01    3.417147E+01    3.414402E+01    3.414099E+01    3.413703E+01    3.412287E+01    3.409872E+01    3.406655E+01    3.412445E+01    3.417002E+01    3.420137E+01    3.421735E+01
   3.462815E+01    3.457391E+01    3.446236E+01    3.429182E+01    3.409433E+01    3.412638E+01    3.415923E+01    3.416658E+01    3.414589E+01    3.409671E+01    3.403313E+01    3.407289E+01    3.409949E+01    3.410300E+01    3.408799E+01    3.405857E+01    3.411709E+01    3.416199E+01    3.419250E+01    3.420798E+01
   3.457575E+01    3.453310E+01    3.445051E+01    3.433819E+01    3.422733E+01    3.418432E+01    3.416375E+01    3.414577E+01    3.410723E+01    3.401825E+01    3.379872E+01    3.399944E+01    3.406774E+01    3.408509E+01    3.407572E+01    3.404832E+01    3.410743E+01    3.415212E+01    3.418224E+01    3.419746E+01
   3.454515E+01    3.451148E+01    3.444764E+01    3.436227E+01    3.427217E+01    3.419951E+01    3.414520E+01    3.412548E+01    3.410080E+01    3.405369E+01    3.399345E+01    3.403790E+01    3.406929E+01    3.407729E+01    3.406555E+01    3.403752E+01    3.409629E+01    3.414066E+01    3.417051E+01    3.418558E+01
   3.452732E+01    3.449923E+01    3.444547E+01    3.437027E+01    3.427895E+01    3.417571E+01    3.407139E+01    3.408990E+01    3.409821E+01    3.408483E+01    3.406533E+01    3.407097E+01    3.407686E+01    3.407267E+01    3.405582E+01    3.402591E+01    3.408369E+01    3.412761E+01    3.415726E+01    3.417225E+01
   3.451669E+01    3.449188E+01    3.444396E+01    3.437367E+01    3.427703E+01    3.413261E+01    3.385468E+01    3.404458E+01    3.409769E+01    3.410343E+01    3.409383E+01    3.408594E+01    3.407741E+01    3.406429E+01    3.404338E+01    3.401232E+01    3.406918E+01    3.411280E+01    3.414244E+01    3.415747E+01
   3.451005E+01    3.448692E+01    3.444422E+01    3.438283E+01    3.430224E+01    3.420194E+01    3.409631E+01    3.411318E+01    3.412424E+01    3.411841E+01    3.410252E+01    3.408408E+01    3.406573E+01    3.404750E+01    3.402547E+01    3.399551E+01    3.405222E+01    3.409608E+01    3.412605E+01    3.414134E+01
   3.450582E+01    3.448096E+01    3.444273E+01    3.439084E+01    3.432698E+01    3.425625E+01    3.419291E+01    3.416676E+01    3.414817E+01    3.412499E+01    3.409613E+01    3.406511E+01    3.403746E+01    3.401850E+01    3.399995E+01    3.397460E+01    3.403253E+01    3.407743E+01    3.410826E+01    3.412415E+01
   1.000000E+30    3.446797E+01    3.443463E+01    3.439082E+01    3.433874E+01    3.428347E+01    3.423249E+01    3.419343E+01    3.415811E+01    3.411950E+01    3.407488E+01    3.402632E+01    3.398444E+01    3.397325E+01    3.396582E+01    3.394963E+01    3.401034E+01    3.405708E+01    3.408938E+01    3.410653E+01
   1.000000E+30    1.000000E+30    3.441696E+01    3.437925E+01    3.433416E+01    3.428720E+01    3.424124E+01    3.419789E+01    3.415351E+01    3.410297E+01    3.404134E+01    3.396522E+01    3.388493E+01    3.390853E+01    3.392507E+01    3.392234E+01    3.398671E+01    3.403543E+01    3.406965E+01    3.408981E+01
   1.000000E+30    1.000000E+30    1.000000E+30    3.435550E+01    3.431214E+01    3.427095E+01    3.422882E+01    3.418531E+01    3.413769E+01    3.408115E+01    3.400696E+01    3.389298E+01    3.366487E+01    3.383508E+01    3.388826E+01    3.389730E+01    3.396343E+01    3.401263E+01    3.404804E+01    3.407702E+01
   1.000000E+30    1.000000E+30    1.000000E+30    1.000000E+30    3.426893E+01    3.423694E+01    3.419942E+01    3.415893E+01    3.411377E+01    3.406112E+01    3.399737E+01    3.391954E+01    3.383826E+01    3.386223E+01    3.388029E+01    3.388019E+01    3.394187E+01    3.398807E+01    3.401698E+01    1.000000E+30
   1.000000E+30    1.000000E+30    1.000000E+30    1.000000E+30    3.423884E+01    3.418997E+01    3.415494E+01    3.411968E+01    3.408055E+01    3.403620E+01    3.398652E+01    3.393427E+01    3.389042E+01    3.387968E+01    3.387530E+01    3.386470E+01    3.392068E+01    3.396534E+01    3.399902E+01    1.000000E+30
   1.000000E+30    1.000000E+30    1.000000E+30    1.000000E+30    1.000000E+30    3.411089E+01    3.409283E+01    3.406699E+01    3.403585E+01    3.400051E+01    3.396258E+01    3.392522E+01    3.389416E+01    3.387547E+01    3.386153E+01    3.384508E+01    3.389583E+01    3.393822E+01    1.000000E+30    1.000000E+30
   1.000000E+30    1.000000E+30    1.000000E+30    1.000000E+30    1.000000E+30    3.403198E+01    3.402094E+01    3.400238E+01    3.397862E+01    3.395133E+01    3.392248E+01    3.389447E+01    3.387020E+01    3.385136E+01    3.383541E+01    3.381844E+01    3.386446E+01    1.000000E+30    1.000000E+30    1.000000E+30
   1.000000E+30    1.000000E+30    1.000000E+30    1.000000E+30    1.000000E+30    3.394666E+01    3.393927E+01    3.392588E+01    3.390815E+01    3.388777E+01    3.386618E+01    3.384500E+01    3.382570E+01    3.380932E+01    3.379543E+01    3.378385E+01    1.000000E+30    1.000000E+30    1.000000E+30    1.000000E+30
