   3.696705E+01    3.694161E+01    3.689148E+01    3.681799E+01    3.672307E+01    3.660909E+01    3.647870E+01    3.633492E+01    3.618018E+01    3.601668E+01    3.584553E+01    3.566614E+01    3.547651E+01    3.527447E+01    3.505814E+01    3.482578E+01    3.487791E+01    3.491712E+01    3.494322E+01    3.495622E+01
   3.697257E+01    3.694662E+01    3.689546E+01    3.682040E+01    3.672346E+01    3.660713E+01    3.647429E+01    3.632812E+01    3.617135E+01    3.600641E+01    3.583478E+01    3.565571E+01    3.546663E+01    3.526523E+01    3.504957E+01    3.481749E+01    3.486946E+01    3.490842E+01    3.493431E+01    3.494719E+01
   3.698394E+01    3.695701E+01    3.690381E+01    3.682559E+01    3.672450E+01    3.660339E+01    3.646556E+01    3.631469E+01    3.615388E+01    3.598604E+01    3.581329E+01    3.563470E+01    3.544635E+01    3.524609E+01    3.503199E+01    3.480143E+01    3.485252E+01    3.489080E+01    3.491628E+01    3.492900E+01
   3.700200E+01    3.697370E+01    3.691753E+01    3.683447E+01    3.672679E+01    3.659803E+01    3.645232E+01    3.629420E+01    3.612754E+01    3.595529E+01    3.578075E+01    3.560242E+01    3.541464E+01    3.521605E+01    3.500464E+01    3.477757E+01    3.482665E+01    3.486384E+01    3.488888E+01    3.490151E+01
   3.702798E+01    3.699816E+01    3.693836E+01    3.684876E+01    3.673133E+01    3.659120E+01    3.643376E+01    3.626491E+01    3.609051E+01    3.591347E+01    3.573589E+01    3.555648E+01    3.537007E+01    3.517413E+01    3.496673E+01    3.474564E+01    3.479114E+01    3.482692E+01    3.485191E+01    3.486482E+01
   3.706329E+01    3.703239E+01    3.696921E+01    3.687163E+01    3.673976E+01    3.658328E+01    3.640866E+01    3.622280E+01    3.603754E+01    3.585574E+01    3.567685E+01    3.549733E+01    3.531268E+01    3.512004E+01    3.491768E+01    3.470426E+01    3.474480E+01    3.477947E+01    3.480550E+01    3.481948E+01
   3.710890E+01    3.707859E+01    3.701472E+01    3.690974E+01    3.675416E+01    3.657534E+01    3.637684E+01    3.616219E+01    3.596325E+01    3.577872E+01    3.560131E+01    3.542415E+01    3.524243E+01    3.505364E+01    3.485667E+01    3.465113E+01    3.468423E+01    3.472003E+01    3.475008E+01    3.476689E+01
   3.716412E+01    3.713806E+01    3.708178E+01    3.698000E+01    3.677365E+01    3.656969E+01    3.634378E+01    3.606885E+01    3.585737E+01    3.567791E+01    3.550815E+01    3.533695E+01    3.515957E+01    3.497481E+01    3.478279E+01    3.458265E+01    3.460133E+01    3.464614E+01    3.468724E+01    3.471014E+01
   3.722443E+01    3.720733E+01    3.717518E+01    3.713786E+01    1.000000E+30    1.000000E+30    1.000000E+30    3.589574E+01    3.570271E+01    3.555064E+01    3.539914E+01    3.523791E+01    3.506525E+01    3.488377E+01    3.469676E+01    3.449475E+01    3.447305E+01    3.455612E+01    3.462217E+01    3.465548E+01
   3.728043E+01    3.727072E+01    3.725410E+01    3.723891E+01    1.000000E+30    1.000000E+30    1.000000E+30    1.000000E+30    3.549043E+01    3.540582E+01    3.528267E+01    3.513277E+01    3.496160E+01    3.477935E+01    3.460621E+01    3.439527E+01    3.422031E+01    3.446337E+01    3.456951E+01    3.461337E+01
   3.732396E+01    3.731902E+01    3.731094E+01    3.730393E+01    1.000000E+30    1.000000E+30    1.000000E+30    1.000000E+30    3.534231E+01    3.528168E+01    3.517584E+01    3.503173E+01    3.485122E+01    3.464696E+01    3.453322E+01    3.439463E+01    3.439314E+01    3.448703E+01    3.455866E+01    3.459436E+01
   3.734978E+01    3.734728E+01    3.734328E+01    3.733980E+01    1.000000E+30    1.000000E+30    1.000000E+30    1.000000E+30    3.523459E+01    3.518470E+01    3.509019E+01    3.495017E+01    3.474663E+01    3.440463E+01    3.446503E+01    3.439539E+01    3.444942E+01    3.451255E+01    3.456317E+01    3.459021E+01
   3.735571E+01    3.735429E+01    3.735204E+01    3.735018E+01    1.000000E+30    1.000000E+30    1.000000E+30    1.000000E+30    3.515651E+01    3.511416E+01    3.503287E+01    3.491473E+01    3.476087E+01    3.458558E+01    3.450673E+01    3.441456E+01    3.447647E+01    3.453024E+01    3.457069E+01    3.459229E+01
   3.734147E+01    3.734050E+01    3.733903E+01    3.733786E+01    1.000000E+30    1.000000E+30    1.000000E+30    1.000000E+30    3.510045E+01    3.506414E+01    3.499492E+01    3.489711E+01    3.477697E+01    3.464852E+01    3.454121E+01    3.443149E+01    3.449172E+01    3.454100E+01    3.457651E+01    3.459516E+01
   3.730751E+01    3.730670E+01    3.730554E+01    3.730464E+01    1.000000E+30    1.000000E+30    1.000000E+30    1.000000E+30    3.506025E+01    3.502834E+01    3.496787E+01    3.488369E+01    3.478162E+01    3.466961E+01    3.455725E+01    3.443935E+01    3.449812E+01    3.454533E+01    3.457863E+01    3.459589E+01
   3.725447E+01    3.725366E+01    3.725251E+01    3.725165E+01    1.000000E+30    1.000000E+30    1.000000E+30    1.000000E+30    3.503136E+01    3.500215E+01    3.494689E+01    3.486987E+01    3.477592E+01    3.467039E+01    3.455786E+01    3.443746E+01    3.449631E+01    3.454334E+01    3.457620E+01    3.459308E+01
   3.718292E+01    3.718191E+01    3.718050E+01    3.717947E+01    1.000000E+30    1.000000E+30    1.000000E+30    1.000000E+30    3.501098E+01    3.498269E+01    3.492911E+01    3.485412E+01    3.476209E+01    3.465770E+01    3.454531E+01    3.442619E+01    3.448663E+01    3.453521E+01    3.456906E+01    3.458637E+01
   3.709343E+01    3.709193E+01    3.708978E+01    3.708820E+01    1.000000E+30    1.000000E+30    1.000000E+30    1.000000E+30    3.499814E+01    3.496895E+01    3.491376E+01    3.483641E+01    3.474103E+01    3.463275E+01    3.451861E+01    3.440493E+01    3.446930E+01    3.452145E+01    3.455772E+01    3.457621E+01
   3.698663E+01    3.698405E+01    3.698025E+01    3.697737E+01    1.000000E+30    1.000000E+30    1.000000E+30    1.000000E+30    3.499376E+01    3.496154E+01    3.490150E+01    3.481766E+01    3.471337E+01    3.459359E+01    3.447083E+01    3.437119E+01    3.444466E+01    3.450350E+01    3.454367E+01    3.456392E+01
   3.686354E+01    3.685879E+01    3.685145E+01    3.684551E+01    1.000000E+30    1.000000E+30    1.000000E+30    1.000000E+30    3.500094E+01    3.496231E+01    3.489398E+01    3.480038E+01    3.468186E+01    3.453749E+01    3.437954E+01    3.432151E+01    3.441518E+01    3.448429E+01    3.452924E+01    3.455138E+01
   3.672628E+01    3.671744E+01    3.670273E+01    3.668927E+01    1.000000E+30    1.000000E+30    1.000000E+30    1.000000E+30    3.502616E+01    3.497333E+01    3.489282E+01    3.478918E+01    3.465700E+01    3.447493E+01    3.416761E+01    3.426353E+01    3.439080E+01    3.446938E+01    3.451745E+01    3.454062E+01
   3.657880E+01    3.656299E+01    3.653381E+01    3.650055E+01    1.000000E+30    1.000000E+30    3.525365E+01    3.519047E+01    3.508384E+01    3.499288E+01    3.489611E+01    3.478774E+01    3.466258E+01    3.451597E+01    3.435808E+01    3.430110E+01    3.439552E+01    3.446518E+01    3.451047E+01    3.453277E+01
   3.642734E+01    3.640241E+01    3.634967E+01    3.625854E+01    3.608966E+01    1.000000E+30    3.529618E+01    3.521474E+01    3.510732E+01    3.499983E+01    3.489274E+01    3.478439E+01    3.467013E+01    3.454807E+01    3.442674E+01    3.433007E+01    3.440540E+01    3.446552E+01    3.450645E+01    3.452705E+01
   3.628086E+01    3.624986E+01    3.618434E+01    3.607474E+01    3.590105E+01    3.563680E+01    3.539978E+01    3.524616E+01    3.511270E+01    3.498840E+01    3.487277E+01    3.476836E+01    3.466582E+01    3.455954E+01    3.445066E+01    3.434304E+01    3.441093E+01    3.446528E+01    3.450277E+01    3.452183E+01
   3.614508E+01    3.611175E+01    3.604312E+01    3.593510E+01    3.578297E+01    3.559147E+01    3.540226E+01    3.523964E+01    3.509114E+01    3.495049E+01    3.482336E+01    3.473157E+01    3.464591E+01    3.455399E+01    3.445351E+01    3.434440E+01    3.441045E+01    3.446216E+01    3.449762E+01    3.451564E+01
   3.602211E+01    3.598857E+01    3.592103E+01    3.581897E+01    3.568413E+01    3.552470E+01    3.535962E+01    3.520110E+01    3.504417E+01    3.488139E+01    3.471973E+01    3.466942E+01    3.461296E+01    3.453757E+01    3.444538E+01    3.433839E+01    3.440477E+01    3.445560E+01    3.449008E+01    3.450754E+01
   3.591197E+01    3.587875E+01    3.581271E+01    3.571505E+01    3.558915E+01    3.544314E+01    3.529057E+01    3.514236E+01    3.498584E+01    3.479338E+01    3.448380E+01    3.459366E+01    3.457958E+01    3.451866E+01    3.443263E+01    3.432817E+01    3.439516E+01    3.444576E+01    3.447983E+01    3.449702E+01
   3.581425E+01    3.578097E+01    3.571521E+01    3.561831E+01    3.549309E+01    3.534666E+01    3.519590E+01    3.507196E+01    3.494618E+01    3.480567E+01    3.465909E+01    3.462067E+01    3.457352E+01    3.450568E+01    3.441909E+01    3.431554E+01    3.438245E+01    3.443290E+01    3.446681E+01    3.448389E+01
   3.572891E+01    3.569483E+01    3.562794E+01    3.552878E+01    3.539692E+01    3.523271E+01    3.505215E+01    3.498324E+01    3.490417E+01    3.480708E+01    3.470796E+01    3.463705E+01    3.456901E+01    3.449242E+01    3.440347E+01    3.430042E+01    3.436680E+01    3.441711E+01    3.445102E+01    3.446814E+01
   3.565668E+01    3.562067E+01    3.555201E+01    3.545096E+01    3.531206E+01    3.511391E+01    3.477596E+01    3.488566E+01    3.486147E+01    3.479223E+01    3.471009E+01    3.463169E+01    3.455414E+01    3.447265E+01    3.438303E+01    3.428187E+01    3.434788E+01    3.439834E+01    3.443252E+01    3.444984E+01
   3.559952E+01    3.555831E+01    3.548767E+01    3.539021E+01    3.526552E+01    3.511351E+01    3.494959E+01    3.490046E+01    3.484415E+01    3.477145E+01    3.468986E+01    3.460683E+01    3.452454E+01    3.444229E+01    3.435537E+01    3.425881E+01    3.432534E+01    3.437655E+01    3.441147E+01    3.442925E+01
   3.556257E+01    3.550453E+01    3.542938E+01    3.533594E+01    3.522582E+01    3.510446E+01    3.498647E+01    3.490209E+01    3.482384E+01    3.474086E+01    3.465269E+01    3.456287E+01    3.447645E+01    3.439800E+01    3.431866E+01    3.423051E+01    3.429900E+01    3.435190E+01    3.438819E+01    3.440688E+01
   1.000000E+30    3.544708E+01    3.536864E+01    3.527787E+01    3.517698E+01    3.507183E+01    3.496965E+01    3.487800E+01    3.478931E+01    3.469717E+01    3.459925E+01    3.449756E+01    3.440214E+01    3.433602E+01    3.427202E+01    3.419709E+01    3.426919E+01    3.432469E+01    3.436314E+01    3.438364E+01
   1.000000E+30    1.000000E+30    3.529953E+01    3.520946E+01    3.511209E+01    3.501618E+01    3.492255E+01    3.483168E+01    3.473963E+01    3.464137E+01    3.453220E+01    3.440862E+01    3.428026E+01    3.425322E+01    3.421749E+01    3.416035E+01    3.423700E+01    3.429535E+01    3.433667E+01    3.436135E+01
   1.000000E+30    1.000000E+30    1.000000E+30    3.512791E+01    3.502541E+01    3.493817E+01    3.485298E+01    3.476723E+01    3.467753E+01    3.457894E+01    3.446282E+01    3.430700E+01    3.403735E+01    3.416018E+01    3.416552E+01    3.412479E+01    3.420416E+01    3.426390E+01    3.430749E+01    3.434419E+01
   1.000000E+30    1.000000E+30    1.000000E+30    1.000000E+30    3.490303E+01    3.483790E+01    3.476397E+01    3.468715E+01    3.460567E+01    3.451658E+01    3.441616E+01    3.430126E+01    3.418189E+01    3.416516E+01    3.414077E+01    3.409604E+01    3.417201E+01    3.422948E+01    3.426583E+01    1.000000E+30
   1.000000E+30    1.000000E+30    1.000000E+30    1.000000E+30    3.482500E+01    3.472589E+01    3.465764E+01    3.459211E+01    3.452268E+01    3.444746E+01    3.436631E+01    3.428190E+01    3.420469E+01    3.415879E+01    3.411746E+01    3.406778E+01    3.413942E+01    3.419706E+01    3.424112E+01    1.000000E+30
   1.000000E+30    1.000000E+30    1.000000E+30    1.000000E+30    1.000000E+30    3.456192E+01    3.452795E+01    3.448096E+01    3.442611E+01    3.436551E+01    3.430128E+01    3.423670E+01    3.417726E+01    3.412877E+01    3.408350E+01    3.403395E+01    3.410187E+01    3.415906E+01    1.000000E+30    1.000000E+30
   1.000000E+30    1.000000E+30    1.000000E+30    1.000000E+30    1.000000E+30    3.441042E+01    3.439022E+01    3.435695E+01    3.431519E+01    3.426784E+01    3.421771E+01    3.416749E+01    3.411981E+01    3.407632E+01    3.403473E+01    3.399127E+01    3.405604E+01    1.000000E+30    1.000000E+30    1.000000E+30
   1.000000E+30    1.000000E+30    1.000000E+30    1.000000E+30    1.000000E+30    3.425729E+01    3.424391E+01    3.422001E+01    3.418874E+01    3.415306E+01    3.411507E+01    3.407696E+01    3.403882E+01    3.400246E+01    3.396836E+01    3.393805E+01    1.000000E+30    1.000000E+30    1.000000E+30    1.000000E+30
