   3.671487E+01    3.669179E+01    3.664635E+01    3.657979E+01    3.649393E+01    3.639097E+01    3.627336E+01    3.614386E+01    3.600469E+01    3.585778E+01    3.570406E+01    3.554285E+01    3.537211E+01    3.518950E+01    3.499280E+01    3.477967E+01    3.483232E+01    3.487115E+01    3.489664E+01    3.490924E+01
   3.672002E+01    3.669648E+01    3.665008E+01    3.658206E+01    3.649434E+01    3.638922E+01    3.626935E+01    3.613765E+01    3.599660E+01    3.584834E+01    3.569414E+01    3.553316E+01    3.536285E+01    3.518076E+01    3.498461E+01    3.477162E+01    3.482418E+01    3.486279E+01    3.488810E+01    3.490059E+01
   3.673066E+01    3.670620E+01    3.665791E+01    3.658698E+01    3.649544E+01    3.638590E+01    3.626144E+01    3.612540E+01    3.598059E+01    3.582962E+01    3.567429E+01    3.551363E+01    3.534388E+01    3.516272E+01    3.496788E+01    3.475616E+01    3.480790E+01    3.484589E+01    3.487082E+01    3.488316E+01
   3.674753E+01    3.672181E+01    3.667077E+01    3.659537E+01    3.649774E+01    3.638116E+01    3.624942E+01    3.610668E+01    3.595644E+01    3.580133E+01    3.564422E+01    3.548364E+01    3.531423E+01    3.513443E+01    3.494188E+01    3.473323E+01    3.478303E+01    3.481998E+01    3.484451E+01    3.485677E+01
   3.677177E+01    3.674462E+01    3.669023E+01    3.660878E+01    3.650215E+01    3.637509E+01    3.623255E+01    3.607991E+01    3.592248E+01    3.576282E+01    3.560276E+01    3.544096E+01    3.527255E+01    3.509492E+01    3.490583E+01    3.470254E+01    3.474882E+01    3.478440E+01    3.480891E+01    3.482147E+01
   3.680464E+01    3.677648E+01    3.671893E+01    3.663009E+01    3.651015E+01    3.636805E+01    3.620971E+01    3.604142E+01    3.587390E+01    3.570968E+01    3.554814E+01    3.538594E+01    3.521878E+01    3.504383E+01    3.485908E+01    3.466265E+01    3.470400E+01    3.473851E+01    3.476410E+01    3.477775E+01
   3.684702E+01    3.681937E+01    3.676111E+01    3.666538E+01    3.652361E+01    3.636097E+01    3.618073E+01    3.598605E+01    3.580583E+01    3.563882E+01    3.547825E+01    3.531776E+01    3.515280E+01    3.498090E+01    3.480068E+01    3.461122E+01    3.464512E+01    3.468078E+01    3.471041E+01    3.472690E+01
   3.689829E+01    3.687448E+01    3.682308E+01    3.673012E+01    3.654165E+01    3.635593E+01    3.615062E+01    3.590091E+01    3.570897E+01    3.554617E+01    3.539207E+01    3.523641E+01    3.507474E+01    3.490587E+01    3.472961E+01    3.454456E+01    3.456397E+01    3.460867E+01    3.464937E+01    3.467196E+01
   3.695427E+01    3.693863E+01    3.690924E+01    3.687514E+01    1.000000E+30    1.000000E+30    1.000000E+30    3.574340E+01    3.556773E+01    3.542937E+01    3.529127E+01    3.514388E+01    3.498557E+01    3.481879E+01    3.464648E+01    3.445853E+01    3.443744E+01    3.452040E+01    3.458608E+01    3.461909E+01
   3.700630E+01    3.699742E+01    3.698221E+01    3.696832E+01    1.000000E+30    1.000000E+30    1.000000E+30    1.000000E+30    3.537393E+01    3.529657E+01    3.518357E+01    3.504546E+01    3.488710E+01    3.471829E+01    3.455876E+01    3.436089E+01    3.418627E+01    3.442934E+01    3.453512E+01    3.457869E+01
   3.704683E+01    3.704232E+01    3.703492E+01    3.702849E+01    1.000000E+30    1.000000E+30    1.000000E+30    1.000000E+30    3.523862E+01    3.518276E+01    3.508485E+01    3.495076E+01    3.478160E+01    3.458954E+01    3.448848E+01    3.436210E+01    3.436103E+01    3.445470E+01    3.452588E+01    3.456126E+01
   3.707099E+01    3.706871E+01    3.706504E+01    3.706184E+01    1.000000E+30    1.000000E+30    1.000000E+30    1.000000E+30    3.514032E+01    3.509410E+01    3.500614E+01    3.487479E+01    3.468138E+01    3.435029E+01    3.442273E+01    3.436452E+01    3.441893E+01    3.448172E+01    3.453183E+01    3.455852E+01
   3.707673E+01    3.707543E+01    3.707336E+01    3.707164E+01    1.000000E+30    1.000000E+30    1.000000E+30    1.000000E+30    3.506935E+01    3.503009E+01    3.495449E+01    3.484412E+01    3.469954E+01    3.453457E+01    3.446668E+01    3.438514E+01    3.444732E+01    3.450068E+01    3.454057E+01    3.456180E+01
   3.706377E+01    3.706288E+01    3.706152E+01    3.706044E+01    1.000000E+30    1.000000E+30    1.000000E+30    1.000000E+30    3.501860E+01    3.498504E+01    3.492098E+01    3.483032E+01    3.471881E+01    3.460007E+01    3.450299E+01    3.440326E+01    3.446368E+01    3.451249E+01    3.454739E+01    3.456564E+01
   3.703254E+01    3.703179E+01    3.703070E+01    3.702987E+01    1.000000E+30    1.000000E+30    1.000000E+30    1.000000E+30    3.498223E+01    3.495288E+01    3.489724E+01    3.481976E+01    3.472586E+01    3.462309E+01    3.452047E+01    3.441205E+01    3.447095E+01    3.451763E+01    3.455029E+01    3.456714E+01
   3.698361E+01    3.698285E+01    3.698178E+01    3.698099E+01    1.000000E+30    1.000000E+30    1.000000E+30    1.000000E+30    3.495588E+01    3.492912E+01    3.487850E+01    3.480794E+01    3.472190E+01    3.462528E+01    3.452213E+01    3.441085E+01    3.446979E+01    3.451626E+01    3.454845E+01    3.456491E+01
   3.691753E+01    3.691660E+01    3.691529E+01    3.691433E+01    1.000000E+30    1.000000E+30    1.000000E+30    1.000000E+30    3.493687E+01    3.491101E+01    3.486201E+01    3.479342E+01    3.470917E+01    3.461352E+01    3.451028E+01    3.440003E+01    3.446055E+01    3.450855E+01    3.454173E+01    3.455861E+01
   3.683486E+01    3.683346E+01    3.683148E+01    3.683002E+01    1.000000E+30    1.000000E+30    1.000000E+30    1.000000E+30    3.492424E+01    3.489755E+01    3.484705E+01    3.477617E+01    3.468861E+01    3.458903E+01    3.448395E+01    3.437902E+01    3.444347E+01    3.449506E+01    3.453067E+01    3.454873E+01
   3.673616E+01    3.673378E+01    3.673027E+01    3.672762E+01    1.000000E+30    1.000000E+30    1.000000E+30    1.000000E+30    3.491880E+01    3.488932E+01    3.483428E+01    3.475719E+01    3.466091E+01    3.454991E+01    3.443623E+01    3.434534E+01    3.441894E+01    3.447725E+01    3.451678E+01    3.453661E+01
   3.662242E+01    3.661804E+01    3.661126E+01    3.660578E+01    1.000000E+30    1.000000E+30    1.000000E+30    1.000000E+30    3.492340E+01    3.488809E+01    3.482540E+01    3.473906E+01    3.462889E+01    3.449351E+01    3.434474E+01    3.429555E+01    3.438944E+01    3.445808E+01    3.450242E+01    3.452416E+01
   3.649557E+01    3.648742E+01    3.647386E+01    3.646145E+01    1.000000E+30    1.000000E+30    1.000000E+30    1.000000E+30    3.494392E+01    3.489581E+01    3.482209E+01    3.472650E+01    3.460319E+01    3.443040E+01    3.413231E+01    3.423737E+01    3.436498E+01    3.444317E+01    3.449066E+01    3.451345E+01
   3.635928E+01    3.634471E+01    3.631782E+01    3.628716E+01    1.000000E+30    1.000000E+30    3.514577E+01    3.508884E+01    3.499331E+01    3.491095E+01    3.482280E+01    3.472349E+01    3.460783E+01    3.447095E+01    3.432268E+01    3.427480E+01    3.436963E+01    3.443894E+01    3.448370E+01    3.450564E+01
   3.621929E+01    3.619630E+01    3.614770E+01    3.606374E+01    3.590813E+01    1.000000E+30    3.518327E+01    3.510932E+01    3.501197E+01    3.491439E+01    3.481712E+01    3.471869E+01    3.461452E+01    3.450259E+01    3.439113E+01    3.430363E+01    3.437946E+01    3.443929E+01    3.447972E+01    3.449998E+01
   3.608383E+01    3.605524E+01    3.599487E+01    3.589396E+01    3.573422E+01    3.549175E+01    3.527556E+01    3.513539E+01    3.501366E+01    3.490035E+01    3.479539E+01    3.470157E+01    3.460959E+01    3.451375E+01    3.441493E+01    3.431654E+01    3.438500E+01    3.443912E+01    3.447615E+01    3.449488E+01
   3.595818E+01    3.592741E+01    3.586409E+01    3.576454E+01    3.562453E+01    3.544863E+01    3.527526E+01    3.512626E+01    3.499003E+01    3.486091E+01    3.474492E+01    3.466418E+01    3.458943E+01    3.450815E+01    3.441782E+01    3.431796E+01    3.438464E+01    3.443616E+01    3.447120E+01    3.448891E+01
   3.584428E+01    3.581324E+01    3.575078E+01    3.565646E+01    3.553199E+01    3.538505E+01    3.523317E+01    3.508740E+01    3.494259E+01    3.479139E+01    3.464098E+01    3.460201E+01    3.455666E+01    3.449200E+01    3.440995E+01    3.431216E+01    3.437923E+01    3.442990E+01    3.446399E+01    3.448115E+01
   3.574220E+01    3.571136E+01    3.565005E+01    3.555940E+01    3.544257E+01    3.530725E+01    3.516629E+01    3.502994E+01    3.488513E+01    3.470402E+01    3.440529E+01    3.452687E+01    3.452396E+01    3.447373E+01    3.439774E+01    3.430233E+01    3.437005E+01    3.442053E+01    3.445423E+01    3.447112E+01
   3.565166E+01    3.562065E+01    3.555932E+01    3.546887E+01    3.535184E+01    3.521496E+01    3.507472E+01    3.496197E+01    3.484753E+01    3.471819E+01    3.458264E+01    3.455538E+01    3.451915E+01    3.446179E+01    3.438503E+01    3.429030E+01    3.435797E+01    3.440832E+01    3.444187E+01    3.445867E+01
   3.557269E+01    3.554087E+01    3.547828E+01    3.538524E+01    3.526100E+01    3.510557E+01    3.493469E+01    3.487655E+01    3.480844E+01    3.472226E+01    3.463397E+01    3.457384E+01    3.451637E+01    3.444995E+01    3.437053E+01    3.427600E+01    3.434315E+01    3.439338E+01    3.442694E+01    3.444378E+01
   3.550607E+01    3.547248E+01    3.540823E+01    3.531323E+01    3.518166E+01    3.499176E+01    3.466239E+01    3.478300E+01    3.476946E+01    3.471077E+01    3.463911E+01    3.457108E+01    3.450371E+01    3.443200E+01    3.435153E+01    3.425848E+01    3.432529E+01    3.437567E+01    3.440951E+01    3.442654E+01
   3.545357E+01    3.541536E+01    3.534958E+01    3.525842E+01    3.514111E+01    3.499732E+01    3.484230E+01    3.480298E+01    3.475668E+01    3.469404E+01    3.462248E+01    3.454936E+01    3.447678E+01    3.440385E+01    3.432561E+01    3.423669E+01    3.430402E+01    3.435516E+01    3.438971E+01    3.440720E+01
   3.541979E+01    3.536642E+01    3.529702E+01    3.521038E+01    3.510792E+01    3.499483E+01    3.488561E+01    3.481047E+01    3.474167E+01    3.466822E+01    3.458953E+01    3.450907E+01    3.443181E+01    3.436215E+01    3.429095E+01    3.420990E+01    3.427919E+01    3.433199E+01    3.436787E+01    3.438623E+01
   1.000000E+30    3.531417E+01    3.524242E+01    3.515913E+01    3.506630E+01    3.496949E+01    3.487588E+01    3.479300E+01    3.471320E+01    3.462999E+01    3.454094E+01    3.444798E+01    3.436108E+01    3.430315E+01    3.424669E+01    3.417824E+01    3.425111E+01    3.430645E+01    3.434440E+01    3.436448E+01
   1.000000E+30    1.000000E+30    3.518014E+01    3.509837E+01    3.500971E+01    3.492217E+01    3.483678E+01    3.475416E+01    3.467037E+01    3.458037E+01    3.447937E+01    3.436379E+01    3.424322E+01    3.422372E+01    3.419486E+01    3.414349E+01    3.422087E+01    3.427898E+01    3.431965E+01    3.434365E+01
   1.000000E+30    1.000000E+30    1.000000E+30    3.502546E+01    3.493303E+01    3.485388E+01    3.477635E+01    3.469816E+01    3.461597E+01    3.452485E+01    3.441609E+01    3.426745E+01    3.400468E+01    3.413444E+01    3.414589E+01    3.411014E+01    3.419017E+01    3.424957E+01    3.429231E+01    3.432761E+01
   1.000000E+30    1.000000E+30    1.000000E+30    1.000000E+30    3.482397E+01    3.476496E+01    3.469771E+01    3.462753E+01    3.455264E+01    3.447009E+01    3.437614E+01    3.426759E+01    3.415439E+01    3.414357E+01    3.412440E+01    3.408377E+01    3.416031E+01    3.421738E+01    3.425304E+01    1.000000E+30
   1.000000E+30    1.000000E+30    1.000000E+30    1.000000E+30    3.475438E+01    3.466486E+01    3.460283E+01    3.454284E+01    3.447887E+01    3.440911E+01    3.433341E+01    3.425439E+01    3.418245E+01    3.414151E+01    3.410446E+01    3.405793E+01    3.412999E+01    3.418698E+01    3.422985E+01    1.000000E+30
   1.000000E+30    1.000000E+30    1.000000E+30    1.000000E+30    1.000000E+30    3.451716E+01    3.448608E+01    3.444279E+01    3.439198E+01    3.433558E+01    3.427564E+01    3.421538E+01    3.416022E+01    3.411573E+01    3.407381E+01    3.402644E+01    3.409459E+01    3.415086E+01    1.000000E+30    1.000000E+30
   1.000000E+30    1.000000E+30    1.000000E+30    1.000000E+30    1.000000E+30    3.437959E+01    3.436090E+01    3.432992E+01    3.429074E+01    3.424618E+01    3.419906E+01    3.415193E+01    3.410750E+01    3.406710E+01    3.402799E+01    3.398582E+01    3.405060E+01    1.000000E+30    1.000000E+30    1.000000E+30
   1.000000E+30    1.000000E+30    1.000000E+30    1.000000E+30    1.000000E+30    3.423885E+01    3.422631E+01    3.420368E+01    3.417348E+01    3.413891E+01    3.410258E+01    3.406596E+01    3.403013E+01    3.399611E+01    3.396381E+01    3.393404E+01    1.000000E+30    1.000000E+30    1.000000E+30    1.000000E+30
