   3.593130E+01    3.590882E+01    3.586471E+01    3.580049E+01    3.571839E+01    3.562115E+01    3.551184E+01    3.539391E+01    3.527034E+01    3.514392E+01    3.501653E+01    3.488877E+01    3.476024E+01    3.463052E+01    3.449951E+01    3.436731E+01    3.436217E+01    3.435825E+01    3.435560E+01    3.435425E+01
   3.593644E+01    3.591347E+01    3.586838E+01    3.580267E+01    3.571867E+01    3.561922E+01    3.550761E+01    3.538745E+01    3.526200E+01    3.513422E+01    3.500629E+01    3.487865E+01    3.475043E+01    3.462112E+01    3.449057E+01    3.435849E+01    3.435335E+01    3.434923E+01    3.434641E+01    3.434500E+01
   3.594704E+01    3.592314E+01    3.587610E+01    3.580739E+01    3.571948E+01    3.561552E+01    3.549923E+01    3.537467E+01    3.524544E+01    3.511493E+01    3.498576E+01    3.485825E+01    3.473043E+01    3.460191E+01    3.447254E+01    3.434175E+01    3.433579E+01    3.433105E+01    3.432794E+01    3.432643E+01
   3.596384E+01    3.593862E+01    3.588876E+01    3.581550E+01    3.572138E+01    3.561025E+01    3.548654E+01    3.535513E+01    3.522037E+01    3.508572E+01    3.495467E+01    3.482701E+01    3.469943E+01    3.457213E+01    3.444487E+01    3.431701E+01    3.430913E+01    3.430341E+01    3.430002E+01    3.429850E+01
   3.598792E+01    3.596124E+01    3.590793E+01    3.582852E+01    3.572530E+01    3.560356E+01    3.546888E+01    3.532738E+01    3.518517E+01    3.504578E+01    3.491180E+01    3.478293E+01    3.465622E+01    3.453091E+01    3.440683E+01    3.428373E+01    3.427272E+01    3.426588E+01    3.426255E+01    3.426135E+01
   3.602047E+01    3.599272E+01    3.593618E+01    3.584930E+01    3.573273E+01    3.559589E+01    3.544533E+01    3.528803E+01    3.513542E+01    3.499108E+01    3.485538E+01    3.472610E+01    3.460060E+01    3.447783E+01    3.435777E+01    3.424080E+01    3.422532E+01    3.421773E+01    3.421558E+01    3.421550E+01
   3.606224E+01    3.603494E+01    3.597759E+01    3.588377E+01    3.574559E+01    3.558830E+01    3.541590E+01    3.523232E+01    3.506660E+01    3.491884E+01    3.478362E+01    3.465582E+01    3.453240E+01    3.441254E+01    3.429669E+01    3.418601E+01    3.416349E+01    3.415737E+01    3.415946E+01    3.416229E+01
   3.611239E+01    3.608885E+01    3.603818E+01    3.594697E+01    3.576303E+01    3.558297E+01    3.538580E+01    3.514819E+01    3.496993E+01    3.482527E+01    3.469565E+01    3.457218E+01    3.445177E+01    3.433474E+01    3.422258E+01    3.411569E+01    3.407894E+01    3.408225E+01    3.409570E+01    3.410477E+01
   3.616649E+01    3.615098E+01    3.612190E+01    3.608826E+01    1.000000E+30    1.000000E+30    1.000000E+30    3.499540E+01    3.483064E+01    3.470818E+01    3.459318E+01    3.447718E+01    3.435967E+01    3.424446E+01    3.413604E+01    3.402573E+01    3.394823E+01    3.399056E+01    3.402952E+01    3.404923E+01
   3.621554E+01    3.620671E+01    3.619158E+01    3.617777E+01    1.000000E+30    1.000000E+30    1.000000E+30    1.000000E+30    3.464080E+01    3.457540E+01    3.448372E+01    3.437603E+01    3.425784E+01    3.414021E+01    3.404460E+01    3.392417E+01    3.369076E+01    3.389591E+01    3.397576E+01    3.400626E+01
   3.625162E+01    3.624710E+01    3.623967E+01    3.623320E+01    1.000000E+30    1.000000E+30    1.000000E+30    1.000000E+30    3.450553E+01    3.446031E+01    3.438267E+01    3.427822E+01    3.414849E+01    3.400688E+01    3.397067E+01    3.392277E+01    3.386589E+01    3.391952E+01    3.396435E+01    3.398658E+01
   3.626948E+01    3.626713E+01    3.626335E+01    3.626008E+01    1.000000E+30    1.000000E+30    1.000000E+30    1.000000E+30    3.440527E+01    3.436925E+01    3.430108E+01    3.419889E+01    3.404408E+01    3.376073E+01    3.390115E+01    3.392253E+01    3.392224E+01    3.394477E+01    3.396833E+01    3.398181E+01
   3.626681E+01    3.626540E+01    3.626319E+01    3.626138E+01    1.000000E+30    1.000000E+30    1.000000E+30    1.000000E+30    3.433115E+01    3.430201E+01    3.424618E+01    3.416513E+01    3.405990E+01    3.394560E+01    3.394305E+01    3.394072E+01    3.394866E+01    3.396184E+01    3.397515E+01    3.398314E+01
   3.624301E+01    3.624198E+01    3.624044E+01    3.623923E+01    1.000000E+30    1.000000E+30    1.000000E+30    1.000000E+30    3.427632E+01    3.425297E+01    3.420890E+01    3.414791E+01    3.407636E+01    3.400919E+01    3.397701E+01    3.395638E+01    3.396287E+01    3.397164E+01    3.398003E+01    3.398507E+01
   3.619825E+01    3.619732E+01    3.619600E+01    3.619499E+01    1.000000E+30    1.000000E+30    1.000000E+30    1.000000E+30    3.423483E+01    3.421589E+01    3.418061E+01    3.413328E+01    3.407986E+01    3.402925E+01    3.399172E+01    3.396263E+01    3.396789E+01    3.397471E+01    3.398096E+01    3.398466E+01
   3.613278E+01    3.613176E+01    3.613033E+01    3.612927E+01    1.000000E+30    1.000000E+30    1.000000E+30    1.000000E+30    3.420205E+01    3.418595E+01    3.415616E+01    3.411645E+01    3.407166E+01    3.402784E+01    3.399027E+01    3.395881E+01    3.396440E+01    3.397120E+01    3.397712E+01    3.398054E+01
   3.604672E+01    3.604535E+01    3.604343E+01    3.604203E+01    1.000000E+30    1.000000E+30    1.000000E+30    1.000000E+30    3.417484E+01    3.416005E+01    3.413261E+01    3.409580E+01    3.405382E+01    3.401184E+01    3.397492E+01    3.394518E+01    3.395272E+01    3.396132E+01    3.396845E+01    3.397242E+01
   3.594020E+01    3.593801E+01    3.593486E+01    3.593255E+01    1.000000E+30    1.000000E+30    1.000000E+30    1.000000E+30    3.415158E+01    3.413669E+01    3.410894E+01    3.407118E+01    3.402720E+01    3.398242E+01    3.394461E+01    3.392105E+01    3.393304E+01    3.394570E+01    3.395556E+01    3.396085E+01
   3.581338E+01    3.580943E+01    3.580358E+01    3.579914E+01    1.000000E+30    1.000000E+30    1.000000E+30    1.000000E+30    3.413191E+01    3.411568E+01    3.408541E+01    3.404345E+01    3.399246E+01    3.393762E+01    3.389231E+01    3.388395E+01    3.390581E+01    3.392579E+01    3.393996E+01    3.394719E+01
   3.566700E+01    3.565946E+01    3.564780E+01    3.563838E+01    1.000000E+30    1.000000E+30    1.000000E+30    1.000000E+30    3.411659E+01    3.409770E+01    3.406335E+01    3.401516E+01    3.395256E+01    3.387483E+01    3.379537E+01    3.383048E+01    3.387364E+01    3.390465E+01    3.392407E+01    3.393340E+01
   3.550338E+01    3.548898E+01    3.546510E+01    3.544341E+01    1.000000E+30    1.000000E+30    1.000000E+30    1.000000E+30    3.410743E+01    3.408349E+01    3.404447E+01    3.399143E+01    3.391860E+01    3.380505E+01    3.357543E+01    3.376859E+01    3.384674E+01    3.388802E+01    3.391102E+01    3.392160E+01
   3.532783E+01    3.530146E+01    3.525312E+01    3.519899E+01    1.000000E+30    1.000000E+30    3.416065E+01    3.414074E+01    3.410813E+01    3.407180E+01    3.402837E+01    3.397723E+01    3.391573E+01    3.384109E+01    3.376537E+01    3.380399E+01    3.384968E+01    3.388253E+01    3.390313E+01    3.391303E+01
   3.514996E+01    3.510688E+01    3.501682E+01    3.486779E+01    3.461515E+01    1.000000E+30    3.415829E+01    3.413398E+01    3.409671E+01    3.405360E+01    3.400810E+01    3.396268E+01    3.391600E+01    3.386888E+01    3.383193E+01    3.383112E+01    3.385830E+01    3.388207E+01    3.389863E+01    3.390700E+01
   3.498483E+01    3.492800E+01    3.480576E+01    3.460166E+01    3.431885E+01    3.419765E+01    3.415558E+01    3.411925E+01    3.407391E+01    3.402327E+01    3.397525E+01    3.393814E+01    3.390635E+01    3.387719E+01    3.385407E+01    3.384274E+01    3.386311E+01    3.388157E+01    3.389500E+01    3.390199E+01
   3.484491E+01    3.478157E+01    3.463961E+01    3.436969E+01    3.380638E+01    3.407705E+01    3.411701E+01    3.409039E+01    3.403793E+01    3.397499E+01    3.391819E+01    3.389635E+01    3.388353E+01    3.387011E+01    3.385613E+01    3.384348E+01    3.386258E+01    3.387883E+01    3.389052E+01    3.389661E+01
   3.473661E+01    3.468025E+01    3.456302E+01    3.437968E+01    3.415550E+01    3.413760E+01    3.411154E+01    3.406270E+01    3.399337E+01    3.390501E+01    3.381208E+01    3.383308E+01    3.385051E+01    3.385417E+01    3.384857E+01    3.383776E+01    3.385767E+01    3.387341E+01    3.388437E+01    3.389001E+01
   3.465396E+01    3.460772E+01    3.451677E+01    3.438878E+01    3.425098E+01    3.416711E+01    3.409818E+01    3.403172E+01    3.394945E+01    3.382418E+01    3.357606E+01    3.376027E+01    3.382025E+01    3.383800E+01    3.383796E+01    3.382885E+01    3.384974E+01    3.386557E+01    3.387632E+01    3.388179E+01
   3.458876E+01    3.455021E+01    3.447598E+01    3.437336E+01    3.425738E+01    3.414980E+01    3.405505E+01    3.399409E+01    3.393150E+01    3.385261E+01    3.376795E+01    3.379686E+01    3.382103E+01    3.383018E+01    3.382820E+01    3.381860E+01    3.383974E+01    3.385566E+01    3.386641E+01    3.387186E+01
   3.453549E+01    3.450139E+01    3.443571E+01    3.434245E+01    3.422648E+01    3.409251E+01    3.395358E+01    3.393743E+01    3.391382E+01    3.387343E+01    3.383331E+01    3.382573E+01    3.382608E+01    3.382426E+01    3.381797E+01    3.380701E+01    3.382788E+01    3.384387E+01    3.385474E+01    3.386028E+01
   3.449184E+01    3.445960E+01    3.439828E+01    3.430933E+01    3.418918E+01    3.401712E+01    3.370848E+01    3.387011E+01    3.389680E+01    3.388011E+01    3.385355E+01    3.383514E+01    3.382309E+01    3.381385E+01    3.380456E+01    3.379316E+01    3.381395E+01    3.383025E+01    3.384147E+01    3.384721E+01
   3.445776E+01    3.442443E+01    3.436619E+01    3.428546E+01    3.418243E+01    3.405738E+01    3.392594E+01    3.391837E+01    3.390734E+01    3.388310E+01    3.385367E+01    3.382742E+01    3.380765E+01    3.379489E+01    3.378564E+01    3.377615E+01    3.379773E+01    3.381489E+01    3.382682E+01    3.383296E+01
   3.443577E+01    3.439332E+01    3.433623E+01    3.426406E+01    3.417873E+01    3.408582E+01    3.400043E+01    3.395362E+01    3.391678E+01    3.387879E+01    3.383949E+01    3.380320E+01    3.377614E+01    3.376421E+01    3.375959E+01    3.375549E+01    3.377925E+01    3.379809E+01    3.381121E+01    3.381805E+01
   1.000000E+30    3.435726E+01    3.430248E+01    3.423780E+01    3.416540E+01    3.409052E+01    3.402089E+01    3.396476E+01    3.391469E+01    3.386448E+01    3.381221E+01    3.376064E+01    3.372108E+01    3.371835E+01    3.372588E+01    3.373156E+01    3.375912E+01    3.378043E+01    3.379527E+01    3.380327E+01
   1.000000E+30    1.000000E+30    3.426096E+01    3.420260E+01    3.413876E+01    3.407517E+01    3.401409E+01    3.395719E+01    3.390133E+01    3.384210E+01    3.377526E+01    3.369798E+01    3.362127E+01    3.365469E+01    3.368703E+01    3.370656E+01    3.373885E+01    3.376279E+01    3.377963E+01    3.378989E+01
   1.000000E+30    1.000000E+30    1.000000E+30    3.415738E+01    3.409734E+01    3.404372E+01    3.399047E+01    3.393695E+01    3.388094E+01    3.381832E+01    3.374099E+01    3.362725E+01    3.340277E+01    3.358467E+01    3.365419E+01    3.368548E+01    3.372068E+01    3.374593E+01    3.376418E+01    3.378025E+01
   1.000000E+30    1.000000E+30    1.000000E+30    1.000000E+30    3.403609E+01    3.399938E+01    3.395544E+01    3.390837E+01    3.385759E+01    3.380112E+01    3.373605E+01    3.366000E+01    3.358427E+01    3.361904E+01    3.365297E+01    3.367442E+01    3.370640E+01    3.372990E+01    3.374463E+01    1.000000E+30
   1.000000E+30    1.000000E+30    1.000000E+30    1.000000E+30    3.399926E+01    3.395072E+01    3.391272E+01    3.387360E+01    3.383104E+01    3.378462E+01    3.373497E+01    3.368548E+01    3.364778E+01    3.364733E+01    3.365787E+01    3.366740E+01    3.369467E+01    3.371664E+01    3.373366E+01    1.000000E+30
   1.000000E+30    1.000000E+30    1.000000E+30    1.000000E+30    1.000000E+30    3.388077E+01    3.386115E+01    3.383305E+01    3.379992E+01    3.376368E+01    3.372660E+01    3.369239E+01    3.366735E+01    3.365819E+01    3.365774E+01    3.365928E+01    3.368248E+01    3.370245E+01    1.000000E+30    1.000000E+30
   1.000000E+30    1.000000E+30    1.000000E+30    1.000000E+30    1.000000E+30    3.382086E+01    3.380887E+01    3.378888E+01    3.376388E+01    3.373624E+01    3.370848E+01    3.368353E+01    3.366471E+01    3.365420E+01    3.364977E+01    3.364783E+01    3.366789E+01    1.000000E+30    1.000000E+30    1.000000E+30
   1.000000E+30    1.000000E+30    1.000000E+30    1.000000E+30    1.000000E+30    3.376423E+01    3.375608E+01    3.374155E+01    3.372278E+01    3.370192E+01    3.368105E+01    3.366228E+01    3.364757E+01    3.363814E+01    3.363355E+01    3.363303E+01    1.000000E+30    1.000000E+30    1.000000E+30    1.000000E+30
