   3.597479E+01    3.595446E+01    3.591446E+01    3.585592E+01    3.578054E+01    3.569040E+01    3.558793E+01    3.547596E+01    3.535696E+01    3.523332E+01    3.510671E+01    3.497753E+01    3.484529E+01    3.470950E+01    3.457012E+01    3.442744E+01    3.443326E+01    3.443818E+01    3.444169E+01    3.444351E+01
   3.597652E+01    3.595586E+01    3.591518E+01    3.585556E+01    3.577875E+01    3.568690E+01    3.558258E+01    3.546875E+01    3.534813E+01    3.522332E+01    3.509626E+01    3.496727E+01    3.483539E+01    3.470006E+01    3.456117E+01    3.441864E+01    3.442441E+01    3.442911E+01    3.443245E+01    3.443418E+01
   3.598008E+01    3.595880E+01    3.591679E+01    3.585505E+01    3.577536E+01    3.568005E+01    3.557198E+01    3.545449E+01    3.533064E+01    3.520345E+01    3.507536E+01    3.494662E+01    3.481523E+01    3.468075E+01    3.454310E+01    3.440188E+01    3.440678E+01    3.441083E+01    3.441382E+01    3.441542E+01
   3.598583E+01    3.596373E+01    3.591986E+01    3.585500E+01    3.577085E+01    3.567008E+01    3.555609E+01    3.543291E+01    3.530433E+01    3.517351E+01    3.504380E+01    3.491506E+01    3.478400E+01    3.465079E+01    3.451532E+01    3.437709E+01    3.437998E+01    3.438297E+01    3.438561E+01    3.438717E+01
   3.599430E+01    3.597138E+01    3.592543E+01    3.585656E+01    3.576606E+01    3.565732E+01    3.553452E+01    3.540281E+01    3.526779E+01    3.513282E+01    3.500048E+01    3.487064E+01    3.474048E+01    3.460931E+01    3.447709E+01    3.434377E+01    3.434334E+01    3.434506E+01    3.434768E+01    3.434953E+01
   3.600599E+01    3.598270E+01    3.593517E+01    3.586186E+01    3.576250E+01    3.564260E+01    3.550682E+01    3.536132E+01    3.521699E+01    3.507753E+01    3.494366E+01    3.481344E+01    3.468447E+01    3.455586E+01    3.442772E+01    3.430071E+01    3.429559E+01    3.429637E+01    3.430008E+01    3.430300E+01
   3.602086E+01    3.599852E+01    3.595166E+01    3.587524E+01    3.576249E+01    3.562787E+01    3.547387E+01    3.530449E+01    3.514786E+01    3.500511E+01    3.487160E+01    3.474273E+01    3.461575E+01    3.449002E+01    3.436619E+01    3.424564E+01    3.423324E+01    3.423530E+01    3.424312E+01    3.424890E+01
   3.603751E+01    3.601869E+01    3.597840E+01    3.590712E+01    3.576761E+01    3.561725E+01    3.544193E+01    3.522169E+01    3.505223E+01    3.491187E+01    3.478341E+01    3.465851E+01    3.453436E+01    3.441143E+01    3.429138E+01    3.417486E+01    3.414800E+01    3.415928E+01    3.417831E+01    3.419025E+01
   3.605179E+01    3.603956E+01    3.601657E+01    3.599002E+01    1.000000E+30    1.000000E+30    1.000000E+30    3.507604E+01    3.491562E+01    3.479538E+01    3.468049E+01    3.456254E+01    3.444107E+01    3.431996E+01    3.420381E+01    3.408417E+01    3.401639E+01    3.406644E+01    3.411078E+01    3.413328E+01
   3.605630E+01    3.604941E+01    3.603753E+01    3.602637E+01    1.000000E+30    1.000000E+30    1.000000E+30    1.000000E+30    3.472756E+01    3.466234E+01    3.456975E+01    3.445965E+01    3.433739E+01    3.421398E+01    3.411088E+01    3.398150E+01    3.375795E+01    3.397029E+01    3.405532E+01    3.408853E+01
   3.604503E+01    3.604137E+01    3.603532E+01    3.603003E+01    1.000000E+30    1.000000E+30    1.000000E+30    1.000000E+30    3.459077E+01    3.454503E+01    3.446597E+01    3.435892E+01    3.422523E+01    3.407819E+01    3.403480E+01    3.397835E+01    3.393074E+01    3.399172E+01    3.404171E+01    3.406663E+01
   3.601456E+01    3.601241E+01    3.600900E+01    3.600637E+01    1.000000E+30    1.000000E+30    1.000000E+30    1.000000E+30    3.448625E+01    3.444952E+01    3.437983E+01    3.427517E+01    3.411681E+01    3.382885E+01    3.396237E+01    3.397583E+01    3.398453E+01    3.401435E+01    3.404304E+01    3.405918E+01
   3.596397E+01    3.596250E+01    3.596037E+01    3.595883E+01    1.000000E+30    1.000000E+30    1.000000E+30    1.000000E+30    3.440529E+01    3.437550E+01    3.431837E+01    3.423522E+01    3.412696E+01    3.400849E+01    3.400030E+01    3.399111E+01    3.400791E+01    3.402832E+01    3.404674E+01    3.405739E+01
   3.589354E+01    3.589241E+01    3.589085E+01    3.588975E+01    1.000000E+30    1.000000E+30    1.000000E+30    1.000000E+30    3.434101E+01    3.431726E+01    3.427236E+01    3.420997E+01    3.413627E+01    3.406595E+01    3.402940E+01    3.400324E+01    3.401855E+01    3.403454E+01    3.404803E+01    3.405573E+01
   3.580383E+01    3.580282E+01    3.580147E+01    3.580051E+01    1.000000E+30    1.000000E+30    1.000000E+30    1.000000E+30    3.428729E+01    3.426838E+01    3.423307E+01    3.418539E+01    3.413105E+01    3.407867E+01    3.403833E+01    3.400531E+01    3.401942E+01    3.403352E+01    3.404491E+01    3.405128E+01
   3.569537E+01    3.569429E+01    3.569283E+01    3.569179E+01    1.000000E+30    1.000000E+30    1.000000E+30    1.000000E+30    3.423917E+01    3.422375E+01    3.419507E+01    3.415649E+01    3.411243E+01    3.406862E+01    3.403010E+01    3.399664E+01    3.401122E+01    3.402542E+01    3.403657E+01    3.404269E+01
   3.556859E+01    3.556717E+01    3.556522E+01    3.556383E+01    1.000000E+30    1.000000E+30    1.000000E+30    1.000000E+30    3.419302E+01    3.417982E+01    3.415507E+01    3.412137E+01    3.408230E+01    3.404259E+01    3.400702E+01    3.397754E+01    3.399431E+01    3.401049E+01    3.402298E+01    3.402972E+01
   3.542412E+01    3.542186E+01    3.541865E+01    3.541631E+01    1.000000E+30    1.000000E+30    1.000000E+30    1.000000E+30    3.414646E+01    3.413455E+01    3.411175E+01    3.407979E+01    3.404153E+01    3.400182E+01    3.396807E+01    3.394739E+01    3.396897E+01    3.398946E+01    3.400485E+01    3.401300E+01
   3.526277E+01    3.525871E+01    3.525273E+01    3.524823E+01    1.000000E+30    1.000000E+30    1.000000E+30    1.000000E+30    3.409811E+01    3.408711E+01    3.406515E+01    3.403264E+01    3.399094E+01    3.394452E+01    3.390640E+01    3.390387E+01    3.393579E+01    3.396393E+01    3.398384E+01    3.399403E+01
   3.508623E+01    3.507852E+01    3.506663E+01    3.505711E+01    1.000000E+30    1.000000E+30    1.000000E+30    1.000000E+30    3.404692E+01    3.403745E+01    3.401661E+01    3.398279E+01    3.393388E+01    3.386846E+01    3.379965E+01    3.384374E+01    3.389754E+01    3.393710E+01    3.396250E+01    3.397493E+01
   3.489810E+01    3.488346E+01    3.485932E+01    3.483758E+01    1.000000E+30    1.000000E+30    1.000000E+30    1.000000E+30    3.399120E+01    3.398583E+01    3.396847E+01    3.393621E+01    3.388218E+01    3.378514E+01    3.356981E+01    3.377522E+01    3.386465E+01    3.391491E+01    3.394416E+01    3.395795E+01
   3.470528E+01    3.467867E+01    3.463031E+01    3.457678E+01    1.000000E+30    1.000000E+30    3.387285E+01    3.389091E+01    3.392653E+01    3.393264E+01    3.392254E+01    3.389950E+01    3.386213E+01    3.380824E+01    3.375037E+01    3.380431E+01    3.386192E+01    3.390418E+01    3.393128E+01    3.394452E+01
   3.451901E+01    3.447597E+01    3.438693E+01    3.424170E+01    3.399697E+01    1.000000E+30    3.383798E+01    3.385669E+01    3.387593E+01    3.388154E+01    3.387660E+01    3.386512E+01    3.384716E+01    3.382454E+01    3.380856E+01    3.382580E+01    3.386544E+01    3.389900E+01    3.392228E+01    3.393410E+01
   3.435584E+01    3.429962E+01    3.418024E+01    3.398599E+01    3.373300E+01    3.369992E+01    3.376736E+01    3.380534E+01    3.382338E+01    3.382659E+01    3.382388E+01    3.382487E+01    3.382527E+01    3.382349E+01    3.382379E+01    3.383271E+01    3.386594E+01    3.389445E+01    3.391477E+01    3.392528E+01
   3.422898E+01    3.416696E+01    3.402900E+01    3.376897E+01    3.322769E+01    3.357967E+01    3.370734E+01    3.375666E+01    3.376975E+01    3.376281E+01    3.375362E+01    3.377224E+01    3.379377E+01    3.380963E+01    3.382074E+01    3.382985E+01    3.386203E+01    3.388846E+01    3.390712E+01    3.391677E+01
   3.414442E+01    3.409089E+01    3.398082E+01    3.381267E+01    3.361930E+01    3.366158E+01    3.370638E+01    3.372659E+01    3.372002E+01    3.368655E+01    3.364105E+01    3.370326E+01    3.375591E+01    3.378968E+01    3.380999E+01    3.382175E+01    3.385475E+01    3.388066E+01    3.389858E+01    3.390778E+01
   3.409373E+01    3.405203E+01    3.397143E+01    3.386238E+01    3.375672E+01    3.372195E+01    3.371179E+01    3.370602E+01    3.368132E+01    3.360763E+01    3.340435E+01    3.362966E+01    3.372454E+01    3.377225E+01    3.379811E+01    3.381166E+01    3.384544E+01    3.387130E+01    3.388891E+01    3.389790E+01
   3.406521E+01    3.403270E+01    3.397123E+01    3.388958E+01    3.380487E+01    3.373966E+01    3.369491E+01    3.368720E+01    3.367649E+01    3.364518E+01    3.360319E+01    3.367017E+01    3.372757E+01    3.376563E+01    3.378881E+01    3.380136E+01    3.383499E+01    3.386067E+01    3.387811E+01    3.388698E+01
   3.404975E+01    3.402305E+01    3.397201E+01    3.390087E+01    3.381500E+01    3.371872E+01    3.362313E+01    3.365413E+01    3.367672E+01    3.367950E+01    3.367864E+01    3.370615E+01    3.373749E+01    3.376289E+01    3.378049E+01    3.379063E+01    3.382348E+01    3.384884E+01    3.386617E+01    3.387500E+01
   3.404169E+01    3.401861E+01    3.397391E+01    3.390813E+01    3.381719E+01    3.367930E+01    3.340748E+01    3.361252E+01    3.368045E+01    3.370241E+01    3.371132E+01    3.372486E+01    3.374124E+01    3.375716E+01    3.377008E+01    3.377837E+01    3.381052E+01    3.383573E+01    3.385310E+01    3.386200E+01
   3.403762E+01    3.401690E+01    3.397821E+01    3.392214E+01    3.384804E+01    3.375535E+01    3.365872E+01    3.368803E+01    3.371315E+01    3.372316E+01    3.372537E+01    3.372782E+01    3.373375E+01    3.374385E+01    3.375489E+01    3.376344E+01    3.379567E+01    3.382125E+01    3.383899E+01    3.384814E+01
   3.403542E+01    3.401453E+01    3.398154E+01    3.393613E+01    3.387987E+01    3.381778E+01    3.376437E+01    3.375006E+01    3.374499E+01    3.373715E+01    3.372581E+01    3.371498E+01    3.371081E+01    3.371935E+01    3.373297E+01    3.374512E+01    3.377879E+01    3.380550E+01    3.382408E+01    3.383375E+01
   1.000000E+30    3.400597E+01    3.397935E+01    3.394350E+01    3.390042E+01    3.385482E+01    3.381435E+01    3.378699E+01    3.376478E+01    3.374096E+01    3.371316E+01    3.368387E+01    3.366443E+01    3.367980E+01    3.370349E+01    3.372361E+01    3.376029E+01    3.378887E+01    3.380878E+01    3.381946E+01
   1.000000E+30    1.000000E+30    3.396884E+01    3.394110E+01    3.390701E+01    3.387081E+01    3.383582E+01    3.380411E+01    3.377243E+01    3.373604E+01    3.369033E+01    3.363228E+01    3.357299E+01    3.362226E+01    3.366874E+01    3.370090E+01    3.374146E+01    3.377202E+01    3.379354E+01    3.380638E+01
   1.000000E+30    1.000000E+30    1.000000E+30    3.392853E+01    3.389982E+01    3.387038E+01    3.383946E+01    3.380734E+01    3.377188E+01    3.372866E+01    3.366931E+01    3.357195E+01    3.336224E+01    3.355794E+01    3.363966E+01    3.368181E+01    3.372437E+01    3.375551E+01    3.377794E+01    3.379679E+01
   1.000000E+30    1.000000E+30    1.000000E+30    1.000000E+30    3.387815E+01    3.385683E+01    3.383034E+01    3.380069E+01    3.376685E+01    3.372650E+01    3.367648E+01    3.361426E+01    3.355114E+01    3.359743E+01    3.364166E+01    3.367231E+01    3.371066E+01    3.373920E+01    3.375707E+01    1.000000E+30
   1.000000E+30    1.000000E+30    1.000000E+30    1.000000E+30    3.386336E+01    3.383464E+01    3.381118E+01    3.378578E+01    3.375673E+01    3.372339E+01    3.368610E+01    3.364809E+01    3.362090E+01    3.363001E+01    3.364912E+01    3.366632E+01    3.369897E+01    3.372529E+01    3.374542E+01    1.000000E+30
   1.000000E+30    1.000000E+30    1.000000E+30    1.000000E+30    1.000000E+30    3.379426E+01    3.378161E+01    3.376286E+01    3.373994E+01    3.371402E+01    3.368691E+01    3.366204E+01    3.364561E+01    3.364426E+01    3.365081E+01    3.365859E+01    3.368606E+01    3.370957E+01    1.000000E+30    1.000000E+30
   1.000000E+30    1.000000E+30    1.000000E+30    1.000000E+30    1.000000E+30    3.375482E+01    3.374684E+01    3.373324E+01    3.371584E+01    3.369622E+01    3.367638E+01    3.365894E+01    3.364707E+01    3.364286E+01    3.364399E+01    3.364689E+01    3.366990E+01    1.000000E+30    1.000000E+30    1.000000E+30
   1.000000E+30    1.000000E+30    1.000000E+30    1.000000E+30    1.000000E+30    3.371291E+01    3.370741E+01    3.369746E+01    3.368441E+01    3.366975E+01    3.365510E+01    3.364232E+01    3.363318E+01    3.362880E+01    3.362849E+01    3.363124E+01    1.000000E+30    1.000000E+30    1.000000E+30    1.000000E+30
