   3.600530E+01    3.598588E+01    3.594773E+01    3.589207E+01    3.582067E+01    3.573567E+01    3.563950E+01    3.553486E+01    3.542401E+01    3.530896E+01    3.519085E+01    3.506952E+01    3.494365E+01    3.481166E+01    3.467191E+01    3.452261E+01    3.454915E+01    3.456799E+01    3.457999E+01    3.458580E+01
   3.600872E+01    3.598891E+01    3.594996E+01    3.589308E+01    3.582009E+01    3.573323E+01    3.563509E+01    3.552851E+01    3.541597E+01    3.529968E+01    3.518105E+01    3.505980E+01    3.493421E+01    3.480260E+01    3.466328E+01    3.451406E+01    3.454053E+01    3.455913E+01    3.457094E+01    3.457666E+01
   3.601576E+01    3.599521E+01    3.595469E+01    3.589537E+01    3.581916E+01    3.572852E+01    3.562637E+01    3.551595E+01    3.540006E+01    3.528128E+01    3.516146E+01    3.504027E+01    3.491501E+01    3.478408E+01    3.464585E+01    3.449780E+01    3.452336E+01    3.454128E+01    3.455270E+01    3.455827E+01
   3.602693E+01    3.600534E+01    3.596259E+01    3.589960E+01    3.581832E+01    3.572170E+01    3.561324E+01    3.549686E+01    3.537605E+01    3.525349E+01    3.513186E+01    3.501042E+01    3.488525E+01    3.475537E+01    3.461907E+01    3.447377E+01    3.449725E+01    3.451404E+01    3.452504E+01    3.453054E+01
   3.604291E+01    3.602021E+01    3.597480E+01    3.590698E+01    3.581838E+01    3.571298E+01    3.559518E+01    3.546997E+01    3.534251E+01    3.521560E+01    3.509115E+01    3.496838E+01    3.484378E+01    3.471557E+01    3.458220E+01    3.444155E+01    3.446147E+01    3.447686E+01    3.448781E+01    3.449356E+01
   3.606443E+01    3.604101E+01    3.599325E+01    3.591974E+01    3.582066E+01    3.570291E+01    3.557152E+01    3.543238E+01    3.529552E+01    3.516392E+01    3.503764E+01    3.491416E+01    3.479034E+01    3.466424E+01    3.453452E+01    3.439986E+01    3.441478E+01    3.442909E+01    3.444105E+01    3.444786E+01
   3.609171E+01    3.606887E+01    3.602091E+01    3.594256E+01    3.582706E+01    3.569282E+01    3.554269E+01    3.538006E+01    3.523108E+01    3.509599E+01    3.496967E+01    3.484706E+01    3.472469E+01    3.460093E+01    3.447498E+01    3.434638E+01    3.435373E+01    3.436914E+01    3.438514E+01    3.439478E+01
   3.612356E+01    3.610403E+01    3.606207E+01    3.598710E+01    3.583781E+01    3.568559E+01    3.551397E+01    3.530254E+01    3.514134E+01    3.500831E+01    3.488642E+01    3.476708E+01    3.464687E+01    3.452524E+01    3.440246E+01    3.427740E+01    3.427004E+01    3.429449E+01    3.432159E+01    3.433734E+01
   3.615576E+01    3.614295E+01    3.611890E+01    3.609109E+01    1.000000E+30    1.000000E+30    1.000000E+30    3.516425E+01    3.501264E+01    3.489870E+01    3.478929E+01    3.467596E+01    3.455760E+01    3.443703E+01    3.431746E+01    3.418873E+01    3.414036E+01    3.420330E+01    3.425556E+01    3.428180E+01
   3.618042E+01    3.617315E+01    3.616064E+01    3.614907E+01    1.000000E+30    1.000000E+30    1.000000E+30    1.000000E+30    3.483593E+01    3.477381E+01    3.468503E+01    3.457839E+01    3.445832E+01    3.433464E+01    3.422736E+01    3.408826E+01    3.388458E+01    3.410907E+01    3.420177E+01    3.423865E+01
   3.619065E+01    3.618685E+01    3.618058E+01    3.617509E+01    1.000000E+30    1.000000E+30    1.000000E+30    1.000000E+30    3.470824E+01    3.466431E+01    3.458783E+01    3.448321E+01    3.435084E+01    3.420280E+01    3.415425E+01    3.408716E+01    3.405857E+01    3.413216E+01    3.418990E+01    3.421849E+01
   3.618211E+01    3.617999E+01    3.617661E+01    3.617382E+01    1.000000E+30    1.000000E+30    1.000000E+30    1.000000E+30    3.461169E+01    3.457610E+01    3.450814E+01    3.440504E+01    3.424726E+01    3.395807E+01    3.408499E+01    3.408686E+01    3.411423E+01    3.415666E+01    3.419312E+01    3.421294E+01
   3.615292E+01    3.615153E+01    3.614943E+01    3.614781E+01    1.000000E+30    1.000000E+30    1.000000E+30    1.000000E+30    3.453805E+01    3.450900E+01    3.445293E+01    3.437055E+01    3.426194E+01    3.414083E+01    3.412584E+01    3.410444E+01    3.413974E+01    3.417271E+01    3.419889E+01    3.421321E+01
   3.610272E+01    3.610163E+01    3.610009E+01    3.609894E+01    1.000000E+30    1.000000E+30    1.000000E+30    1.000000E+30    3.448077E+01    3.445745E+01    3.441307E+01    3.435074E+01    3.427587E+01    3.420199E+01    3.415803E+01    3.411898E+01    3.415268E+01    3.418119E+01    3.420243E+01    3.421380E+01
   3.603164E+01    3.603064E+01    3.602926E+01    3.602825E+01    1.000000E+30    1.000000E+30    1.000000E+30    1.000000E+30    3.443393E+01    3.441517E+01    3.437989E+01    3.433164E+01    3.427540E+01    3.421870E+01    3.417021E+01    3.412357E+01    3.415600E+01    3.418258E+01    3.420170E+01    3.421173E+01
   3.593993E+01    3.593883E+01    3.593731E+01    3.593622E+01    1.000000E+30    1.000000E+30    1.000000E+30    1.000000E+30    3.439276E+01    3.437723E+01    3.434811E+01    3.430835E+01    3.426170E+01    3.421281E+01    3.416540E+01    3.411752E+01    3.415037E+01    3.417702E+01    3.419589E+01    3.420566E+01
   3.582781E+01    3.582633E+01    3.582428E+01    3.582280E+01    1.000000E+30    1.000000E+30    1.000000E+30    1.000000E+30    3.435379E+01    3.434021E+01    3.431456E+01    3.427907E+01    3.423669E+01    3.419113E+01    3.414585E+01    3.410114E+01    3.413613E+01    3.416475E+01    3.418492E+01    3.419528E+01
   3.569568E+01    3.569333E+01    3.568997E+01    3.568752E+01    1.000000E+30    1.000000E+30    1.000000E+30    1.000000E+30    3.431481E+01    3.430221E+01    3.427798E+01    3.424356E+01    3.420123E+01    3.415487E+01    3.411058E+01    3.407382E+01    3.411355E+01    3.414641E+01    3.416945E+01    3.418121E+01
   3.554423E+01    3.554002E+01    3.553382E+01    3.552915E+01    1.000000E+30    1.000000E+30    1.000000E+30    1.000000E+30    3.427461E+01    3.426250E+01    3.423844E+01    3.420269E+01    3.415611E+01    3.410221E+01    3.405272E+01    3.403321E+01    3.408318E+01    3.412360E+01    3.415111E+01    3.416489E+01
   3.537507E+01    3.536711E+01    3.535486E+01    3.534505E+01    1.000000E+30    1.000000E+30    1.000000E+30    1.000000E+30    3.423244E+01    3.422113E+01    3.419726E+01    3.415929E+01    3.410460E+01    3.403089E+01    3.394996E+01    3.397607E+01    3.404775E+01    3.409948E+01    3.413243E+01    3.414842E+01
   3.519177E+01    3.517673E+01    3.515196E+01    3.512966E+01    1.000000E+30    1.000000E+30    1.000000E+30    1.000000E+30    3.418718E+01    3.417845E+01    3.415670E+01    3.411915E+01    3.405839E+01    3.395231E+01    3.372467E+01    3.391053E+01    3.401761E+01    3.407995E+01    3.411669E+01    3.413403E+01
   3.500137E+01    3.497411E+01    3.492459E+01    3.486985E+01    1.000000E+30    1.000000E+30    3.410047E+01    3.411221E+01    3.413580E+01    3.413458E+01    3.411820E+01    3.408862E+01    3.404348E+01    3.397947E+01    3.390776E+01    3.394212E+01    3.401743E+01    3.407174E+01    3.410632E+01    3.412310E+01
   3.481542E+01    3.477136E+01    3.468030E+01    3.453201E+01    3.428279E+01    1.000000E+30    3.407138E+01    3.408337E+01    3.409352E+01    3.409113E+01    3.407885E+01    3.405986E+01    3.403322E+01    3.399957E+01    3.396885E+01    3.396600E+01    3.402336E+01    3.406896E+01    3.409972E+01    3.411508E+01
   3.465090E+01    3.459336E+01    3.447129E+01    3.427268E+01    3.401233E+01    3.396305E+01    3.401265E+01    3.403930E+01    3.404774E+01    3.404246E+01    3.403178E+01    3.402454E+01    3.401553E+01    3.400200E+01    3.398689E+01    3.397517E+01    3.402611E+01    3.406668E+01    3.409447E+01    3.410852E+01
   3.452150E+01    3.445800E+01    3.431715E+01    3.405303E+01    3.350766E+01    3.384392E+01    3.395767E+01    3.399575E+01    3.399924E+01    3.398369E+01    3.396625E+01    3.397614E+01    3.398769E+01    3.399123E+01    3.398641E+01    3.397441E+01    3.402430E+01    3.406279E+01    3.408894E+01    3.410214E+01
   3.443354E+01    3.437845E+01    3.426527E+01    3.409247E+01    3.389262E+01    3.392456E+01    3.395853E+01    3.396872E+01    3.395306E+01    3.391129E+01    3.385772E+01    3.391071E+01    3.395290E+01    3.397394E+01    3.397792E+01    3.396818E+01    3.401892E+01    3.405692E+01    3.408235E+01    3.409510E+01
   3.437897E+01    3.433568E+01    3.425194E+01    3.413821E+01    3.402624E+01    3.398333E+01    3.396428E+01    3.394967E+01    3.391658E+01    3.383518E+01    3.362505E+01    3.383998E+01    3.392400E+01    3.395868E+01    3.396794E+01    3.395976E+01    3.401132E+01    3.404930E+01    3.407446E+01    3.408702E+01
   3.434635E+01    3.431228E+01    3.424776E+01    3.416170E+01    3.407129E+01    3.399926E+01    3.394699E+01    3.393132E+01    3.391276E+01    3.387386E+01    3.382414E+01    3.388195E+01    3.392874E+01    3.395375E+01    3.396022E+01    3.395089E+01    3.400236E+01    3.404021E+01    3.406524E+01    3.407771E+01
   3.432683E+01    3.429859E+01    3.424463E+01    3.416938E+01    3.407844E+01    3.397639E+01    3.387454E+01    3.389804E+01    3.391319E+01    3.390861E+01    3.390005E+01    3.391884E+01    3.393982E+01    3.395227E+01    3.395316E+01    3.394139E+01    3.399214E+01    3.402973E+01    3.405469E+01    3.406715E+01
   3.431499E+01    3.429031E+01    3.424272E+01    3.417306E+01    3.407753E+01    3.393482E+01    3.365893E+01    3.385566E+01    3.391641E+01    3.393136E+01    3.393288E+01    3.393803E+01    3.394431E+01    3.394742E+01    3.394370E+01    3.393014E+01    3.398024E+01    3.401774E+01    3.404279E+01    3.405535E+01
   3.430771E+01    3.428507E+01    3.424332E+01    3.418339E+01    3.410489E+01    3.400746E+01    3.390584E+01    3.392895E+01    3.394780E+01    3.395137E+01    3.394661E+01    3.394103E+01    3.393713E+01    3.393463E+01    3.392917E+01    3.391599E+01    3.396621E+01    3.400413E+01    3.402961E+01    3.404244E+01
   3.430333E+01    3.427952E+01    3.424305E+01    3.419364E+01    3.413300E+01    3.406629E+01    3.400801E+01    3.398838E+01    3.397775E+01    3.396404E+01    3.394621E+01    3.392775E+01    3.391408E+01    3.391025E+01    3.390756E+01    3.389816E+01    3.394985E+01    3.398895E+01    3.401533E+01    3.402872E+01
   1.000000E+30    3.426766E+01    3.423715E+01    3.419710E+01    3.414957E+01    3.409946E+01    3.405439E+01    3.402227E+01    3.399508E+01    3.396591E+01    3.393210E+01    3.389564E+01    3.386710E+01    3.387036E+01    3.387795E+01    3.387675E+01    3.393146E+01    3.397248E+01    3.400025E+01    3.401474E+01
   1.000000E+30    1.000000E+30    3.422269E+01    3.419045E+01    3.415168E+01    3.411103E+01    3.407170E+01    3.403564E+01    3.399947E+01    3.395822E+01    3.390699E+01    3.384233E+01    3.377455E+01    3.381184E+01    3.384247E+01    3.385361E+01    3.391219E+01    3.395521E+01    3.398466E+01    3.400157E+01
   1.000000E+30    1.000000E+30    1.000000E+30    3.417319E+01    3.413897E+01    3.410510E+01    3.407008E+01    3.403400E+01    3.399448E+01    3.394686E+01    3.388249E+01    3.377917E+01    3.356227E+01    3.374560E+01    3.381176E+01    3.383335E+01    3.389388E+01    3.393742E+01    3.396775E+01    3.399155E+01
   1.000000E+30    1.000000E+30    1.000000E+30    1.000000E+30    3.410959E+01    3.408433E+01    3.405398E+01    3.402073E+01    3.398325E+01    3.393896E+01    3.388434E+01    3.381642E+01    3.374579E+01    3.378120E+01    3.381076E+01    3.382165E+01    3.387790E+01    3.391863E+01    3.394339E+01    1.000000E+30
   1.000000E+30    1.000000E+30    1.000000E+30    1.000000E+30    3.408929E+01    3.405280E+01    3.402527E+01    3.399667E+01    3.396448E+01    3.392768E+01    3.388625E+01    3.384296E+01    3.380870E+01    3.380793E+01    3.381345E+01    3.381205E+01    3.386262E+01    3.390141E+01    3.392958E+01    1.000000E+30
   1.000000E+30    1.000000E+30    1.000000E+30    1.000000E+30    1.000000E+30    3.399631E+01    3.398190E+01    3.396097E+01    3.393557E+01    3.390674E+01    3.387603E+01    3.384650E+01    3.382374E+01    3.381357E+01    3.380786E+01    3.379872E+01    3.384403E+01    3.388020E+01    1.000000E+30    1.000000E+30
   1.000000E+30    1.000000E+30    1.000000E+30    1.000000E+30    1.000000E+30    3.393777E+01    3.392889E+01    3.391388E+01    3.389466E+01    3.387274E+01    3.384995E+01    3.382856E+01    3.381127E+01    3.379947E+01    3.379010E+01    3.377853E+01    3.381920E+01    1.000000E+30    1.000000E+30    1.000000E+30
   1.000000E+30    1.000000E+30    1.000000E+30    1.000000E+30    1.000000E+30    3.387098E+01    3.386503E+01    3.385424E+01    3.384000E+01    3.382382E+01    3.380705E+01    3.379120E+01    3.377762E+01    3.376695E+01    3.375821E+01    3.375026E+01    1.000000E+30    1.000000E+30    1.000000E+30    1.000000E+30
