   3.556000E+01    3.554207E+01    3.550684E+01    3.545544E+01    3.538954E+01    3.531120E+01    3.522280E+01    3.512710E+01    3.502655E+01    3.492351E+01    3.481966E+01    3.471563E+01    3.461120E+01    3.450615E+01    3.440048E+01    3.429438E+01    3.428786E+01    3.428286E+01    3.427946E+01    3.427774E+01
   3.556119E+01    3.554296E+01    3.550712E+01    3.545474E+01    3.538755E+01    3.530766E+01    3.521757E+01    3.512017E+01    3.501813E+01    3.491399E+01    3.480967E+01    3.470571E+01    3.460153E+01    3.449682E+01    3.439153E+01    3.428549E+01    3.427897E+01    3.427375E+01    3.427018E+01    3.426839E+01
   3.556363E+01    3.554485E+01    3.550781E+01    3.545355E+01    3.538377E+01    3.530074E+01    3.520723E+01    3.510647E+01    3.500145E+01    3.489507E+01    3.478968E+01    3.468578E+01    3.458190E+01    3.447783E+01    3.437357E+01    3.426868E+01    3.426129E+01    3.425542E+01    3.425152E+01    3.424961E+01
   3.556761E+01    3.554809E+01    3.550943E+01    3.545238E+01    3.537861E+01    3.529067E+01    3.519177E+01    3.508577E+01    3.497634E+01    3.486656E+01    3.475952E+01    3.465538E+01    3.455161E+01    3.444853E+01    3.434611E+01    3.424386E+01    3.423445E+01    3.422752E+01    3.422329E+01    3.422136E+01
   3.557353E+01    3.555330E+01    3.551281E+01    3.545225E+01    3.537288E+01    3.527780E+01    3.517089E+01    3.505703E+01    3.494155E+01    3.482776E+01    3.471815E+01    3.461280E+01    3.450958E+01    3.440810E+01    3.430843E+01    3.421048E+01    3.419779E+01    3.418963E+01    3.418539E+01    3.418373E+01
   3.558172E+01    3.556120E+01    3.551938E+01    3.545502E+01    3.536797E+01    3.526299E+01    3.514436E+01    3.501785E+01    3.489359E+01    3.477532E+01    3.466394E+01    3.455794E+01    3.445548E+01    3.435602E+01    3.425979E+01    3.416737E+01    3.415002E+01    3.414097E+01    3.413782E+01    3.413724E+01
   3.559201E+01    3.557237E+01    3.553125E+01    3.546442E+01    3.536609E+01    3.524824E+01    3.511321E+01    3.496490E+01    3.482899E+01    3.470710E+01    3.459545E+01    3.449016E+01    3.438903E+01    3.429176E+01    3.419910E+01    3.411229E+01    3.408764E+01    3.407989E+01    3.408088E+01    3.408316E+01
   3.560296E+01    3.558646E+01    3.555121E+01    3.548923E+01    3.536901E+01    3.523763E+01    3.508347E+01    3.488904E+01    3.474055E+01    3.461986E+01    3.451192E+01    3.440946E+01    3.431020E+01    3.421488E+01    3.412515E+01    3.404149E+01    3.400229E+01    3.400378E+01    3.401603E+01    3.402451E+01
   3.561066E+01    3.559995E+01    3.557981E+01    3.555660E+01    1.000000E+30    1.000000E+30    1.000000E+30    3.475797E+01    3.461537E+01    3.451146E+01    3.441468E+01    3.431747E+01    3.421962E+01    3.412510E+01    3.403840E+01    3.395073E+01    3.387036E+01    3.391076E+01    3.394844E+01    3.396751E+01
   3.560844E+01    3.560240E+01    3.559197E+01    3.558212E+01    1.000000E+30    1.000000E+30    1.000000E+30    1.000000E+30    3.444336E+01    3.438780E+01    3.431003E+01    3.421864E+01    3.411855E+01    3.402061E+01    3.394617E+01    3.384799E+01    3.361096E+01    3.381437E+01    3.389291E+01    3.392274E+01
   3.559085E+01    3.558761E+01    3.558225E+01    3.557751E+01    1.000000E+30    1.000000E+30    1.000000E+30    1.000000E+30    3.431657E+01    3.427801E+01    3.421159E+01    3.412154E+01    3.400863E+01    3.388590E+01    3.387071E+01    3.384511E+01    3.378476E+01    3.383606E+01    3.387938E+01    3.390086E+01
   3.555481E+01    3.555283E+01    3.554971E+01    3.554735E+01    1.000000E+30    1.000000E+30    1.000000E+30    1.000000E+30    3.421860E+01    3.418798E+01    3.412963E+01    3.404075E+01    3.390196E+01    3.363662E+01    3.379869E+01    3.384271E+01    3.383889E+01    3.385886E+01    3.388077E+01    3.389343E+01
   3.549959E+01    3.549820E+01    3.549619E+01    3.549478E+01    1.000000E+30    1.000000E+30    1.000000E+30    1.000000E+30    3.414188E+01    3.411770E+01    3.407120E+01    3.400313E+01    3.391399E+01    3.381847E+01    3.383734E+01    3.385808E+01    3.386236E+01    3.387286E+01    3.388443E+01    3.389156E+01
   3.542555E+01    3.542445E+01    3.542296E+01    3.542193E+01    1.000000E+30    1.000000E+30    1.000000E+30    1.000000E+30    3.408009E+01    3.406172E+01    3.402708E+01    3.397937E+01    3.392447E+01    3.387687E+01    3.386679E+01    3.387013E+01    3.387290E+01    3.387895E+01    3.388556E+01    3.388973E+01
   3.533322E+01    3.533224E+01    3.533093E+01    3.533001E+01    1.000000E+30    1.000000E+30    1.000000E+30    1.000000E+30    3.402737E+01    3.401374E+01    3.398855E+01    3.395536E+01    3.391962E+01    3.388981E+01    3.387565E+01    3.387191E+01    3.387349E+01    3.387764E+01    3.388215E+01    3.388499E+01
   3.522313E+01    3.522208E+01    3.522067E+01    3.521967E+01    1.000000E+30    1.000000E+30    1.000000E+30    1.000000E+30    3.397889E+01    3.396873E+01    3.395016E+01    3.392610E+01    3.390068E+01    3.387941E+01    3.386701E+01    3.386276E+01    3.386483E+01    3.386910E+01    3.387339E+01    3.387600E+01
   3.509572E+01    3.509433E+01    3.509245E+01    3.509111E+01    1.000000E+30    1.000000E+30    1.000000E+30    1.000000E+30    3.393099E+01    3.392314E+01    3.390868E+01    3.388972E+01    3.386952E+01    3.385251E+01    3.384314E+01    3.384295E+01    3.384728E+01    3.385360E+01    3.385927E+01    3.386254E+01
   3.495162E+01    3.494944E+01    3.494634E+01    3.494409E+01    1.000000E+30    1.000000E+30    1.000000E+30    1.000000E+30    3.388123E+01    3.387491E+01    3.386277E+01    3.384600E+01    3.382702E+01    3.381034E+01    3.380305E+01    3.381184E+01    3.382112E+01    3.383188E+01    3.384056E+01    3.384528E+01
   3.479171E+01    3.478780E+01    3.478203E+01    3.477770E+01    1.000000E+30    1.000000E+30    1.000000E+30    1.000000E+30    3.382793E+01    3.382304E+01    3.381247E+01    3.379586E+01    3.377406E+01    3.375114E+01    3.373987E+01    3.376712E+01    3.378699E+01    3.380560E+01    3.381892E+01    3.382574E+01
   3.461772E+01    3.461028E+01    3.459882E+01    3.458965E+01    1.000000E+30    1.000000E+30    1.000000E+30    1.000000E+30    3.376950E+01    3.376725E+01    3.375908E+01    3.374227E+01    3.371410E+01    3.367275E+01    3.363116E+01    3.370564E+01    3.374772E+01    3.377799E+01    3.379696E+01    3.380608E+01
   3.443325E+01    3.441914E+01    3.439587E+01    3.437493E+01    1.000000E+30    1.000000E+30    1.000000E+30    1.000000E+30    3.370307E+01    3.370757E+01    3.370509E+01    3.369141E+01    3.365920E+01    3.358688E+01    3.339861E+01    3.363571E+01    3.371385E+01    3.375508E+01    3.377805E+01    3.378862E+01
   3.424514E+01    3.421949E+01    3.417288E+01    3.412136E+01    1.000000E+30    1.000000E+30    3.353488E+01    3.356448E+01    3.362146E+01    3.364470E+01    3.365285E+01    3.365037E+01    3.363615E+01    3.360809E+01    3.357869E+01    3.366387E+01    3.371036E+01    3.374377E+01    3.376473E+01    3.377482E+01
   3.406442E+01    3.402291E+01    3.393712E+01    3.379744E+01    3.356255E+01    1.000000E+30    3.349190E+01    3.352353E+01    3.356124E+01    3.358603E+01    3.360145E+01    3.361215E+01    3.361855E+01    3.362271E+01    3.363593E+01    3.368456E+01    3.371330E+01    3.373819E+01    3.375546E+01    3.376419E+01
   3.390723E+01    3.385300E+01    3.373785E+01    3.355093E+01    3.331100E+01    3.330579E+01    3.340356E+01    3.346293E+01    3.350143E+01    3.352538E+01    3.354447E+01    3.356887E+01    3.359464E+01    3.362036E+01    3.365033E+01    3.369086E+01    3.371343E+01    3.373346E+01    3.374790E+01    3.375538E+01
   3.378657E+01    3.372677E+01    3.359331E+01    3.334002E+01    3.280627E+01    3.318493E+01    3.333744E+01    3.340881E+01    3.344318E+01    3.345783E+01    3.347126E+01    3.351420E+01    3.356187E+01    3.360576E+01    3.364682E+01    3.368767E+01    3.370943E+01    3.372757E+01    3.374046E+01    3.374715E+01
   3.370835E+01    3.365727E+01    3.355218E+01    3.339179E+01    3.320977E+01    3.327055E+01    3.333589E+01    3.337691E+01    3.339146E+01    3.337969E+01    3.335693E+01    3.344427E+01    3.352363E+01    3.358576E+01    3.363614E+01    3.367959E+01    3.370239E+01    3.372018E+01    3.373245E+01    3.373874E+01
   3.366409E+01    3.362502E+01    3.354974E+01    3.344887E+01    3.335471E+01    3.333547E+01    3.334336E+01    3.335720E+01    3.335318E+01    3.330077E+01    3.311891E+01    3.337098E+01    3.349297E+01    3.356909E+01    3.362491E+01    3.366994E+01    3.369372E+01    3.371160E+01    3.372367E+01    3.372980E+01
   3.364202E+01    3.361230E+01    3.355637E+01    3.348303E+01    3.340948E+01    3.335835E+01    3.333020E+01    3.334142E+01    3.335112E+01    3.334127E+01    3.332200E+01    3.341408E+01    3.349806E+01    3.356417E+01    3.361693E+01    3.366052E+01    3.368433E+01    3.370216E+01    3.371415E+01    3.372021E+01
   3.363299E+01    3.360932E+01    3.356412E+01    3.350145E+01    3.342651E+01    3.334345E+01    3.326328E+01    3.331315E+01    3.335602E+01    3.338018E+01    3.340202E+01    3.345390E+01    3.351117E+01    3.356404E+01    3.361062E+01    3.365115E+01    3.367434E+01    3.369198E+01    3.370392E+01    3.370997E+01
   3.363122E+01    3.361164E+01    3.357336E+01    3.351649E+01    3.343656E+01    3.331127E+01    3.305238E+01    3.327804E+01    3.336624E+01    3.340927E+01    3.344044E+01    3.347765E+01    3.351921E+01    3.356182E+01    3.360292E+01    3.364077E+01    3.366340E+01    3.368099E+01    3.369302E+01    3.369915E+01
   3.363289E+01    3.361674E+01    3.358557E+01    3.353932E+01    3.347694E+01    3.339759E+01    3.331596E+01    3.336324E+01    3.340759E+01    3.343792E+01    3.346164E+01    3.348692E+01    3.351712E+01    3.355296E+01    3.359120E+01    3.362829E+01    3.365113E+01    3.366913E+01    3.368154E+01    3.368790E+01
   3.363488E+01    3.362130E+01    3.359762E+01    3.356340E+01    3.351990E+01    3.347191E+01    3.343396E+01    3.343674E+01    3.344997E+01    3.346156E+01    3.347079E+01    3.348176E+01    3.350075E+01    3.353390E+01    3.357356E+01    3.361303E+01    3.363740E+01    3.365653E+01    3.366972E+01    3.367653E+01
   1.000000E+30    3.362079E+01    3.360543E+01    3.358247E+01    3.355350E+01    3.352272E+01    3.349781E+01    3.348696E+01    3.348221E+01    3.347684E+01    3.346849E+01    3.345976E+01    3.346213E+01    3.350084E+01    3.354924E+01    3.359527E+01    3.362269E+01    3.364363E+01    3.365798E+01    3.366557E+01
   1.000000E+30    1.000000E+30    3.360655E+01    3.359377E+01    3.357568E+01    3.355495E+01    3.353540E+01    3.351954E+01    3.350439E+01    3.348532E+01    3.345777E+01    3.341875E+01    3.337962E+01    3.345092E+01    3.352063E+01    3.357707E+01    3.360838E+01    3.363118E+01    3.364678E+01    3.365588E+01
   1.000000E+30    1.000000E+30    1.000000E+30    3.359719E+01    3.358789E+01    3.357399E+01    3.355794E+01    3.354076E+01    3.352067E+01    3.349346E+01    3.345076E+01    3.337069E+01    3.317874E+01    3.339555E+01    3.349882E+01    3.356335E+01    3.359663E+01    3.361987E+01    3.363598E+01    3.364902E+01
   1.000000E+30    1.000000E+30    1.000000E+30    1.000000E+30    3.359278E+01    3.358392E+01    3.357094E+01    3.355485E+01    3.353489E+01    3.350897E+01    3.347403E+01    3.342763E+01    3.338126E+01    3.344589E+01    3.350937E+01    3.356011E+01    3.358911E+01    3.360976E+01    3.362224E+01    1.000000E+30
   1.000000E+30    1.000000E+30    1.000000E+30    1.000000E+30    3.359540E+01    3.358743E+01    3.357707E+01    3.356346E+01    3.354641E+01    3.352569E+01    3.350174E+01    3.347782E+01    3.346560E+01    3.349068E+01    3.352658E+01    3.356125E+01    3.358426E+01    3.360203E+01    3.361506E+01    1.000000E+30
   1.000000E+30    1.000000E+30    1.000000E+30    1.000000E+30    1.000000E+30    3.358355E+01    3.357720E+01    3.356684E+01    3.355352E+01    3.353818E+01    3.352246E+01    3.350977E+01    3.350625E+01    3.351851E+01    3.353923E+01    3.356161E+01    3.357910E+01    3.359336E+01    1.000000E+30    1.000000E+30
   1.000000E+30    1.000000E+30    1.000000E+30    1.000000E+30    1.000000E+30    3.357711E+01    3.357277E+01    3.356509E+01    3.355508E+01    3.354396E+01    3.353349E+01    3.352617E+01    3.352505E+01    3.353209E+01    3.354471E+01    3.355900E+01    3.357171E+01    1.000000E+30    1.000000E+30    1.000000E+30
   1.000000E+30    1.000000E+30    1.000000E+30    1.000000E+30    1.000000E+30    3.356694E+01    3.356380E+01    3.355808E+01    3.355059E+01    3.354244E+01    3.353510E+01    3.353035E+01    3.352993E+01    3.353465E+01    3.354326E+01    3.355356E+01    1.000000E+30    1.000000E+30    1.000000E+30    1.000000E+30
