   3.553766E+01    3.552091E+01    3.548799E+01    3.543995E+01    3.537844E+01    3.530533E+01    3.522282E+01    3.513341E+01    3.503931E+01    3.494264E+01    3.484483E+01    3.474627E+01    3.464643E+01    3.454466E+01    3.444034E+01    3.433282E+01    3.433586E+01    3.433742E+01    3.433808E+01    3.433830E+01
   3.553849E+01    3.552146E+01    3.548796E+01    3.543901E+01    3.537629E+01    3.530173E+01    3.521763E+01    3.512661E+01    3.503109E+01    3.493335E+01    3.483507E+01    3.473654E+01    3.463691E+01    3.453544E+01    3.443148E+01    3.432399E+01    3.432703E+01    3.432838E+01    3.432885E+01    3.432899E+01
   3.554021E+01    3.552266E+01    3.548807E+01    3.543737E+01    3.537224E+01    3.529475E+01    3.520742E+01    3.511322E+01    3.501485E+01    3.491495E+01    3.481559E+01    3.471705E+01    3.461765E+01    3.451674E+01    3.441372E+01    3.430729E+01    3.430947E+01    3.431014E+01    3.431027E+01    3.431028E+01
   3.554304E+01    3.552484E+01    3.548875E+01    3.543550E+01    3.536668E+01    3.528460E+01    3.519219E+01    3.509301E+01    3.499043E+01    3.488725E+01    3.478623E+01    3.468736E+01    3.458797E+01    3.448792E+01    3.438660E+01    3.428268E+01    3.428280E+01    3.428239E+01    3.428215E+01    3.428211E+01
   3.554733E+01    3.552849E+01    3.549077E+01    3.543432E+01    3.536035E+01    3.527162E+01    3.517169E+01    3.506504E+01    3.495664E+01    3.484955E+01    3.474598E+01    3.464583E+01    3.454681E+01    3.444817E+01    3.434941E+01    3.424963E+01    3.424635E+01    3.424463E+01    3.424436E+01    3.424459E+01
   3.555330E+01    3.553423E+01    3.549536E+01    3.543552E+01    3.535458E+01    3.525671E+01    3.514574E+01    3.502706E+01    3.491021E+01    3.479869E+01    3.469326E+01    3.459230E+01    3.449383E+01    3.439695E+01    3.430139E+01    3.420695E+01    3.419885E+01    3.419614E+01    3.419691E+01    3.419821E+01
   3.556071E+01    3.554251E+01    3.550441E+01    3.544252E+01    3.535155E+01    3.524183E+01    3.511544E+01    3.497600E+01    3.484787E+01    3.473266E+01    3.462671E+01    3.452616E+01    3.442870E+01    3.433371E+01    3.424141E+01    3.415235E+01    3.413678E+01    3.413527E+01    3.414012E+01    3.414425E+01
   3.556811E+01    3.555286E+01    3.552031E+01    3.546323E+01    3.535316E+01    3.523115E+01    3.508672E+01    3.490335E+01    3.476285E+01    3.464841E+01    3.454562E+01    3.444741E+01    3.435138E+01    3.425794E+01    3.416825E+01    3.408207E+01    3.405180E+01    3.405941E+01    3.407545E+01    3.408574E+01
   3.557176E+01    3.556188E+01    3.554329E+01    3.552187E+01    1.000000E+30    1.000000E+30    1.000000E+30    3.477877E+01    3.464287E+01    3.454386E+01    3.445126E+01    3.435759E+01    3.426243E+01    3.416935E+01    3.408233E+01    3.399186E+01    3.392031E+01    3.396668E+01    3.400805E+01    3.402890E+01
   3.556542E+01    3.555984E+01    3.555021E+01    3.554108E+01    1.000000E+30    1.000000E+30    1.000000E+30    1.000000E+30    3.447780E+01    3.442457E+01    3.434965E+01    3.426098E+01    3.416299E+01    3.406605E+01    3.399090E+01    3.388965E+01    3.366156E+01    3.387059E+01    3.395271E+01    3.398427E+01
   3.554401E+01    3.554101E+01    3.553604E+01    3.553162E+01    1.000000E+30    1.000000E+30    1.000000E+30    1.000000E+30    3.435559E+01    3.431836E+01    3.425390E+01    3.416590E+01    3.405459E+01    3.393248E+01    3.391617E+01    3.388714E+01    3.383534E+01    3.389240E+01    3.393928E+01    3.396249E+01
   3.550470E+01    3.550283E+01    3.549988E+01    3.549769E+01    1.000000E+30    1.000000E+30    1.000000E+30    1.000000E+30    3.426076E+01    3.423102E+01    3.417409E+01    3.408676E+01    3.394920E+01    3.368436E+01    3.384478E+01    3.388506E+01    3.388959E+01    3.391529E+01    3.394075E+01    3.395512E+01
   3.544692E+01    3.544557E+01    3.544366E+01    3.544232E+01    1.000000E+30    1.000000E+30    1.000000E+30    1.000000E+30    3.418614E+01    3.416262E+01    3.411721E+01    3.405034E+01    3.396206E+01    3.386655E+01    3.388377E+01    3.390065E+01    3.391317E+01    3.392935E+01    3.394445E+01    3.395328E+01
   3.537105E+01    3.536998E+01    3.536855E+01    3.536756E+01    1.000000E+30    1.000000E+30    1.000000E+30    1.000000E+30    3.412563E+01    3.410780E+01    3.407407E+01    3.402734E+01    3.397306E+01    3.392525E+01    3.391343E+01    3.391282E+01    3.392376E+01    3.393545E+01    3.394557E+01    3.395143E+01
   3.527764E+01    3.527669E+01    3.527542E+01    3.527453E+01    1.000000E+30    1.000000E+30    1.000000E+30    1.000000E+30    3.407351E+01    3.406036E+01    3.403597E+01    3.400366E+01    3.396844E+01    3.393831E+01    3.392237E+01    3.391463E+01    3.392433E+01    3.393409E+01    3.394209E+01    3.394662E+01
   3.516721E+01    3.516618E+01    3.516481E+01    3.516385E+01    1.000000E+30    1.000000E+30    1.000000E+30    1.000000E+30    3.402498E+01    3.401530E+01    3.399752E+01    3.397433E+01    3.394941E+01    3.392781E+01    3.391363E+01    3.390539E+01    3.391557E+01    3.392544E+01    3.393322E+01    3.393751E+01
   3.504017E+01    3.503883E+01    3.503700E+01    3.503570E+01    1.000000E+30    1.000000E+30    1.000000E+30    1.000000E+30    3.397643E+01    3.396910E+01    3.395550E+01    3.393748E+01    3.391787E+01    3.390060E+01    3.388952E+01    3.388540E+01    3.389784E+01    3.390977E+01    3.391893E+01    3.392387E+01
   3.489719E+01    3.489507E+01    3.489205E+01    3.488986E+01    1.000000E+30    1.000000E+30    1.000000E+30    1.000000E+30    3.392538E+01    3.391968E+01    3.390857E+01    3.389290E+01    3.387468E+01    3.385790E+01    3.384904E+01    3.385404E+01    3.387144E+01    3.388782E+01    3.389999E+01    3.390639E+01
   3.473914E+01    3.473532E+01    3.472970E+01    3.472548E+01    1.000000E+30    1.000000E+30    1.000000E+30    1.000000E+30    3.387008E+01    3.386600E+01    3.385674E+01    3.384153E+01    3.382077E+01    3.379800E+01    3.378537E+01    3.380901E+01    3.383702E+01    3.386125E+01    3.387808E+01    3.388659E+01
   3.456774E+01    3.456048E+01    3.454931E+01    3.454038E+01    1.000000E+30    1.000000E+30    1.000000E+30    1.000000E+30    3.380877E+01    3.380773E+01    3.380135E+01    3.378639E+01    3.375963E+01    3.371877E+01    3.367613E+01    3.374719E+01    3.379743E+01    3.383335E+01    3.385584E+01    3.386666E+01
   3.438658E+01    3.437281E+01    3.435012E+01    3.432970E+01    1.000000E+30    1.000000E+30    1.000000E+30    1.000000E+30    3.373821E+01    3.374484E+01    3.374496E+01    3.373373E+01    3.370342E+01    3.363200E+01    3.344318E+01    3.367690E+01    3.376323E+01    3.381013E+01    3.383665E+01    3.384893E+01
   3.420238E+01    3.417735E+01    3.413188E+01    3.408164E+01    1.000000E+30    1.000000E+30    3.355297E+01    3.358647E+01    3.365037E+01    3.367819E+01    3.369012E+01    3.369082E+01    3.367900E+01    3.365216E+01    3.362232E+01    3.370461E+01    3.375939E+01    3.379853E+01    3.382308E+01    3.383489E+01
   3.402599E+01    3.398547E+01    3.390175E+01    3.376558E+01    3.353708E+01    1.000000E+30    3.350659E+01    3.354275E+01    3.358639E+01    3.361648E+01    3.363646E+01    3.365092E+01    3.366016E+01    3.366588E+01    3.367889E+01    3.372491E+01    3.376203E+01    3.379271E+01    3.381360E+01    3.382407E+01
   3.387323E+01    3.382026E+01    3.370779E+01    3.352542E+01    3.329307E+01    3.330056E+01    3.341088E+01    3.347831E+01    3.352362E+01    3.355349E+01    3.357769E+01    3.360632E+01    3.363527E+01    3.366282E+01    3.369279E+01    3.373093E+01    3.376195E+01    3.378782E+01    3.380590E+01    3.381514E+01
   3.375685E+01    3.369844E+01    3.356785E+01    3.331915E+01    3.279213E+01    3.318031E+01    3.334245E+01    3.342199E+01    3.346350E+01    3.348443E+01    3.350332E+01    3.355078E+01    3.360187E+01    3.364777E+01    3.368899E+01    3.372758E+01    3.375785E+01    3.378185E+01    3.379843E+01    3.380688E+01
   3.368270E+01    3.363303E+01    3.353079E+01    3.337480E+01    3.319887E+01    3.326727E+01    3.334068E+01    3.338937E+01    3.341099E+01    3.340563E+01    3.338853E+01    3.348050E+01    3.356338E+01    3.362761E+01    3.367823E+01    3.371949E+01    3.375083E+01    3.377451E+01    3.379047E+01    3.379854E+01
   3.364228E+01    3.360460E+01    3.353208E+01    3.343532E+01    3.334665E+01    3.333402E+01    3.334904E+01    3.337003E+01    3.337289E+01    3.332684E+01    3.315080E+01    3.340736E+01    3.353286E+01    3.361108E+01    3.366714E+01    3.370997E+01    3.374230E+01    3.376608E+01    3.378186E+01    3.378977E+01
   3.362383E+01    3.359549E+01    3.354223E+01    3.347279E+01    3.340431E+01    3.335915E+01    3.333755E+01    3.335550E+01    3.337177E+01    3.336807E+01    3.335434E+01    3.345098E+01    3.353842E+01    3.360656E+01    3.365950E+01    3.370082E+01    3.373317E+01    3.375692E+01    3.377261E+01    3.378045E+01
   3.361822E+01    3.359595E+01    3.355341E+01    3.349453E+01    3.342441E+01    3.334696E+01    3.327296E+01    3.332916E+01    3.337826E+01    3.340830E+01    3.343542E+01    3.349173E+01    3.355234E+01    3.360710E+01    3.365372E+01    3.369186E+01    3.372357E+01    3.374710E+01    3.376273E+01    3.377057E+01
   3.361961E+01    3.360156E+01    3.356606E+01    3.351301E+01    3.343778E+01    3.331789E+01    3.306494E+01    3.329652E+01    3.339061E+01    3.343920E+01    3.347537E+01    3.351679E+01    3.356147E+01    3.360578E+01    3.364672E+01    3.368200E+01    3.371310E+01    3.373655E+01    3.375226E+01    3.376017E+01
   3.362401E+01    3.360977E+01    3.358170E+01    3.353944E+01    3.348177E+01    3.340767E+01    3.333164E+01    3.338459E+01    3.343450E+01    3.347006E+01    3.349848E+01    3.352767E+01    3.356072E+01    3.359800E+01    3.363583E+01    3.367011E+01    3.370135E+01    3.372517E+01    3.374124E+01    3.374937E+01
   3.362791E+01    3.361731E+01    3.359730E+01    3.356737E+01    3.352865E+01    3.348579E+01    3.345318E+01    3.346130E+01    3.347975E+01    3.349621E+01    3.350979E+01    3.352434E+01    3.354586E+01    3.358013E+01    3.361908E+01    3.365547E+01    3.368816E+01    3.371306E+01    3.372987E+01    3.373843E+01
   1.000000E+30    3.362009E+01    3.360895E+01    3.359060E+01    3.356652E+01    3.354073E+01    3.352086E+01    3.351500E+01    3.351508E+01    3.351419E+01    3.350981E+01    3.350428E+01    3.350883E+01    3.354831E+01    3.359567E+01    3.363831E+01    3.367395E+01    3.370057E+01    3.371849E+01    3.372782E+01
   1.000000E+30    1.000000E+30    3.361428E+01    3.360644E+01    3.359337E+01    3.357740E+01    3.356251E+01    3.355120E+01    3.354042E+01    3.352540E+01    3.350138E+01    3.346518E+01    3.342790E+01    3.349957E+01    3.356788E+01    3.362061E+01    3.365999E+01    3.368835E+01    3.370747E+01    3.371833E+01
   1.000000E+30    1.000000E+30    1.000000E+30    3.361480E+01    3.361082E+01    3.360116E+01    3.358916E+01    3.357597E+01    3.355973E+01    3.353607E+01    3.349645E+01    3.341883E+01    3.322855E+01    3.344517E+01    3.354667E+01    3.360718E+01    3.364834E+01    3.367698E+01    3.369647E+01    3.371150E+01
   1.000000E+30    1.000000E+30    1.000000E+30    1.000000E+30    3.362204E+01    3.361582E+01    3.360601E+01    3.359324E+01    3.357653E+01    3.355363E+01    3.352129E+01    3.347686E+01    3.343159E+01    3.349591E+01    3.355740E+01    3.360388E+01    3.364054E+01    3.366633E+01    3.368168E+01    1.000000E+30
   1.000000E+30    1.000000E+30    1.000000E+30    1.000000E+30    3.362809E+01    3.362300E+01    3.361519E+01    3.360422E+01    3.358983E+01    3.357159E+01    3.354975E+01    3.352738E+01    3.351587E+01    3.354043E+01    3.357417E+01    3.360446E+01    3.363489E+01    3.365771E+01    3.367389E+01    1.000000E+30
   1.000000E+30    1.000000E+30    1.000000E+30    1.000000E+30    1.000000E+30    3.362217E+01    3.361714E+01    3.360864E+01    3.359739E+01    3.358402E+01    3.357000E+01    3.355850E+01    3.355541E+01    3.356699E+01    3.358547E+01    3.360348E+01    3.362807E+01    3.364723E+01    1.000000E+30    1.000000E+30
   1.000000E+30    1.000000E+30    1.000000E+30    1.000000E+30    1.000000E+30    3.361572E+01    3.361219E+01    3.360585E+01    3.359745E+01    3.358791E+01    3.357878E+01    3.357238E+01    3.357152E+01    3.357781E+01    3.358827E+01    3.359842E+01    3.361780E+01    1.000000E+30    1.000000E+30    1.000000E+30
   1.000000E+30    1.000000E+30    1.000000E+30    1.000000E+30    1.000000E+30    3.360214E+01    3.359960E+01    3.359491E+01    3.358870E+01    3.358188E+01    3.357571E+01    3.357174E+01    3.357149E+01    3.357549E+01    3.358215E+01    3.358892E+01    1.000000E+30    1.000000E+30    1.000000E+30    1.000000E+30
