1.181803831843997350E-02 2.238806272467270056E-02 1.311869406118770787E-02 1.000000000000000021E-02 1.172542680841073132E-02 1.119962333019601693E-02 1.000000000000000021E-02 1.000000000000000021E-02 1.000000000000000021E-02 1.206488685524851473E-02 1.000000000000000021E-02 1.217785489772129671E-02 1.000000000000000021E-02 1.153453598257347772E-02 1.000000000000000021E-02 1.447934876730050044E-02 1.000000000000000021E-02 1.000000000000000021E-02 1.110537796442062457E-02 1.000000000000000021E-02
2.185096623577535702E-02 1.810310137821927873E-02 1.767942870161923197E-02 1.834237329335872482E-02 1.674502394555580156E-02 1.368386264949038658E-02 1.018252380015570793E-02 1.000000000000000021E-02 1.000000000000000021E-02 1.000000000000000021E-02 1.000000000000000021E-02 1.326324220301734573E-02 1.043291235785678492E-02 1.120660710239841824E-02 1.000000000000000021E-02 1.000000000000000021E-02 1.000000000000000021E-02 1.000000000000000021E-02 1.000000000000000021E-02 1.000000000000000021E-02
1.947333274319657664E-02 2.985673144469626686E-02 1.794694035934566931E-02 2.639970854047821516E-02 1.765323719950908504E-02 1.198837001405254551E-02 1.000000000000000021E-02 1.000000000000000021E-02 1.000000000000000021E-02 1.000000000000000021E-02 1.000000000000000021E-02 1.000000000000000021E-02 1.000000000000000021E-02 1.000000000000000021E-02 1.000000000000000021E-02 1.000000000000000021E-02 1.000000000000000021E-02 1.000000000000000021E-02 1.000000000000000021E-02 1.000000000000000021E-02
2.016300240641985542E-02 2.743917749915719337E-02 2.162257338374380666E-02 1.492700252231177020E-02 1.460288495334973076E-02 1.000000000000000021E-02 1.000000000000000021E-02 1.000000000000000021E-02 1.000000000000000021E-02 1.000000000000000021E-02 1.000000000000000021E-02 1.000000000000000021E-02 1.000000000000000021E-02 1.000000000000000021E-02 1.000000000000000021E-02 1.000000000000000021E-02 1.048610338099297684E-02 1.000000000000000021E-02 1.000000000000000021E-02 1.000000000000000021E-02
1.549185910776941337E-02 2.092212666297022308E-02 2.827292897809341107E-02 1.446224939973538536E-02 1.358100715989606078E-02 1.000000000000000021E-02 1.000000000000000021E-02 1.000000000000000021E-02 1.000000000000000021E-02 1.015846943060114659E-02 1.000000000000000021E-02 1.410158034016809926E-02 1.000000000000000021E-02 1.000000000000000021E-02 1.000000000000000021E-02 1.000000000000000021E-02 1.000000000000000021E-02 1.000000000000000021E-02 1.000000000000000021E-02 1.000000000000000021E-02
1.421422879754717476E-02 1.380584168882166736E-02 1.468477788564780985E-02 1.596851964403982541E-02 1.000000000000000021E-02 1.000000000000000021E-02 1.000000000000000021E-02 1.000000000000000021E-02 1.000000000000000021E-02 1.261857606429508949E-02 1.157419801166759306E-02 1.000000000000000021E-02 1.000000000000000021E-02 1.000000000000000021E-02 1.000000000000000021E-02 1.000000000000000021E-02 1.000000000000000021E-02 1.000000000000000021E-02 1.000000000000000021E-02 1.000000000000000021E-02
1.000000000000000021E-02 1.000000000000000021E-02 1.000000000000000021E-02 1.048150039052123637E-02 1.000000000000000021E-02 1.000000000000000021E-02 1.000000000000000021E-02 1.000000000000000021E-02 1.000000000000000021E-02 1.000000000000000021E-02 1.164127033537937402E-02 1.000000000000000021E-02 1.014800316584886161E-02 1.000000000000000021E-02 1.000000000000000021E-02 1.000000000000000021E-02 1.000000000000000021E-02 1.000000000000000021E-02 1.000000000000000021E-02 1.000000000000000021E-02
1.076442338553289767E-02 1.368242069485560777E-02 1.040463429105891770E-02 1.059404143948153819E-02 1.000000000000000021E-02 1.000000000000000021E-02 1.000000000000000021E-02 1.000000000000000021E-02 1.000000000000000021E-02 1.000000000000000021E-02 1.325411304205070979E-02 1.080272074158130681E-02 1.000000000000000021E-02 1.219749426056649169E-02 1.129060897814366908E-02 1.222831584915503277E-02 1.000000000000000021E-02 1.000000000000000021E-02 1.000000000000000021E-02 1.395964739673123158E-02
1.956792473475055597E-02 1.714725659918471881E-02 1.496456388582597871E-02 1.000000000000000021E-02 1.000000000000000021E-02 1.000000000000000021E-02 1.000000000000000021E-02 1.000000000000000021E-02 1.000000000000000021E-02 1.000000000000000021E-02 1.000000000000000021E-02 1.000000000000000021E-02 1.000000000000000021E-02 1.000000000000000021E-02 1.000000000000000021E-02 1.000000000000000021E-02 1.000000000000000021E-02 1.000000000000000021E-02 1.000000000000000021E-02 1.519307245906258499E-02
1.634902083162256131E-02 2.368818861202249410E-02 1.654978431781693043E-02 1.055484316024685697E-02 1.000000000000000021E-02 1.000000000000000021E-02 1.000000000000000021E-02 1.000000000000000021E-02 1.000000000000000021E-02 1.000000000000000021E-02 1.000000000000000021E-02 1.000000000000000021E-02 1.048136864713044430E-02 1.097293003612863707E-02 1.000000000000000021E-02 1.040865131601625797E-02 1.000000000000000021E-02 1.000000000000000021E-02 1.000000000000000021E-02 1.396059407988671508E-02
1.842285262046915520E-02 1.624357443235273368E-02 1.452884639585594502E-02 1.000000000000000021E-02 1.000000000000000021E-02 1.000000000000000021E-02 1.000000000000000021E-02 1.000000000000000021E-02 1.000000000000000021E-02 1.000000000000000021E-02 1.019814035851369580E-02 1.000000000000000021E-02 1.000000000000000021E-02 1.000000000000000021E-02 1.000000000000000021E-02 1.119561484884641113E-02 1.002635650750815025E-02 1.000000000000000021E-02 1.060321207568475955E-02 1.718359211922446464E-02
1.245679982112371173E-02 2.216972788524181406E-02 1.335373568355793447E-02 1.275025406878852775E-02 1.000000000000000021E-02 1.000000000000000021E-02 1.000000000000000021E-02 1.000000000000000021E-02 1.000000000000000021E-02 1.000000000000000021E-02 1.000000000000000021E-02 1.000000000000000021E-02 1.000000000000000021E-02 1.000000000000000021E-02 1.000000000000000021E-02 1.489572438477256358E-02 1.326916367901745039E-02 1.060613271106526992E-02 1.463176797772989743E-02 1.602068856177641873E-02
1.501662230971206706E-02 1.681639874351455177E-02 1.705533047074756642E-02 1.366139617801427099E-02 1.000000000000000021E-02 1.000000000000000021E-02 1.000000000000000021E-02 1.000000000000000021E-02 1.000000000000000021E-02 1.000000000000000021E-02 1.000000000000000021E-02 1.000000000000000021E-02 1.000000000000000021E-02 1.000000000000000021E-02 1.130372102546702527E-02 1.173587403287189301E-02 1.000000000000000021E-02 1.324835611745297549E-02 1.037759829531029881E-02 1.053543285904704266E-02
1.190049028824077121E-02 1.476458941245341674E-02 1.208177666867655750E-02 1.384319772551955569E-02 1.000000000000000021E-02 1.000000000000000021E-02 1.000000000000000021E-02 1.000000000000000021E-02 1.172074451470456191E-02 1.000000000000000021E-02 1.000000000000000021E-02 1.000000000000000021E-02 1.000000000000000021E-02 1.000000000000000021E-02 1.000000000000000021E-02 1.249336070855278438E-02 1.000000000000000021E-02 1.104260136520320186E-02 1.242056945970900113E-02 1.013044259720789764E-02
1.746960412502953849E-02 1.960606639252024733E-02 1.388849142215322664E-02 1.576396311198792130E-02 1.000000000000000021E-02 1.000000000000000021E-02 1.000000000000000021E-02 1.000000000000000021E-02 1.290759357153891708E-02 1.000000000000000021E-02 1.000000000000000021E-02 1.000000000000000021E-02 1.000000000000000021E-02 1.000000000000000021E-02 1.000000000000000021E-02 1.000000000000000021E-02 1.149601633889164171E-02 1.642602476880148168E-02 1.904592057088688034E-02 1.508705053472201088E-02
1.648713489986507533E-02 2.757361750943979756E-02 2.035358707566948047E-02 2.110636072470837774E-02 1.000000000000000021E-02 1.000000000000000021E-02 1.000000000000000021E-02 1.000000000000000021E-02 1.570283925235150743E-02 1.000000000000000021E-02 1.000000000000000021E-02 1.000000000000000021E-02 1.000000000000000021E-02 1.000000000000000021E-02 1.000000000000000021E-02 1.000000000000000021E-02 1.517838691891261298E-02 1.266096789974847404E-02 1.297138368043142947E-02 1.000000000000000021E-02
3.035581729311700658E-02 2.733231680396954605E-02 2.184827462083628255E-02 1.502503400567128770E-02 1.000000000000000021E-02 1.000000000000000021E-02 1.000000000000000021E-02 1.000000000000000021E-02 1.000000000000000021E-02 1.000000000000000021E-02 1.000000000000000021E-02 1.000000000000000021E-02 1.043197848633963150E-02 1.000000000000000021E-02 1.000000000000000021E-02 1.000000000000000021E-02 1.008764539886378500E-02 1.906354320013950443E-02 1.000000000000000021E-02 1.000000000000000021E-02
2.623813185767755879E-02 1.271918887729265972E-02 1.092894167099120288E-02 1.000000000000000021E-02 1.000000000000000021E-02 1.000000000000000021E-02 1.000000000000000021E-02 1.000000000000000021E-02 1.000000000000000021E-02 1.000000000000000021E-02 1.000000000000000021E-02 1.779954306528317570E-02 1.135647700667601415E-02 1.000000000000000021E-02 1.222363347116601530E-02 1.000000000000000021E-02 1.000000000000000021E-02 1.000000000000000021E-02 1.000000000000000021E-02 1.000000000000000021E-02
1.618711866868671051E-02 1.188654500761503890E-02 1.000000000000000021E-02 1.000000000000000021E-02 1.000000000000000021E-02 1.000000000000000021E-02 1.000000000000000021E-02 1.000000000000000021E-02 1.000000000000000021E-02 1.000000000000000021E-02 1.793300418597449514E-02 2.382467463323103760E-02 3.069464578202132227E-02 2.128977241671883153E-02 1.629690843529620764E-02 1.000000000000000021E-02 1.000000000000000021E-02 1.000000000000000021E-02 1.195844411118669216E-02 1.000000000000000021E-02
1.379756995313892801E-02 1.129829664938692031E-02 1.000000000000000021E-02 1.000000000000000021E-02 1.000000000000000021E-02 1.000000000000000021E-02 1.000000000000000021E-02 1.000000000000000021E-02 1.000000000000000021E-02 1.000000000000000021E-02 1.000000000000000021E-02 1.476098809664323948E-02 2.746549560437076473E-02 3.135476916781156087E-02 2.859842347873695415E-02 1.198300823978294856E-02 1.000000000000000021E-02 1.000000000000000021E-02 1.644905046699487658E-02 1.754895328510829716E-02
1.330034447062980983E-02 1.000000000000000021E-02 1.160409345632220507E-02 1.000000000000000021E-02 1.000000000000000021E-02 1.000000000000000021E-02 1.000000000000000021E-02 1.000000000000000021E-02 1.000000000000000021E-02 1.000000000000000021E-02 1.000000000000000021E-02 1.306019538004830720E-02 2.005976863323385984E-02 2.082730581319672258E-02 2.213394392807449540E-02 1.486276602423125190E-02 1.000000000000000021E-02 1.000000000000000021E-02 1.114320660492806175E-02 1.000000000000000021E-02
1.000000000000000021E-02 1.757803019735919986E-02 1.074490671182293418E-02 1.000000000000000021E-02 1.000000000000000021E-02 1.000000000000000021E-02 1.241232800217891702E-02 1.086533082910763962E-02 1.000000000000000021E-02 1.000000000000000021E-02 1.000000000000000021E-02 1.031907346815680651E-02 1.334599863707098752E-02 2.266555941676563768E-02 2.734194808552468589E-02 2.866247604156177409E-02 1.680146657154765397E-02 1.296001414138566767E-02 1.000000000000000021E-02 1.091342428205827574E-02
1.000000000000000021E-02 1.005323354739882588E-02 1.819344973685438002E-02 1.000000000000000021E-02 1.000000000000000021E-02 1.000000000000000021E-02 1.114468679764997125E-02 1.230923939626968160E-02 1.000000000000000021E-02 1.000000000000000021E-02 1.000000000000000021E-02 1.066991506342847111E-02 1.185336518646370324E-02 2.148296658861858360E-02 2.626712473341041160E-02 1.423177075784011134E-02 2.453125426045309546E-02 2.330353788788911557E-02 1.292464805664932277E-02 2.070121951457668322E-02
1.000000000000000021E-02 1.000000000000000021E-02 1.000000000000000021E-02 1.000000000000000021E-02 1.000000000000000021E-02 1.136494002958323736E-02 1.000000000000000021E-02 1.000000000000000021E-02 1.000000000000000021E-02 1.000000000000000021E-02 1.000000000000000021E-02 1.000000000000000021E-02 1.352426453526611554E-02 1.382683111498403741E-02 2.019386315927005141E-02 1.869033826954417249E-02 1.950539133759284297E-02 3.061264140060935765E-02 2.445340701923765306E-02 2.729947794308884915E-02
1.189101009451128468E-02 1.580649770290693326E-02 1.587408216640921396E-02 1.076416757148019807E-02 1.000000000000000021E-02 1.000000000000000021E-02 1.000000000000000021E-02 1.000000000000000021E-02 1.000000000000000021E-02 1.000000000000000021E-02 1.000000000000000021E-02 1.000000000000000021E-02 1.000000000000000021E-02 1.000000000000000021E-02 1.492502168130318239E-02 2.553723613259800684E-02 3.315034986479268447E-02 3.498821929056641217E-02 3.344960661776794769E-02 4.156724553336885175E-02
2.221592984256100592E-02 1.866797937337769803E-02 1.500768122091048623E-02 1.172002524283673533E-02 1.000000000000000021E-02 1.000000000000000021E-02 1.000000000000000021E-02 1.261961844004148847E-02 1.000000000000000021E-02 1.000000000000000021E-02 1.000000000000000021E-02 1.000000000000000021E-02 1.000000000000000021E-02 1.000000000000000021E-02 1.659296709431167319E-02 2.057472573617500494E-02 1.798523789032807976E-02 4.410539920486283849E-02 4.547905024838936466E-02 3.232019009742829324E-02
1.533110022911993685E-02 1.064336559795453843E-02 1.684085673809767800E-02 1.001036726443494881E-02 1.000000000000000021E-02 1.000000000000000021E-02 1.000000000000000021E-02 1.010966614993001611E-02 1.000000000000000021E-02 1.000000000000000021E-02 1.000000000000000021E-02 1.000000000000000021E-02 1.000000000000000021E-02 1.427357785849038552E-02 1.979848463039817971E-02 2.557395704714218038E-02 3.052534793960926321E-02 2.342135688312886946E-02 3.191215107187578975E-02 2.055524120837612032E-02
1.264663808747414075E-02 1.000000000000000021E-02 1.015818913601273903E-02 1.004309752634276534E-02 1.000000000000000021E-02 1.000000000000000021E-02 1.000000000000000021E-02 1.000000000000000021E-02 1.000000000000000021E-02 1.000000000000000021E-02 1.000000000000000021E-02 1.000000000000000021E-02 1.137894815664765649E-02 1.731238183126770566E-02 1.195600410638200314E-02 1.923433287435487651E-02 2.188946227333329886E-02 1.539157566282942091E-02 1.251294628229218490E-02 1.480439829201992720E-02
1.326038927318944939E-02 1.000000000000000021E-02 1.000000000000000021E-02 1.249674634698246661E-02 1.000000000000000021E-02 1.000000000000000021E-02 1.000000000000000021E-02 1.000000000000000021E-02 1.000000000000000021E-02 1.000000000000000021E-02 1.051461417748653440E-02 1.406377034198751097E-02 1.585112554441402144E-02 1.482395490395223107E-02 1.489670395784209456E-02 1.609022965865670660E-02 1.534617946934745472E-02 1.028389850211953831E-02 1.168708238881297455E-02 1.009364424450830133E-02
1.000000000000000021E-02 1.156304577331993509E-02 1.000000000000000021E-02 1.022267865906643924E-02 1.195486711931621933E-02 1.000000000000000021E-02 1.000000000000000021E-02 1.000000000000000021E-02 1.167811120332843539E-02 1.000000000000000021E-02 1.000000000000000021E-02 1.434605445710393501E-02 1.271726252262841798E-02 1.759921135052448793E-02 1.244089062891085527E-02 1.512029638297576750E-02 1.765744082076815130E-02 1.132727078030866877E-02 1.086289701354492369E-02 1.000000000000000021E-02
1.294390654897087725E-02 2.182339750998348732E-02 1.076097313795844335E-02 1.706342284832297954E-02 1.000000000000000021E-02 1.000000000000000021E-02 1.000000000000000021E-02 1.000000000000000021E-02 1.000000000000000021E-02 1.000000000000000021E-02 1.026580172153033869E-02 2.479236033113189561E-02 1.830941669840648739E-02 1.624129788308522476E-02 1.119084913694167252E-02 1.549958048741755488E-02 2.037616579690363153E-02 1.588467224956723739E-02 1.157566223848983250E-02 1.000000000000000021E-02
1.148894569605661033E-02 1.150570094622615364E-02 1.115628816184118660E-02 1.000000000000000021E-02 1.108234731535218294E-02 1.000000000000000021E-02 1.000000000000000021E-02 1.000000000000000021E-02 1.000000000000000021E-02 1.000000000000000021E-02 1.000000000000000021E-02 2.111121551220716125E-02 1.389845968099337817E-02 1.023543436444497058E-02 1.000000000000000021E-02 1.000000000000000021E-02 1.000000000000000021E-02 1.595460605211131838E-02 1.021721918103139955E-02 1.113285317029643999E-02
1.000000000000000021E-02 1.030091352550879108E-02 1.000000000000000021E-02 1.117804709294073842E-02 1.000000000000000021E-02 1.000000000000000021E-02 1.000000000000000021E-02 1.000000000000000021E-02 1.000000000000000021E-02 1.000000000000000021E-02 1.000000000000000021E-02 1.203217381787548453E-02 2.081058989694912348E-02 1.525014878727780875E-02 1.000000000000000021E-02 1.021300439768909989E-02 1.035227960696191891E-02 1.241319814840472803E-02 1.253706078630542620E-02 1.272296190566033457E-02
1.000000000000000021E-02 1.000000000000000021E-02 1.000000000000000021E-02 1.000000000000000021E-02 1.000000000000000021E-02 1.000000000000000021E-02 1.018783642614507975E-02 1.000000000000000021E-02 1.000000000000000021E-02 1.000000000000000021E-02 1.000000000000000021E-02 1.000000000000000021E-02 1.096940099888208363E-02 1.000000000000000021E-02 1.000000000000000021E-02 1.000000000000000021E-02 1.423522710011033802E-02 1.207583207543234775E-02 1.782838600321346237E-02 1.746227664096912033E-02
1.000000000000000021E-02 1.000000000000000021E-02 1.000000000000000021E-02 1.000000000000000021E-02 1.000000000000000021E-02 1.000000000000000021E-02 1.000000000000000021E-02 1.000000000000000021E-02 1.000000000000000021E-02 1.000000000000000021E-02 1.000000000000000021E-02 1.000000000000000021E-02 1.000000000000000021E-02 1.000000000000000021E-02 1.002053461062369331E-02 1.550477789676752045E-02 1.321362456542707862E-02 1.040336929247953797E-02 1.777966944671158928E-02 2.136009292514694236E-02
1.000000000000000021E-02 1.000000000000000021E-02 1.000000000000000021E-02 1.000000000000000021E-02 1.000000000000000021E-02 1.000000000000000021E-02 1.000000000000000021E-02 1.000000000000000021E-02 1.000000000000000021E-02 1.000000000000000021E-02 1.000000000000000021E-02 1.000000000000000021E-02 1.134619500843538770E-02 1.199539193142889169E-02 1.630059437568887742E-02 1.279473875807667083E-02 1.392857671234805361E-02 1.412574569784359746E-02 1.371322293906782064E-02 1.000000000000000021E-02
1.000000000000000021E-02 1.000000000000000021E-02 1.000000000000000021E-02 1.000000000000000021E-02 1.000000000000000021E-02 1.000000000000000021E-02 1.000000000000000021E-02 1.000000000000000021E-02 1.000000000000000021E-02 1.000000000000000021E-02 1.000000000000000021E-02 1.000000000000000021E-02 1.053897540797646935E-02 1.488529873775375906E-02 1.646139680199652788E-02 1.359785796540166104E-02 2.080246890663273868E-02 3.356420002354486981E-02 1.972533640104667807E-02 1.000000000000000021E-02
1.000000000000000021E-02 1.000000000000000021E-02 1.000000000000000021E-02 1.000000000000000021E-02 1.000000000000000021E-02 1.000000000000000021E-02 1.000000000000000021E-02 1.000000000000000021E-02 1.000000000000000021E-02 1.000000000000000021E-02 1.000000000000000021E-02 1.000000000000000021E-02 1.606105293543210952E-02 1.000000000000000021E-02 1.778233467632484716E-02 1.942053573484874354E-02 1.701422253391385656E-02 2.769097024285850986E-02 1.000000000000000021E-02 1.000000000000000021E-02
1.000000000000000021E-02 1.000000000000000021E-02 1.000000000000000021E-02 1.000000000000000021E-02 1.000000000000000021E-02 1.000000000000000021E-02 1.000000000000000021E-02 1.000000000000000021E-02 1.000000000000000021E-02 1.000000000000000021E-02 1.000000000000000021E-02 1.000000000000000021E-02 1.000000000000000021E-02 1.000000000000000021E-02 1.982025468559873993E-02 2.402179354375777454E-02 2.100109299360619630E-02 1.000000000000000021E-02 1.000000000000000021E-02 1.000000000000000021E-02
1.000000000000000021E-02 1.000000000000000021E-02 1.000000000000000021E-02 1.000000000000000021E-02 1.000000000000000021E-02 1.000000000000000021E-02 1.000000000000000021E-02 1.000000000000000021E-02 1.000000000000000021E-02 1.000000000000000021E-02 1.000000000000000021E-02 1.000000000000000021E-02 1.000000000000000021E-02 1.000000000000000021E-02 1.394093179272841432E-02 1.669719639348226162E-02 1.000000000000000021E-02 1.000000000000000021E-02 1.000000000000000021E-02 1.000000000000000021E-02
