   3.778388E+01    3.774602E+01    3.766557E+01    3.756984E+01    3.742338E+01    3.722861E+01    3.702564E+01    3.674835E+01    3.640435E+01    3.608513E+01    3.578648E+01    3.539447E+01    3.498203E+01    3.467531E+01    3.431794E+01    3.404034E+01    3.392664E+01    3.386776E+01    3.382361E+01    3.380063E+01
   3.778377E+01    3.774261E+01    3.766863E+01    3.756039E+01    3.737629E+01    3.716120E+01    3.695843E+01    3.669462E+01    3.634874E+01    3.600702E+01    3.569452E+01    3.532106E+01    3.494500E+01    3.460574E+01    3.426946E+01    3.402449E+01    3.390604E+01    3.384189E+01    3.379207E+01    3.377435E+01
   3.778490E+01    3.774745E+01    3.765698E+01    3.751050E+01    3.730307E+01    3.709685E+01    3.687360E+01    3.658896E+01    3.623561E+01    3.587278E+01    3.552449E+01    3.515827E+01    3.482794E+01    3.450586E+01    3.418968E+01    3.398377E+01    3.385784E+01    3.377522E+01    3.372591E+01    3.371545E+01
   3.777415E+01    3.773222E+01    3.762633E+01    3.745053E+01    3.725103E+01    3.703806E+01    3.676385E+01    3.641941E+01    3.604756E+01    3.568331E+01    3.531011E+01    3.494596E+01    3.461843E+01    3.430823E+01    3.405272E+01    3.391015E+01    3.376720E+01    3.367158E+01    3.362092E+01    3.361211E+01
   3.775349E+01    3.770292E+01    3.761325E+01    3.743162E+01    3.719992E+01    3.692400E+01    3.656999E+01    3.620532E+01    3.584547E+01    3.542295E+01    3.499703E+01    3.465273E+01    3.434598E+01    3.408888E+01    3.390861E+01    3.380679E+01    3.364784E+01    3.354266E+01    3.348422E+01    3.347012E+01
   3.774721E+01    3.768441E+01    3.757595E+01    3.738844E+01    3.711622E+01    3.679803E+01    3.642557E+01    3.596444E+01    3.548506E+01    3.502346E+01    3.465168E+01    3.434745E+01    3.406439E+01    3.386426E+01    3.373471E+01    3.368296E+01    3.351561E+01    3.341306E+01    3.335623E+01    3.331722E+01
   3.775054E+01    3.768432E+01    3.757267E+01    3.736139E+01    3.703606E+01    3.668820E+01    3.620293E+01    3.555582E+01    3.502393E+01    3.458429E+01    3.427303E+01    3.399703E+01    3.377446E+01    3.363898E+01    3.355219E+01    3.353004E+01    3.336350E+01    3.326046E+01    3.319468E+01    3.313896E+01
   3.776327E+01    3.771727E+01    3.761571E+01    3.740369E+01    3.695695E+01    3.658874E+01    3.600866E+01    3.511853E+01    3.453624E+01    3.415546E+01    3.392380E+01    3.371755E+01    3.355517E+01    3.344066E+01    3.336320E+01    3.335039E+01    3.311129E+01    3.301086E+01    3.297322E+01    3.296440E+01
   3.776992E+01    3.773946E+01    3.768081E+01    3.761473E+01    1.000000E+30    1.000000E+30    1.000000E+30    3.451815E+01    3.407214E+01    3.387156E+01    3.369302E+01    3.349818E+01    3.335652E+01    3.323295E+01    3.309665E+01    3.298099E+01    3.271254E+01    3.274364E+01    3.279094E+01    3.282560E+01
   3.774115E+01    3.772440E+01    3.769035E+01    3.766304E+01    1.000000E+30    1.000000E+30    1.000000E+30    1.000000E+30    3.368473E+01    3.357226E+01    3.343760E+01    3.328577E+01    3.317789E+01    3.302517E+01    3.285346E+01    3.262473E+01    3.220083E+01    3.255549E+01    3.267736E+01    3.272282E+01
   3.768606E+01    3.767049E+01    3.765716E+01    3.764802E+01    1.000000E+30    1.000000E+30    1.000000E+30    1.000000E+30    3.337852E+01    3.332596E+01    3.323989E+01    3.314382E+01    3.301688E+01    3.285312E+01    3.273909E+01    3.262581E+01    3.251132E+01    3.259154E+01    3.263650E+01    3.266250E+01
   3.761456E+01    3.761105E+01    3.760393E+01    3.760244E+01    1.000000E+30    1.000000E+30    1.000000E+30    1.000000E+30    3.318217E+01    3.316392E+01    3.310205E+01    3.301296E+01    3.288249E+01    3.268369E+01    3.268411E+01    3.263620E+01    3.259804E+01    3.261418E+01    3.263173E+01    3.264255E+01
   3.754384E+01    3.753575E+01    3.753237E+01    3.754015E+01    1.000000E+30    1.000000E+30    1.000000E+30    1.000000E+30    3.305162E+01    3.303874E+01    3.299938E+01    3.292929E+01    3.283840E+01    3.273206E+01    3.268513E+01    3.264999E+01    3.262687E+01    3.262693E+01    3.263331E+01    3.263776E+01
   3.742611E+01    3.744659E+01    3.745316E+01    3.745437E+01    1.000000E+30    1.000000E+30    1.000000E+30    1.000000E+30    3.298035E+01    3.296114E+01    3.292428E+01    3.286651E+01    3.279538E+01    3.273103E+01    3.268736E+01    3.265684E+01    3.263952E+01    3.263456E+01    3.263603E+01    3.263805E+01
   3.723382E+01    3.729176E+01    3.731471E+01    3.731574E+01    1.000000E+30    1.000000E+30    1.000000E+30    1.000000E+30    3.292412E+01    3.290599E+01    3.286628E+01    3.281596E+01    3.276070E+01    3.270927E+01    3.267709E+01    3.265474E+01    3.264091E+01    3.263647E+01    3.263633E+01    3.263760E+01
   3.699413E+01    3.703432E+01    3.703460E+01    3.701721E+01    1.000000E+30    1.000000E+30    1.000000E+30    1.000000E+30    3.286583E+01    3.284624E+01    3.280959E+01    3.276459E+01    3.271428E+01    3.267767E+01    3.265778E+01    3.263978E+01    3.263044E+01    3.262909E+01    3.263107E+01    3.263341E+01
   3.659296E+01    3.659918E+01    3.655956E+01    3.654105E+01    1.000000E+30    1.000000E+30    1.000000E+30    1.000000E+30    3.278716E+01    3.276215E+01    3.272405E+01    3.268363E+01    3.265344E+01    3.263581E+01    3.262355E+01    3.261395E+01    3.261462E+01    3.261684E+01    3.262208E+01    3.262690E+01
   3.603263E+01    3.600572E+01    3.600537E+01    3.600236E+01    1.000000E+30    1.000000E+30    1.000000E+30    1.000000E+30    3.267515E+01    3.265665E+01    3.263315E+01    3.260996E+01    3.259547E+01    3.258475E+01    3.258110E+01    3.258722E+01    3.259737E+01    3.260585E+01    3.261162E+01    3.261805E+01
   3.539468E+01    3.531507E+01    3.530506E+01    3.528620E+01    1.000000E+30    1.000000E+30    1.000000E+30    1.000000E+30    3.257149E+01    3.257527E+01    3.257024E+01    3.256008E+01    3.254446E+01    3.253066E+01    3.252881E+01    3.255301E+01    3.257557E+01    3.259212E+01    3.260181E+01    3.260709E+01
   3.466060E+01    3.456981E+01    3.447470E+01    3.448706E+01    1.000000E+30    1.000000E+30    1.000000E+30    1.000000E+30    3.249181E+01    3.250433E+01    3.250953E+01    3.250785E+01    3.249418E+01    3.247740E+01    3.246247E+01    3.250955E+01    3.255274E+01    3.257774E+01    3.259271E+01    3.259996E+01
   3.405130E+01    3.395957E+01    3.388822E+01    3.390103E+01    1.000000E+30    1.000000E+30    1.000000E+30    1.000000E+30    3.240873E+01    3.242665E+01    3.245091E+01    3.246007E+01    3.245425E+01    3.243241E+01    3.236428E+01    3.247272E+01    3.253672E+01    3.256991E+01    3.258666E+01    3.259494E+01
   3.361755E+01    3.351770E+01    3.349234E+01    3.340344E+01    1.000000E+30    1.000000E+30    3.217861E+01    3.224075E+01    3.232257E+01    3.236092E+01    3.239462E+01    3.241863E+01    3.242928E+01    3.243345E+01    3.243518E+01    3.249086E+01    3.254076E+01    3.257136E+01    3.258812E+01    3.259657E+01
   3.323139E+01    3.316593E+01    3.305023E+01    3.280167E+01    3.242752E+01    1.000000E+30    3.211075E+01    3.217819E+01    3.225522E+01    3.231116E+01    3.235278E+01    3.238604E+01    3.240914E+01    3.242951E+01    3.245637E+01    3.250208E+01    3.254898E+01    3.258064E+01    3.259611E+01    3.260431E+01
   3.290002E+01    3.285232E+01    3.268993E+01    3.242762E+01    3.192817E+01    3.179154E+01    3.196570E+01    3.208810E+01    3.217513E+01    3.224321E+01    3.230589E+01    3.235429E+01    3.239087E+01    3.242190E+01    3.246066E+01    3.251043E+01    3.255882E+01    3.259149E+01    3.260765E+01    3.261493E+01
   3.270387E+01    3.263154E+01    3.243668E+01    3.203437E+01    3.092039E+01    3.153033E+01    3.184031E+01    3.200257E+01    3.209736E+01    3.216605E+01    3.223354E+01    3.230599E+01    3.236565E+01    3.241277E+01    3.246183E+01    3.251799E+01    3.256824E+01    3.260390E+01    3.262012E+01    3.262616E+01
   3.255910E+01    3.247842E+01    3.231681E+01    3.203315E+01    3.159390E+01    3.166417E+01    3.182885E+01    3.195380E+01    3.203239E+01    3.209759E+01    3.215174E+01    3.224255E+01    3.232608E+01    3.239473E+01    3.246087E+01    3.252821E+01    3.257628E+01    3.260728E+01    3.262413E+01    3.263089E+01
   3.247091E+01    3.240724E+01    3.227647E+01    3.208112E+01    3.185355E+01    3.177515E+01    3.181278E+01    3.189903E+01    3.197831E+01    3.201992E+01    3.197732E+01    3.217911E+01    3.229534E+01    3.237990E+01    3.245244E+01    3.252168E+01    3.256999E+01    3.260129E+01    3.262178E+01    3.262994E+01
   3.244304E+01    3.239009E+01    3.226600E+01    3.208575E+01    3.193591E+01    3.181000E+01    3.175577E+01    3.181838E+01    3.191637E+01    3.200306E+01    3.207082E+01    3.218053E+01    3.227386E+01    3.236714E+01    3.243994E+01    3.250292E+01    3.255269E+01    3.258679E+01    3.260997E+01    3.262322E+01
   3.244229E+01    3.240221E+01    3.229306E+01    3.211599E+01    3.193513E+01    3.176075E+01    3.163426E+01    3.174598E+01    3.186850E+01    3.198192E+01    3.208502E+01    3.217907E+01    3.225438E+01    3.234880E+01    3.243348E+01    3.248577E+01    3.253450E+01    3.257313E+01    3.259850E+01    3.261398E+01
   3.245527E+01    3.241968E+01    3.232891E+01    3.217817E+01    3.196128E+01    3.169899E+01    3.132032E+01    3.167831E+01    3.185684E+01    3.198154E+01    3.209285E+01    3.218133E+01    3.224627E+01    3.232540E+01    3.240701E+01    3.246746E+01    3.251637E+01    3.256012E+01    3.259014E+01    3.260763E+01
   3.247882E+01    3.245445E+01    3.237569E+01    3.226146E+01    3.208029E+01    3.184375E+01    3.169195E+01    3.180706E+01    3.192513E+01    3.200579E+01    3.210215E+01    3.218237E+01    3.224496E+01    3.230679E+01    3.237169E+01    3.243432E+01    3.249693E+01    3.254976E+01    3.258575E+01    3.260880E+01
   3.249336E+01    3.247420E+01    3.242699E+01    3.234711E+01    3.223404E+01    3.206206E+01    3.194034E+01    3.197509E+01    3.201312E+01    3.206951E+01    3.212690E+01    3.217173E+01    3.222347E+01    3.227464E+01    3.233872E+01    3.240421E+01    3.247016E+01    3.253662E+01    3.258478E+01    3.261438E+01
   1.000000E+30    3.248982E+01    3.246024E+01    3.241145E+01    3.234924E+01    3.225313E+01    3.214888E+01    3.210979E+01    3.210912E+01    3.213540E+01    3.215099E+01    3.216056E+01    3.217809E+01    3.223065E+01    3.230006E+01    3.237288E+01    3.245305E+01    3.252469E+01    3.258185E+01    3.262349E+01
   1.000000E+30    1.000000E+30    3.249050E+01    3.246100E+01    3.242857E+01    3.238739E+01    3.231766E+01    3.224829E+01    3.222014E+01    3.220218E+01    3.218065E+01    3.214335E+01    3.210752E+01    3.217818E+01    3.225845E+01    3.235184E+01    3.243797E+01    3.251610E+01    3.258605E+01    3.264082E+01
   1.000000E+30    1.000000E+30    1.000000E+30    3.249918E+01    3.248980E+01    3.247032E+01    3.243369E+01    3.237519E+01    3.232885E+01    3.228021E+01    3.222189E+01    3.213652E+01    3.192937E+01    3.213979E+01    3.224320E+01    3.234068E+01    3.243336E+01    3.251089E+01    3.257540E+01    3.264514E+01
   1.000000E+30    1.000000E+30    1.000000E+30    1.000000E+30    3.253412E+01    3.252700E+01    3.250395E+01    3.245908E+01    3.240773E+01    3.236257E+01    3.230231E+01    3.223483E+01    3.216740E+01    3.220843E+01    3.227902E+01    3.236274E+01    3.244217E+01    3.250589E+01    3.254650E+01    1.000000E+30
   1.000000E+30    1.000000E+30    1.000000E+30    1.000000E+30    3.256397E+01    3.257743E+01    3.256907E+01    3.254055E+01    3.248847E+01    3.244285E+01    3.239550E+01    3.234237E+01    3.228959E+01    3.229472E+01    3.234366E+01    3.240601E+01    3.246199E+01    3.250941E+01    3.253807E+01    1.000000E+30
   1.000000E+30    1.000000E+30    1.000000E+30    1.000000E+30    1.000000E+30    3.263598E+01    3.262940E+01    3.261284E+01    3.256809E+01    3.252473E+01    3.247893E+01    3.243837E+01    3.239994E+01    3.239554E+01    3.241296E+01    3.244392E+01    3.247677E+01    3.250924E+01    1.000000E+30    1.000000E+30
   1.000000E+30    1.000000E+30    1.000000E+30    1.000000E+30    1.000000E+30    3.268193E+01    3.268575E+01    3.267534E+01    3.263808E+01    3.258899E+01    3.253898E+01    3.249751E+01    3.247151E+01    3.246047E+01    3.245884E+01    3.246745E+01    3.247934E+01    1.000000E+30    1.000000E+30    1.000000E+30
   1.000000E+30    1.000000E+30    1.000000E+30    1.000000E+30    1.000000E+30    3.272048E+01    3.276623E+01    3.277536E+01    3.272483E+01    3.266587E+01    3.257710E+01    3.252821E+01    3.250048E+01    3.249387E+01    3.247812E+01    3.247514E+01    1.000000E+30    1.000000E+30    1.000000E+30    1.000000E+30
