   3.820943E+01    3.817437E+01    3.811458E+01    3.804445E+01    3.793462E+01    3.778668E+01    3.762151E+01    3.736226E+01    3.700708E+01    3.666468E+01    3.633798E+01    3.588636E+01    3.542174E+01    3.504726E+01    3.458803E+01    3.419630E+01    3.432672E+01    3.438439E+01    3.442324E+01    3.443466E+01
   3.821484E+01    3.818039E+01    3.812228E+01    3.803844E+01    3.789868E+01    3.773284E+01    3.756541E+01    3.732165E+01    3.697038E+01    3.661130E+01    3.627176E+01    3.584860E+01    3.541836E+01    3.500121E+01    3.455717E+01    3.419264E+01    3.432138E+01    3.437787E+01    3.441040E+01    3.442600E+01
   3.823147E+01    3.819692E+01    3.812510E+01    3.800697E+01    3.784960E+01    3.768838E+01    3.749985E+01    3.723937E+01    3.689023E+01    3.652047E+01    3.615264E+01    3.575148E+01    3.537224E+01    3.496920E+01    3.453063E+01    3.416540E+01    3.428962E+01    3.434897E+01    3.438438E+01    3.439993E+01
   3.824994E+01    3.821520E+01    3.812888E+01    3.798460E+01    3.782519E+01    3.765232E+01    3.741956E+01    3.711084E+01    3.675240E+01    3.638742E+01    3.600864E+01    3.561773E+01    3.524915E+01    3.485998E+01    3.448738E+01    3.421485E+01    3.427301E+01    3.430854E+01    3.433563E+01    3.435531E+01
   3.827543E+01    3.823831E+01    3.816090E+01    3.800661E+01    3.781024E+01    3.758357E+01    3.727513E+01    3.694930E+01    3.661298E+01    3.620476E+01    3.578645E+01    3.541945E+01    3.507493E+01    3.475069E+01    3.445377E+01    3.422276E+01    3.424663E+01    3.426427E+01    3.427931E+01    3.429694E+01
   3.834275E+01    3.829126E+01    3.819738E+01    3.802569E+01    3.778493E+01    3.750844E+01    3.718440E+01    3.677565E+01    3.634157E+01    3.591039E+01    3.554617E+01    3.522323E+01    3.490225E+01    3.462878E+01    3.438572E+01    3.419033E+01    3.420322E+01    3.421554E+01    3.422599E+01    3.423152E+01
   3.846156E+01    3.838970E+01    3.828199E+01    3.807503E+01    3.776479E+01    3.745048E+01    3.702552E+01    3.646640E+01    3.599297E+01    3.559450E+01    3.528931E+01    3.499353E+01    3.473178E+01    3.452204E+01    3.431912E+01    3.416787E+01    3.415392E+01    3.416134E+01    3.416797E+01    3.416429E+01
   3.858444E+01    3.852908E+01    3.843379E+01    3.822551E+01    3.773687E+01    3.739098E+01    3.688391E+01    3.612694E+01    3.562362E+01    3.528146E+01    3.505182E+01    3.482309E+01    3.461793E+01    3.444422E+01    3.427089E+01    3.410739E+01    3.406693E+01    3.407555E+01    3.409181E+01    3.410183E+01
   3.868065E+01    3.865426E+01    3.861702E+01    3.856635E+01    1.000000E+30    1.000000E+30    1.000000E+30    3.563730E+01    3.526489E+01    3.507907E+01    3.490124E+01    3.469479E+01    3.451716E+01    3.435354E+01    3.417977E+01    3.401172E+01    3.392425E+01    3.398354E+01    3.402801E+01    3.405308E+01
   3.875670E+01    3.875058E+01    3.873903E+01    3.872029E+01    1.000000E+30    1.000000E+30    1.000000E+30    1.000000E+30    3.497390E+01    3.486668E+01    3.472281E+01    3.455761E+01    3.441865E+01    3.424272E+01    3.408742E+01    3.392549E+01    3.369632E+01    3.391658E+01    3.399708E+01    3.402610E+01
   3.880590E+01    3.880613E+01    3.880491E+01    3.880930E+01    1.000000E+30    1.000000E+30    1.000000E+30    1.000000E+30    3.475466E+01    3.469680E+01    3.459585E+01    3.447036E+01    3.430705E+01    3.409510E+01    3.402509E+01    3.396122E+01    3.391120E+01    3.397098E+01    3.400273E+01    3.402036E+01
   3.882677E+01    3.882908E+01    3.883373E+01    3.883988E+01    1.000000E+30    1.000000E+30    1.000000E+30    1.000000E+30    3.462762E+01    3.459251E+01    3.450790E+01    3.438649E+01    3.419349E+01    3.382081E+01    3.397608E+01    3.398668E+01    3.398826E+01    3.400523E+01    3.401898E+01    3.402966E+01
   3.883104E+01    3.883373E+01    3.883946E+01    3.884675E+01    1.000000E+30    1.000000E+30    1.000000E+30    1.000000E+30    3.455032E+01    3.452747E+01    3.446117E+01    3.435675E+01    3.423171E+01    3.407710E+01    3.405153E+01    3.403508E+01    3.403010E+01    3.403076E+01    3.403619E+01    3.404140E+01
   3.881507E+01    3.882549E+01    3.883363E+01    3.884213E+01    1.000000E+30    1.000000E+30    1.000000E+30    1.000000E+30    3.451400E+01    3.449126E+01    3.444206E+01    3.435465E+01    3.425438E+01    3.416955E+01    3.411715E+01    3.407884E+01    3.406566E+01    3.405799E+01    3.405807E+01    3.405979E+01
   3.876578E+01    3.878911E+01    3.880750E+01    3.881787E+01    1.000000E+30    1.000000E+30    1.000000E+30    1.000000E+30    3.448863E+01    3.446686E+01    3.442239E+01    3.435501E+01    3.427168E+01    3.419951E+01    3.414871E+01    3.410531E+01    3.408968E+01    3.408280E+01    3.408126E+01    3.408194E+01
   3.868729E+01    3.870909E+01    3.872669E+01    3.872996E+01    1.000000E+30    1.000000E+30    1.000000E+30    1.000000E+30    3.446881E+01    3.444434E+01    3.440218E+01    3.434456E+01    3.426866E+01    3.420343E+01    3.415825E+01    3.410770E+01    3.409668E+01    3.409367E+01    3.409342E+01    3.409540E+01
   3.853659E+01    3.855678E+01    3.855905E+01    3.855130E+01    1.000000E+30    1.000000E+30    1.000000E+30    1.000000E+30    3.444810E+01    3.442019E+01    3.437409E+01    3.431850E+01    3.425566E+01    3.419738E+01    3.414423E+01    3.409322E+01    3.409181E+01    3.409243E+01    3.409558E+01    3.409988E+01
   3.831631E+01    3.831425E+01    3.832346E+01    3.832391E+01    1.000000E+30    1.000000E+30    1.000000E+30    1.000000E+30    3.442932E+01    3.439208E+01    3.434270E+01    3.429624E+01    3.424361E+01    3.418330E+01    3.412351E+01    3.407470E+01    3.408104E+01    3.408649E+01    3.409105E+01    3.409773E+01
   3.804531E+01    3.801279E+01    3.800937E+01    3.800151E+01    1.000000E+30    1.000000E+30    1.000000E+30    1.000000E+30    3.442378E+01    3.438700E+01    3.433436E+01    3.428146E+01    3.422454E+01    3.415882E+01    3.409375E+01    3.404870E+01    3.406377E+01    3.407489E+01    3.408147E+01    3.408558E+01
   3.771178E+01    3.766645E+01    3.761652E+01    3.762368E+01    1.000000E+30    1.000000E+30    1.000000E+30    1.000000E+30    3.444272E+01    3.439733E+01    3.432979E+01    3.426831E+01    3.420092E+01    3.412859E+01    3.404866E+01    3.400912E+01    3.404211E+01    3.405890E+01    3.406858E+01    3.407286E+01
   3.741061E+01    3.736603E+01    3.732887E+01    3.733726E+01    1.000000E+30    1.000000E+30    1.000000E+30    1.000000E+30    3.448705E+01    3.443189E+01    3.434720E+01    3.426690E+01    3.419214E+01    3.410335E+01    3.396399E+01    3.398062E+01    3.402611E+01    3.404666E+01    3.405568E+01    3.406090E+01
   3.719107E+01    3.714148E+01    3.713091E+01    3.708926E+01    1.000000E+30    1.000000E+30    3.478427E+01    3.467981E+01    3.455526E+01    3.446838E+01    3.437279E+01    3.428085E+01    3.420804E+01    3.413418E+01    3.404810E+01    3.400606E+01    3.402712E+01    3.404127E+01    3.404847E+01    3.405250E+01
   3.698917E+01    3.695909E+01    3.690654E+01    3.678473E+01    3.658613E+01    1.000000E+30    3.487879E+01    3.474635E+01    3.460719E+01    3.449201E+01    3.438381E+01    3.429011E+01    3.422331E+01    3.416076E+01    3.408413E+01    3.400868E+01    3.402553E+01    3.403760E+01    3.404367E+01    3.404626E+01
   3.680421E+01    3.678889E+01    3.671670E+01    3.659367E+01    3.627172E+01    3.565908E+01    3.511938E+01    3.483723E+01    3.466505E+01    3.451687E+01    3.438736E+01    3.429799E+01    3.423262E+01    3.417179E+01    3.409470E+01    3.399956E+01    3.401657E+01    3.403067E+01    3.403764E+01    3.404050E+01
   3.667626E+01    3.664998E+01    3.657121E+01    3.642834E+01    3.611323E+01    3.563996E+01    3.517731E+01    3.487815E+01    3.468538E+01    3.452225E+01    3.439685E+01    3.430912E+01    3.423982E+01    3.416962E+01    3.408471E+01    3.396512E+01    3.399754E+01    3.401886E+01    3.402935E+01    3.403366E+01
   3.654227E+01    3.651113E+01    3.643050E+01    3.628074E+01    3.598669E+01    3.557286E+01    3.516245E+01    3.487940E+01    3.468837E+01    3.451597E+01    3.437405E+01    3.430817E+01    3.424282E+01    3.416392E+01    3.406950E+01    3.394524E+01    3.398548E+01    3.400533E+01    3.401861E+01    3.402435E+01
   3.641646E+01    3.638538E+01    3.630321E+01    3.613184E+01    3.585920E+01    3.550684E+01    3.515894E+01    3.489347E+01    3.468816E+01    3.450191E+01    3.421997E+01    3.427137E+01    3.422065E+01    3.414032E+01    3.404730E+01    3.393862E+01    3.397056E+01    3.399235E+01    3.400745E+01    3.401433E+01
   3.632770E+01    3.628621E+01    3.617962E+01    3.597078E+01    3.575214E+01    3.546909E+01    3.514051E+01    3.490075E+01    3.470921E+01    3.452853E+01    3.435910E+01    3.428518E+01    3.421226E+01    3.411965E+01    3.401680E+01    3.391721E+01    3.394954E+01    3.397347E+01    3.399060E+01    3.400066E+01
   3.626296E+01    3.622261E+01    3.609663E+01    3.588851E+01    3.565074E+01    3.536154E+01    3.505030E+01    3.484609E+01    3.469605E+01    3.454842E+01    3.439969E+01    3.429354E+01    3.421130E+01    3.409976E+01    3.398027E+01    3.389077E+01    3.392754E+01    3.395572E+01    3.397328E+01    3.398563E+01
   3.621763E+01    3.616512E+01    3.602883E+01    3.583915E+01    3.557909E+01    3.525572E+01    3.483249E+01    3.478270E+01    3.466733E+01    3.453180E+01    3.438734E+01    3.426860E+01    3.417479E+01    3.406213E+01    3.395657E+01    3.387580E+01    3.390942E+01    3.393866E+01    3.395858E+01    3.397101E+01
   3.617197E+01    3.610661E+01    3.596705E+01    3.579079E+01    3.553989E+01    3.522438E+01    3.493185E+01    3.476057E+01    3.462091E+01    3.450113E+01    3.434681E+01    3.421479E+01    3.409969E+01    3.400512E+01    3.393264E+01    3.386471E+01    3.389319E+01    3.392317E+01    3.394420E+01    3.395709E+01
   3.612814E+01    3.604431E+01    3.591690E+01    3.572975E+01    3.550223E+01    3.521992E+01    3.491138E+01    3.469959E+01    3.456740E+01    3.441705E+01    3.426173E+01    3.412537E+01    3.401233E+01    3.394323E+01    3.388810E+01    3.382714E+01    3.386546E+01    3.390082E+01    3.392742E+01    3.394264E+01
   1.000000E+30    3.597404E+01    3.582093E+01    3.561857E+01    3.540289E+01    3.513102E+01    3.483104E+01    3.463077E+01    3.448226E+01    3.431261E+01    3.415154E+01    3.399542E+01    3.388726E+01    3.384035E+01    3.381509E+01    3.378187E+01    3.383424E+01    3.387540E+01    3.390707E+01    3.392960E+01
   1.000000E+30    1.000000E+30    3.570206E+01    3.547001E+01    3.522240E+01    3.496719E+01    3.472442E+01    3.453299E+01    3.434274E+01    3.417421E+01    3.400865E+01    3.383615E+01    3.367324E+01    3.370121E+01    3.372805E+01    3.373419E+01    3.379599E+01    3.384739E+01    3.388497E+01    3.391689E+01
   1.000000E+30    1.000000E+30    1.000000E+30    3.523911E+01    3.494592E+01    3.473523E+01    3.456298E+01    3.438640E+01    3.419137E+01    3.404215E+01    3.387597E+01    3.365657E+01    3.322722E+01    3.355327E+01    3.364556E+01    3.368372E+01    3.376015E+01    3.381515E+01    3.385454E+01    3.390205E+01
   1.000000E+30    1.000000E+30    1.000000E+30    1.000000E+30    3.465087E+01    3.452512E+01    3.439279E+01    3.422903E+01    3.405892E+01    3.393127E+01    3.379284E+01    3.365313E+01    3.352989E+01    3.357983E+01    3.363182E+01    3.366756E+01    3.373178E+01    3.378425E+01    3.381526E+01    1.000000E+30
   1.000000E+30    1.000000E+30    1.000000E+30    1.000000E+30    3.449219E+01    3.430664E+01    3.417928E+01    3.404493E+01    3.392244E+01    3.381536E+01    3.371616E+01    3.363984E+01    3.358567E+01    3.359337E+01    3.362162E+01    3.365587E+01    3.371223E+01    3.375822E+01    3.379252E+01    1.000000E+30
   1.000000E+30    1.000000E+30    1.000000E+30    1.000000E+30    1.000000E+30    3.400728E+01    3.395332E+01    3.386513E+01    3.378929E+01    3.370248E+01    3.363328E+01    3.358822E+01    3.355115E+01    3.353979E+01    3.356193E+01    3.361076E+01    3.367338E+01    3.372808E+01    1.000000E+30    1.000000E+30
   1.000000E+30    1.000000E+30    1.000000E+30    1.000000E+30    1.000000E+30    3.378957E+01    3.378200E+01    3.373636E+01    3.367347E+01    3.360730E+01    3.355538E+01    3.351606E+01    3.345282E+01    3.343380E+01    3.346431E+01    3.353612E+01    3.360682E+01    1.000000E+30    1.000000E+30    1.000000E+30
   1.000000E+30    1.000000E+30    1.000000E+30    1.000000E+30    1.000000E+30    3.353268E+01    3.359832E+01    3.359473E+01    3.356131E+01    3.354020E+01    3.347531E+01    3.341398E+01    3.330881E+01    3.327442E+01    3.333791E+01    3.346673E+01    1.000000E+30    1.000000E+30    1.000000E+30    1.000000E+30
