   3.822664E+01    3.819084E+01    3.812959E+01    3.805950E+01    3.794665E+01    3.780145E+01    3.763191E+01    3.736055E+01    3.701475E+01    3.667202E+01    3.634318E+01    3.588288E+01    3.542463E+01    3.505139E+01    3.458343E+01    3.420216E+01    3.434288E+01    3.440448E+01    3.444476E+01    3.445645E+01
   3.823111E+01    3.819399E+01    3.813568E+01    3.805296E+01    3.791407E+01    3.774736E+01    3.757574E+01    3.732311E+01    3.697545E+01    3.661799E+01    3.627093E+01    3.584789E+01    3.541700E+01    3.500034E+01    3.455332E+01    3.419831E+01    3.433651E+01    3.439935E+01    3.443457E+01    3.445048E+01
   3.824454E+01    3.821114E+01    3.813655E+01    3.801687E+01    3.786358E+01    3.770296E+01    3.751216E+01    3.724780E+01    3.690033E+01    3.652775E+01    3.615990E+01    3.575474E+01    3.537505E+01    3.497402E+01    3.453374E+01    3.417216E+01    3.430675E+01    3.437176E+01    3.441026E+01    3.442614E+01
   3.826268E+01    3.822517E+01    3.813468E+01    3.799189E+01    3.783645E+01    3.766514E+01    3.743289E+01    3.712281E+01    3.676551E+01    3.639450E+01    3.601951E+01    3.562435E+01    3.525550E+01    3.486159E+01    3.449171E+01    3.422462E+01    3.429156E+01    3.433235E+01    3.436254E+01    3.438167E+01
   3.828393E+01    3.824422E+01    3.816604E+01    3.800452E+01    3.781596E+01    3.759424E+01    3.728960E+01    3.696616E+01    3.663077E+01    3.622129E+01    3.580315E+01    3.543545E+01    3.509129E+01    3.476549E+01    3.446443E+01    3.423548E+01    3.426581E+01    3.428917E+01    3.430870E+01    3.432615E+01
   3.834540E+01    3.829727E+01    3.820241E+01    3.802532E+01    3.778790E+01    3.751751E+01    3.719534E+01    3.679409E+01    3.636288E+01    3.593262E+01    3.556487E+01    3.524361E+01    3.492692E+01    3.465280E+01    3.440837E+01    3.420799E+01    3.422760E+01    3.424610E+01    3.425918E+01    3.426545E+01
   3.846426E+01    3.839772E+01    3.828851E+01    3.807701E+01    3.776782E+01    3.745775E+01    3.703968E+01    3.648585E+01    3.601934E+01    3.562334E+01    3.531579E+01    3.502477E+01    3.476594E+01    3.455859E+01    3.435262E+01    3.419472E+01    3.418786E+01    3.419990E+01    3.420986E+01    3.420806E+01
   3.858732E+01    3.853762E+01    3.844342E+01    3.823511E+01    3.774378E+01    3.739930E+01    3.689732E+01    3.615246E+01    3.565647E+01    3.531812E+01    3.508909E+01    3.486740E+01    3.466672E+01    3.449534E+01    3.431883E+01    3.414651E+01    3.412292E+01    3.413239E+01    3.414696E+01    3.415432E+01
   3.867955E+01    3.866016E+01    3.862817E+01    3.857915E+01    1.000000E+30    1.000000E+30    1.000000E+30    3.566804E+01    3.530588E+01    3.512382E+01    3.495190E+01    3.475439E+01    3.458372E+01    3.442459E+01    3.425001E+01    3.407380E+01    3.401934E+01    3.406349E+01    3.409599E+01    3.411498E+01
   3.875880E+01    3.875827E+01    3.875111E+01    3.873447E+01    1.000000E+30    1.000000E+30    1.000000E+30    1.000000E+30    3.502408E+01    3.492107E+01    3.478641E+01    3.463554E+01    3.450874E+01    3.434711E+01    3.418799E+01    3.402241E+01    3.386122E+01    3.401512E+01    3.407177E+01    3.409284E+01
   3.881435E+01    3.881609E+01    3.881563E+01    3.882281E+01    1.000000E+30    1.000000E+30    1.000000E+30    1.000000E+30    3.481179E+01    3.475980E+01    3.467069E+01    3.456380E+01    3.442997E+01    3.426016E+01    3.415355E+01    3.406325E+01    3.401813E+01    3.405577E+01    3.407628E+01    3.408680E+01
   3.883685E+01    3.883939E+01    3.884685E+01    3.885442E+01    1.000000E+30    1.000000E+30    1.000000E+30    1.000000E+30    3.468636E+01    3.465808E+01    3.458766E+01    3.449309E+01    3.435725E+01    3.413584E+01    3.414048E+01    3.408682E+01    3.407489E+01    3.408106E+01    3.408813E+01    3.409405E+01
   3.884304E+01    3.884717E+01    3.885411E+01    3.886329E+01    1.000000E+30    1.000000E+30    1.000000E+30    1.000000E+30    3.460866E+01    3.458980E+01    3.453601E+01    3.445435E+01    3.435656E+01    3.423863E+01    3.417628E+01    3.412112E+01    3.410459E+01    3.409882E+01    3.409985E+01    3.410200E+01
   3.882939E+01    3.884048E+01    3.885019E+01    3.886036E+01    1.000000E+30    1.000000E+30    1.000000E+30    1.000000E+30    3.456973E+01    3.454874E+01    3.450631E+01    3.443245E+01    3.434802E+01    3.427067E+01    3.420533E+01    3.414678E+01    3.412827E+01    3.411707E+01    3.411322E+01    3.411246E+01
   3.878341E+01    3.880696E+01    3.882722E+01    3.883930E+01    1.000000E+30    1.000000E+30    1.000000E+30    1.000000E+30    3.453997E+01    3.452030E+01    3.447861E+01    3.441673E+01    3.434117E+01    3.427134E+01    3.421504E+01    3.416262E+01    3.414162E+01    3.413174E+01    3.412651E+01    3.412747E+01
   3.870428E+01    3.872765E+01    3.874914E+01    3.875232E+01    1.000000E+30    1.000000E+30    1.000000E+30    1.000000E+30    3.451379E+01    3.449249E+01    3.445194E+01    3.439642E+01    3.432279E+01    3.425996E+01    3.421110E+01    3.415455E+01    3.414111E+01    3.413608E+01    3.413519E+01    3.413721E+01
   3.855318E+01    3.857531E+01    3.858215E+01    3.857110E+01    1.000000E+30    1.000000E+30    1.000000E+30    1.000000E+30    3.448884E+01    3.446207E+01    3.441685E+01    3.436214E+01    3.430292E+01    3.424629E+01    3.418930E+01    3.413314E+01    3.413192E+01    3.413091E+01    3.413478E+01    3.413939E+01
   3.833864E+01    3.833650E+01    3.834416E+01    3.834392E+01    1.000000E+30    1.000000E+30    1.000000E+30    1.000000E+30    3.446180E+01    3.442770E+01    3.437997E+01    3.433587E+01    3.428770E+01    3.422980E+01    3.416612E+01    3.411373E+01    3.412026E+01    3.412451E+01    3.412849E+01    3.413458E+01
   3.806793E+01    3.803514E+01    3.802753E+01    3.802041E+01    1.000000E+30    1.000000E+30    1.000000E+30    1.000000E+30    3.445558E+01    3.442241E+01    3.437191E+01    3.432244E+01    3.427032E+01    3.420962E+01    3.414595E+01    3.409053E+01    3.410395E+01    3.411289E+01    3.411786E+01    3.412032E+01
   3.773435E+01    3.768871E+01    3.763657E+01    3.763903E+01    1.000000E+30    1.000000E+30    1.000000E+30    1.000000E+30    3.447585E+01    3.443401E+01    3.437037E+01    3.431365E+01    3.425311E+01    3.419179E+01    3.412219E+01    3.405887E+01    3.408425E+01    3.409673E+01    3.410368E+01    3.410574E+01
   3.742763E+01    3.738568E+01    3.734902E+01    3.735675E+01    1.000000E+30    1.000000E+30    1.000000E+30    1.000000E+30    3.452248E+01    3.446903E+01    3.438868E+01    3.431431E+01    3.425004E+01    3.417920E+01    3.408291E+01    3.404038E+01    3.406900E+01    3.408335E+01    3.408929E+01    3.409300E+01
   3.720724E+01    3.716061E+01    3.715101E+01    3.710963E+01    1.000000E+30    1.000000E+30    3.481128E+01    3.471015E+01    3.459088E+01    3.450718E+01    3.441598E+01    3.432850E+01    3.426200E+01    3.419633E+01    3.411788E+01    3.405163E+01    3.406484E+01    3.407507E+01    3.407972E+01    3.408212E+01
   3.700626E+01    3.697797E+01    3.692661E+01    3.680646E+01    3.661029E+01    1.000000E+30    3.490908E+01    3.477747E+01    3.464327E+01    3.453249E+01    3.442832E+01    3.433649E+01    3.427191E+01    3.421099E+01    3.413279E+01    3.404435E+01    3.405793E+01    3.406723E+01    3.407176E+01    3.407292E+01
   3.681996E+01    3.680676E+01    3.673566E+01    3.661503E+01    3.629706E+01    3.568848E+01    3.515140E+01    3.487227E+01    3.470422E+01    3.456062E+01    3.443398E+01    3.434471E+01    3.427862E+01    3.421563E+01    3.413318E+01    3.402648E+01    3.404231E+01    3.405493E+01    3.406186E+01    3.406422E+01
   3.669383E+01    3.666682E+01    3.658928E+01    3.645076E+01    3.613964E+01    3.566879E+01    3.521199E+01    3.491716E+01    3.472844E+01    3.457037E+01    3.444694E+01    3.435704E+01    3.428431E+01    3.420896E+01    3.411658E+01    3.398500E+01    3.401768E+01    3.403712E+01    3.404926E+01    3.405356E+01
   3.656239E+01    3.653171E+01    3.645325E+01    3.630424E+01    3.601525E+01    3.560434E+01    3.520006E+01    3.492097E+01    3.473479E+01    3.456872E+01    3.443114E+01    3.435897E+01    3.428665E+01    3.419964E+01    3.409516E+01    3.396093E+01    3.400187E+01    3.402036E+01    3.403495E+01    3.403914E+01
   3.644218E+01    3.641115E+01    3.633027E+01    3.616145E+01    3.589223E+01    3.554244E+01    3.519883E+01    3.493754E+01    3.473737E+01    3.456053E+01    3.430398E+01    3.432848E+01    3.426430E+01    3.417513E+01    3.407207E+01    3.395521E+01    3.398636E+01    3.400649E+01    3.402202E+01    3.402681E+01
   3.635687E+01    3.631627E+01    3.621003E+01    3.600429E+01    3.578848E+01    3.551038E+01    3.518553E+01    3.494565E+01    3.475820E+01    3.458463E+01    3.442032E+01    3.433806E+01    3.425692E+01    3.415475E+01    3.404238E+01    3.393312E+01    3.396443E+01    3.398715E+01    3.400396E+01    3.401307E+01
   3.629805E+01    3.625748E+01    3.613043E+01    3.592469E+01    3.569015E+01    3.540779E+01    3.510335E+01    3.489703E+01    3.474704E+01    3.460111E+01    3.445348E+01    3.434394E+01    3.425826E+01    3.413783E+01    3.400728E+01    3.390806E+01    3.394248E+01    3.396933E+01    3.398466E+01    3.399531E+01
   3.625509E+01    3.620252E+01    3.606517E+01    3.587668E+01    3.561905E+01    3.530797E+01    3.490888E+01    3.484054E+01    3.472279E+01    3.458824E+01    3.444397E+01    3.432257E+01    3.422650E+01    3.410794E+01    3.399017E+01    3.389594E+01    3.392708E+01    3.395345E+01    3.396942E+01    3.398023E+01
   3.620973E+01    3.614564E+01    3.600555E+01    3.582905E+01    3.557972E+01    3.527287E+01    3.499046E+01    3.481910E+01    3.468054E+01    3.456422E+01    3.441387E+01    3.427654E+01    3.416271E+01    3.406509E+01    3.397785E+01    3.389227E+01    3.391556E+01    3.394022E+01    3.395799E+01    3.396857E+01
   3.616841E+01    3.608488E+01    3.595656E+01    3.576936E+01    3.554321E+01    3.526713E+01    3.496659E+01    3.476125E+01    3.463442E+01    3.449310E+01    3.434923E+01    3.421805E+01    3.410874E+01    3.402911E+01    3.395008E+01    3.386296E+01    3.389367E+01    3.392167E+01    3.394226E+01    3.395195E+01
   1.000000E+30    3.601367E+01    3.585823E+01    3.565755E+01    3.544164E+01    3.517669E+01    3.488439E+01    3.469586E+01    3.455814E+01    3.440728E+01    3.426926E+01    3.413803E+01    3.403834E+01    3.396774E+01    3.390244E+01    3.382783E+01    3.386760E+01    3.390075E+01    3.392688E+01    3.394565E+01
   1.000000E+30    1.000000E+30    3.574351E+01    3.550994E+01    3.526165E+01    3.501322E+01    3.477872E+01    3.460002E+01    3.442639E+01    3.428729E+01    3.416030E+01    3.403918E+01    3.393081E+01    3.389465E+01    3.385176E+01    3.378865E+01    3.383243E+01    3.387375E+01    3.390453E+01    3.393361E+01
   1.000000E+30    1.000000E+30    1.000000E+30    3.528017E+01    3.498774E+01    3.478196E+01    3.461638E+01    3.445458E+01    3.427969E+01    3.416169E+01    3.404862E+01    3.392056E+01    3.374051E+01    3.380779E+01    3.379128E+01    3.374087E+01    3.380089E+01    3.384600E+01    3.387782E+01    3.391187E+01
   1.000000E+30    1.000000E+30    1.000000E+30    1.000000E+30    3.469241E+01    3.457027E+01    3.444443E+01    3.429335E+01    3.414267E+01    3.403907E+01    3.394110E+01    3.385428E+01    3.378799E+01    3.377743E+01    3.375745E+01    3.372498E+01    3.377127E+01    3.381638E+01    3.384341E+01    1.000000E+30
   1.000000E+30    1.000000E+30    1.000000E+30    1.000000E+30    3.452977E+01    3.434670E+01    3.422536E+01    3.410224E+01    3.399542E+01    3.390589E+01    3.382799E+01    3.377844E+01    3.374696E+01    3.372943E+01    3.370959E+01    3.369767E+01    3.374344E+01    3.378757E+01    3.382100E+01    1.000000E+30
   1.000000E+30    1.000000E+30    1.000000E+30    1.000000E+30    1.000000E+30    3.404372E+01    3.399488E+01    3.391332E+01    3.384954E+01    3.377383E+01    3.371629E+01    3.368244E+01    3.364891E+01    3.362087E+01    3.361650E+01    3.363955E+01    3.369978E+01    3.375520E+01    1.000000E+30    1.000000E+30
   1.000000E+30    1.000000E+30    1.000000E+30    1.000000E+30    1.000000E+30    3.381926E+01    3.381742E+01    3.377760E+01    3.372331E+01    3.366514E+01    3.361951E+01    3.358543E+01    3.351505E+01    3.348270E+01    3.349894E+01    3.355566E+01    3.362649E+01    1.000000E+30    1.000000E+30    1.000000E+30
   1.000000E+30    1.000000E+30    1.000000E+30    1.000000E+30    1.000000E+30    3.355376E+01    3.362539E+01    3.362712E+01    3.360121E+01    3.358845E+01    3.352898E+01    3.346865E+01    3.335429E+01    3.330877E+01    3.336333E+01    3.348633E+01    1.000000E+30    1.000000E+30    1.000000E+30    1.000000E+30
