   3.824893E+01    3.820957E+01    3.814836E+01    3.807852E+01    3.796928E+01    3.782225E+01    3.765741E+01    3.738700E+01    3.699690E+01    3.662548E+01    3.628265E+01    3.582506E+01    3.536772E+01    3.500834E+01    3.457482E+01    3.419388E+01    3.431860E+01    3.437007E+01    3.440309E+01    3.441018E+01
   3.825381E+01    3.821673E+01    3.815608E+01    3.806969E+01    3.792715E+01    3.776019E+01    3.758964E+01    3.733291E+01    3.694985E+01    3.656153E+01    3.620448E+01    3.576919E+01    3.534881E+01    3.495345E+01    3.453787E+01    3.418855E+01    3.431015E+01    3.435817E+01    3.438236E+01    3.439536E+01
   3.827085E+01    3.823272E+01    3.815715E+01    3.803237E+01    3.787033E+01    3.770728E+01    3.751127E+01    3.723175E+01    3.685034E+01    3.645182E+01    3.606445E+01    3.565210E+01    3.528093E+01    3.490043E+01    3.449881E+01    3.415427E+01    3.426247E+01    3.430890E+01    3.433845E+01    3.435319E+01
   3.828698E+01    3.824942E+01    3.815817E+01    3.800597E+01    3.784034E+01    3.766155E+01    3.741538E+01    3.708019E+01    3.668722E+01    3.629319E+01    3.589091E+01    3.548723E+01    3.512425E+01    3.475804E+01    3.442314E+01    3.417900E+01    3.421837E+01    3.423892E+01    3.425989E+01    3.428036E+01
   3.831074E+01    3.827007E+01    3.818763E+01    3.802399E+01    3.781726E+01    3.757920E+01    3.724635E+01    3.689073E+01    3.651925E+01    3.607554E+01    3.562966E+01    3.524942E+01    3.491006E+01    3.460706E+01    3.435109E+01    3.415674E+01    3.415993E+01    3.416099E+01    3.416838E+01    3.418686E+01
   3.837834E+01    3.832254E+01    3.822241E+01    3.803759E+01    3.778090E+01    3.748469E+01    3.713492E+01    3.668543E+01    3.620158E+01    3.572656E+01    3.534045E+01    3.500872E+01    3.469299E+01    3.444428E+01    3.424250E+01    3.409288E+01    3.408214E+01    3.407924E+01    3.408162E+01    3.408143E+01
   3.849152E+01    3.841603E+01    3.830107E+01    3.808102E+01    3.774965E+01    3.741112E+01    3.694583E+01    3.632448E+01    3.579280E+01    3.535052E+01    3.502594E+01    3.472276E+01    3.446918E+01    3.428876E+01    3.413385E+01    3.403113E+01    3.399653E+01    3.398931E+01    3.398470E+01    3.396988E+01
   3.859670E+01    3.854001E+01    3.844296E+01    3.822260E+01    3.771170E+01    3.733893E+01    3.677907E+01    3.593017E+01    3.536005E+01    3.497800E+01    3.473199E+01    3.449895E+01    3.430527E+01    3.415948E+01    3.403642E+01    3.393881E+01    3.386011E+01    3.384936E+01    3.385663E+01    3.386446E+01
   3.866805E+01    3.863927E+01    3.860172E+01    3.854854E+01    1.000000E+30    1.000000E+30    1.000000E+30    3.536901E+01    3.493983E+01    3.473145E+01    3.453755E+01    3.431872E+01    3.414793E+01    3.400956E+01    3.388744E+01    3.379911E+01    3.364534E+01    3.370057E+01    3.374992E+01    3.378082E+01
   3.871612E+01    3.870633E+01    3.869559E+01    3.868142E+01    1.000000E+30    1.000000E+30    1.000000E+30    1.000000E+30    3.459242E+01    3.447067E+01    3.431056E+01    3.412659E+01    3.398631E+01    3.382220E+01    3.372309E+01    3.363603E+01    3.332098E+01    3.359027E+01    3.368814E+01    3.372493E+01
   3.873783E+01    3.873665E+01    3.873839E+01    3.874833E+01    1.000000E+30    1.000000E+30    1.000000E+30    1.000000E+30    3.432619E+01    3.425871E+01    3.414044E+01    3.399344E+01    3.379613E+01    3.355391E+01    3.358595E+01    3.361440E+01    3.355887E+01    3.363439E+01    3.367434E+01    3.369735E+01
   3.873217E+01    3.873589E+01    3.874484E+01    3.875554E+01    1.000000E+30    1.000000E+30    1.000000E+30    1.000000E+30    3.416892E+01    3.412662E+01    3.402275E+01    3.386856E+01    3.360190E+01    3.303414E+01    3.345129E+01    3.360727E+01    3.363177E+01    3.366127E+01    3.368148E+01    3.369478E+01
   3.871283E+01    3.871540E+01    3.872413E+01    3.873791E+01    1.000000E+30    1.000000E+30    1.000000E+30    1.000000E+30    3.407208E+01    3.404452E+01    3.396399E+01    3.383581E+01    3.367977E+01    3.349400E+01    3.355973E+01    3.364113E+01    3.366614E+01    3.368160E+01    3.369309E+01    3.370052E+01
   3.865923E+01    3.867939E+01    3.869344E+01    3.870563E+01    1.000000E+30    1.000000E+30    1.000000E+30    1.000000E+30    3.402595E+01    3.399871E+01    3.394189E+01    3.384310E+01    3.373519E+01    3.365972E+01    3.365698E+01    3.368581E+01    3.369555E+01    3.370259E+01    3.371038E+01    3.371535E+01
   3.854825E+01    3.859256E+01    3.862470E+01    3.863946E+01    1.000000E+30    1.000000E+30    1.000000E+30    1.000000E+30    3.399093E+01    3.396601E+01    3.391702E+01    3.384850E+01    3.377103E+01    3.371933E+01    3.370707E+01    3.371284E+01    3.371645E+01    3.372275E+01    3.372916E+01    3.373376E+01
   3.839524E+01    3.843121E+01    3.845797E+01    3.846026E+01    1.000000E+30    1.000000E+30    1.000000E+30    1.000000E+30    3.395716E+01    3.393024E+01    3.388589E+01    3.383152E+01    3.377036E+01    3.373038E+01    3.372088E+01    3.372521E+01    3.372567E+01    3.373180E+01    3.373847E+01    3.374448E+01
   3.812028E+01    3.814960E+01    3.814838E+01    3.813535E+01    1.000000E+30    1.000000E+30    1.000000E+30    1.000000E+30    3.391004E+01    3.387934E+01    3.383281E+01    3.378358E+01    3.374083E+01    3.371395E+01    3.370812E+01    3.371702E+01    3.372154E+01    3.372802E+01    3.373749E+01    3.374668E+01
   3.772943E+01    3.772210E+01    3.773455E+01    3.773423E+01    1.000000E+30    1.000000E+30    1.000000E+30    1.000000E+30    3.384179E+01    3.380801E+01    3.376741E+01    3.372997E+01    3.369728E+01    3.367071E+01    3.366828E+01    3.369424E+01    3.370732E+01    3.371990E+01    3.373024E+01    3.374268E+01
   3.725369E+01    3.719300E+01    3.718292E+01    3.716656E+01    1.000000E+30    1.000000E+30    1.000000E+30    1.000000E+30    3.377302E+01    3.375356E+01    3.372116E+01    3.368616E+01    3.364438E+01    3.360349E+01    3.359278E+01    3.365240E+01    3.368153E+01    3.370415E+01    3.371826E+01    3.372703E+01
   3.666638E+01    3.658058E+01    3.648474E+01    3.649227E+01    1.000000E+30    1.000000E+30    1.000000E+30    1.000000E+30    3.372153E+01    3.370578E+01    3.367087E+01    3.363444E+01    3.358172E+01    3.352052E+01    3.346488E+01    3.359055E+01    3.364890E+01    3.368324E+01    3.370367E+01    3.371311E+01
   3.613334E+01    3.604186E+01    3.596067E+01    3.596437E+01    1.000000E+30    1.000000E+30    1.000000E+30    1.000000E+30    3.367376E+01    3.365761E+01    3.362972E+01    3.359086E+01    3.353687E+01    3.344278E+01    3.322232E+01    3.352054E+01    3.362257E+01    3.366972E+01    3.369168E+01    3.370265E+01
   3.574075E+01    3.563474E+01    3.558974E+01    3.547783E+01    1.000000E+30    1.000000E+30    3.362372E+01    3.362183E+01    3.362617E+01    3.361019E+01    3.358668E+01    3.355980E+01    3.353248E+01    3.349598E+01    3.345431E+01    3.356954E+01    3.363374E+01    3.367082E+01    3.369036E+01    3.370019E+01
   3.539109E+01    3.530340E+01    3.515157E+01    3.482774E+01    3.435630E+01    1.000000E+30    3.357397E+01    3.357742E+01    3.357292E+01    3.355809E+01    3.353477E+01    3.352391E+01    3.352448E+01    3.352963E+01    3.354545E+01    3.361511E+01    3.365453E+01    3.368234E+01    3.369684E+01    3.370435E+01
   3.509504E+01    3.501026E+01    3.477782E+01    3.438216E+01    3.359522E+01    3.338392E+01    3.347066E+01    3.349743E+01    3.348961E+01    3.345506E+01    3.344229E+01    3.346948E+01    3.350420E+01    3.353670E+01    3.357944E+01    3.364229E+01    3.367440E+01    3.369477E+01    3.370659E+01    3.371190E+01
   3.494348E+01    3.483348E+01    3.453943E+01    3.386009E+01    3.177510E+01    3.298432E+01    3.334162E+01    3.340201E+01    3.336461E+01    3.328331E+01    3.326309E+01    3.336080E+01    3.345943E+01    3.352862E+01    3.359219E+01    3.365952E+01    3.368918E+01    3.370852E+01    3.371761E+01    3.372098E+01
   3.487364E+01    3.474842E+01    3.450621E+01    3.404762E+01    3.327955E+01    3.333079E+01    3.338367E+01    3.334400E+01    3.324073E+01    3.309031E+01    3.295370E+01    3.317766E+01    3.337516E+01    3.350556E+01    3.359778E+01    3.367006E+01    3.369930E+01    3.371577E+01    3.372357E+01    3.372790E+01
   3.485372E+01    3.475077E+01    3.454791E+01    3.423754E+01    3.383931E+01    3.359261E+01    3.342765E+01    3.331269E+01    3.315648E+01    3.285385E+01    3.191299E+01    3.294990E+01    3.332265E+01    3.349775E+01    3.359893E+01    3.366756E+01    3.369910E+01    3.371769E+01    3.372841E+01    3.373307E+01
   3.488428E+01    3.479949E+01    3.459443E+01    3.427989E+01    3.398819E+01    3.366832E+01    3.336134E+01    3.327054E+01    3.320773E+01    3.306358E+01    3.289218E+01    3.316471E+01    3.337215E+01    3.351105E+01    3.360042E+01    3.365841E+01    3.369239E+01    3.371412E+01    3.372850E+01    3.373668E+01
   3.492684E+01    3.485741E+01    3.466350E+01    3.433240E+01    3.395106E+01    3.349644E+01    3.301853E+01    3.312889E+01    3.322171E+01    3.323928E+01    3.323454E+01    3.333835E+01    3.344152E+01    3.354249E+01    3.361530E+01    3.365348E+01    3.368575E+01    3.371048E+01    3.372648E+01    3.373828E+01
   3.495910E+01    3.489131E+01    3.471127E+01    3.441568E+01    3.395281E+01    3.325317E+01    3.189454E+01    3.293333E+01    3.324739E+01    3.334462E+01    3.338903E+01    3.344674E+01    3.350020E+01    3.356673E+01    3.361626E+01    3.364916E+01    3.367908E+01    3.370553E+01    3.372364E+01    3.373588E+01
   3.499135E+01    3.493281E+01    3.476184E+01    3.452062E+01    3.413087E+01    3.356593E+01    3.306222E+01    3.325203E+01    3.339752E+01    3.345014E+01    3.349564E+01    3.352179E+01    3.354124E+01    3.357202E+01    3.360454E+01    3.363616E+01    3.367114E+01    3.370128E+01    3.372137E+01    3.373447E+01
   3.500407E+01    3.494342E+01    3.481646E+01    3.461093E+01    3.434004E+01    3.395048E+01    3.358803E+01    3.354905E+01    3.354226E+01    3.355011E+01    3.354841E+01    3.353393E+01    3.352720E+01    3.354464E+01    3.358022E+01    3.361813E+01    3.365852E+01    3.369442E+01    3.371881E+01    3.373381E+01
   1.000000E+30    3.493557E+01    3.481236E+01    3.463088E+01    3.442918E+01    3.416267E+01    3.386769E+01    3.371826E+01    3.364486E+01    3.360023E+01    3.354520E+01    3.348186E+01    3.344431E+01    3.346957E+01    3.352750E+01    3.358952E+01    3.364358E+01    3.368301E+01    3.371204E+01    3.373225E+01
   1.000000E+30    1.000000E+30    3.478845E+01    3.459977E+01    3.440742E+01    3.421260E+01    3.400066E+01    3.382662E+01    3.369792E+01    3.360029E+01    3.349997E+01    3.337682E+01    3.325556E+01    3.334708E+01    3.344883E+01    3.355730E+01    3.361904E+01    3.366769E+01    3.370095E+01    3.372933E+01
   1.000000E+30    1.000000E+30    1.000000E+30    3.448891E+01    3.428671E+01    3.413954E+01    3.400822E+01    3.385600E+01    3.370103E+01    3.358185E+01    3.344595E+01    3.324413E+01    3.280066E+01    3.321637E+01    3.338483E+01    3.352833E+01    3.359691E+01    3.364720E+01    3.368059E+01    3.372325E+01
   1.000000E+30    1.000000E+30    1.000000E+30    1.000000E+30    3.412458E+01    3.403849E+01    3.394014E+01    3.380910E+01    3.366555E+01    3.355711E+01    3.343468E+01    3.330412E+01    3.318818E+01    3.328106E+01    3.339552E+01    3.351256E+01    3.357646E+01    3.362464E+01    3.365063E+01    1.000000E+30
   1.000000E+30    1.000000E+30    1.000000E+30    1.000000E+30    3.403348E+01    3.390988E+01    3.381961E+01    3.371741E+01    3.360773E+01    3.351191E+01    3.342337E+01    3.334921E+01    3.329904E+01    3.333917E+01    3.342071E+01    3.351230E+01    3.356384E+01    3.360122E+01    3.363053E+01    1.000000E+30
   1.000000E+30    1.000000E+30    1.000000E+30    1.000000E+30    1.000000E+30    3.371636E+01    3.367701E+01    3.360888E+01    3.353792E+01    3.345884E+01    3.339498E+01    3.335155E+01    3.332311E+01    3.334296E+01    3.339714E+01    3.347942E+01    3.353127E+01    3.357427E+01    1.000000E+30    1.000000E+30
   1.000000E+30    1.000000E+30    1.000000E+30    1.000000E+30    1.000000E+30    3.356698E+01    3.356351E+01    3.352648E+01    3.346876E+01    3.340571E+01    3.335570E+01    3.331882E+01    3.327442E+01    3.327778E+01    3.332469E+01    3.340868E+01    3.347332E+01    1.000000E+30    1.000000E+30    1.000000E+30
   1.000000E+30    1.000000E+30    1.000000E+30    1.000000E+30    1.000000E+30    3.337688E+01    3.343728E+01    3.343651E+01    3.340004E+01    3.337235E+01    3.330388E+01    3.324922E+01    3.316629E+01    3.315130E+01    3.321642E+01    3.333027E+01    1.000000E+30    1.000000E+30    1.000000E+30    1.000000E+30
