   7.746631E-05    6.838279E-05    4.440319E-05    7.121035E-05    8.956832E-05    1.166623E-04    1.459720E-04    1.436804E-04    8.803874E-05    7.448386E-05    5.987340E-05    5.771903E-05    6.085320E-05    5.049579E-05    6.284051E-05    6.700497E-05    9.802817E-05    1.081703E-04    1.402057E-04    1.106685E-04
   1.050836E-04    8.559799E-05    8.529466E-05    9.457569E-05    9.730485E-05    1.138993E-04    1.467661E-04    1.491443E-04    8.641797E-05    5.908285E-05    5.439265E-05    3.026587E-05    3.481326E-05    4.677919E-05    5.503102E-05    8.426837E-05    1.746454E-04    1.613541E-04    1.327704E-04    1.449082E-04
   1.195551E-04    1.242266E-04    8.883274E-05    9.284407E-05    8.445839E-05    1.402767E-04    1.468577E-04    1.253729E-04    6.221331E-05    5.950964E-05    5.998345E-05    3.871221E-05    5.500340E-05    4.763879E-05    1.013811E-04    1.143882E-04    1.212526E-04    7.565187E-05    1.547263E-04    1.265692E-04
   9.061754E-05    1.187346E-04    9.983200E-05    6.206388E-05    9.548360E-05    1.028082E-04    1.403469E-04    1.269702E-04    7.179512E-05    5.344924E-05    4.997240E-05    2.891987E-05    4.511027E-05    3.641114E-05    6.696447E-05    7.986297E-05    8.812331E-05    7.721879E-05    8.836794E-05    8.410813E-05
   6.795696E-05    7.328636E-05    1.062952E-04    5.402532E-05    6.495935E-05    1.401624E-04    9.387385E-05    1.236465E-04    6.598079E-05    6.650842E-05    7.692361E-05    4.217701E-05    3.320922E-05    3.738453E-05    6.678057E-05    8.506717E-05    1.036229E-04    5.744651E-05    1.277201E-04    1.457171E-04
   8.889388E-05    1.019917E-04    1.388908E-04    6.393747E-05    6.388706E-05    6.810245E-05    1.287508E-04    1.182434E-04    7.520802E-05    4.793375E-05    6.853121E-05    4.509229E-05    4.049011E-05    3.410674E-05    4.437386E-05    7.002277E-05    8.150359E-05    4.685732E-05    5.228602E-05    9.744911E-05
   1.095533E-04    1.322547E-04    8.941556E-05    8.488454E-05    5.958702E-05    8.476120E-05    9.169025E-05    1.155302E-04    5.328406E-05    3.960377E-05    6.343647E-05    2.836240E-05    2.318302E-05    2.190422E-05    2.147223E-05    2.922002E-05    4.366026E-05    6.966764E-05    6.110376E-05    8.332651E-05
   1.336454E-04    1.236754E-04    1.739352E-04    1.472085E-04    8.348475E-05    9.526741E-05    9.261755E-05    1.159966E-04    5.892019E-05    5.545294E-05    6.194296E-05    3.234947E-05    2.789612E-05    3.037453E-05    2.466783E-05    2.808504E-05    4.374304E-05    4.924667E-05    3.939817E-05    7.154759E-05
   1.208974E-04    8.123202E-05    1.419194E-04    1.172501E-04    1.289380E-04    1.289380E-04    1.289380E-04    9.573171E-05    7.886262E-05    3.578362E-05    4.294737E-05    4.827044E-05    1.983933E-05    1.614448E-05    2.102529E-05    3.071729E-05    2.652013E-05    4.891636E-05    4.224601E-05    3.711237E-05
   1.069570E-04    7.609929E-05    8.847057E-05    1.230578E-04    1.289380E-04    1.289380E-04    1.289380E-04    1.289380E-04    6.087314E-05    6.481890E-05    6.701682E-05    3.917603E-05    2.097303E-05    1.633016E-05    2.000587E-05    4.322370E-05    3.110927E-05    3.895695E-05    5.008394E-05    3.677131E-05
   1.159090E-04    1.089487E-04    1.118855E-04    2.596816E-04    1.289380E-04    1.289380E-04    1.289380E-04    1.289380E-04    7.747673E-05    8.434343E-05    7.144852E-05    4.780100E-05    3.281595E-05    3.568466E-05    4.399580E-05    4.832935E-05    4.209218E-05    5.536479E-05    4.341968E-05    4.172277E-05
   7.287035E-05    1.217234E-04    1.829969E-04    2.346747E-04    1.289380E-04    1.289380E-04    1.289380E-04    1.289380E-04    1.031764E-04    5.423975E-05    4.148521E-05    6.310686E-05    4.043268E-05    3.884697E-05    5.723906E-05    5.339914E-05    8.181399E-05    5.414355E-05    3.464903E-05    4.171144E-05
   1.060756E-04    9.698133E-05    1.350928E-04    1.921882E-04    1.289380E-04    1.289380E-04    1.289380E-04    1.289380E-04    8.203914E-05    7.587248E-05    4.965594E-05    7.947239E-05    5.934329E-05    5.108870E-05    3.663113E-05    5.050466E-05    5.771395E-05    3.617386E-05    4.193320E-05    2.105428E-05
   1.027044E-04    1.651268E-04    1.771547E-04    2.293865E-04    1.289380E-04    1.289380E-04    1.289380E-04    1.289380E-04    1.808063E-04    7.970042E-05    7.411380E-05    5.837475E-05    4.589323E-05    4.499520E-05    5.504982E-05    4.466395E-05    4.429166E-05    3.468324E-05    4.245952E-05    5.532755E-05
   1.359534E-04    1.492288E-04    2.167573E-04    2.780906E-04    1.289380E-04    1.289380E-04    1.289380E-04    1.289380E-04    1.462838E-04    8.468468E-05    6.129932E-05    7.751977E-05    5.468957E-05    4.420543E-05    5.422820E-05    3.374035E-05    3.672568E-05    4.279166E-05    5.164115E-05    7.904685E-05
   1.506534E-04    1.641510E-04    2.567141E-04    2.808513E-04    1.289380E-04    1.289380E-04    1.289380E-04    1.289380E-04    1.190253E-04    5.842951E-05    3.425167E-05    3.881788E-05    4.072262E-05    2.504278E-05    5.431031E-05    3.804506E-05    3.622826E-05    5.266720E-05    6.542594E-05    1.108550E-04
   1.577006E-04    2.958518E-04    3.710676E-04    2.019964E-04    1.289380E-04    1.289380E-04    1.289380E-04    1.289380E-04    6.978015E-05    5.738812E-05    4.495043E-05    5.464903E-05    5.443277E-05    4.167080E-05    3.482377E-05    3.573634E-05    6.137549E-05    4.708517E-05    8.279713E-05    1.236124E-04
   2.334917E-04    1.620208E-04    1.875252E-04    1.594792E-04    1.289380E-04    1.289380E-04    1.289380E-04    1.289380E-04    8.427054E-05    5.392239E-05    7.610859E-05    8.655595E-05    5.119394E-05    3.084614E-05    2.891905E-05    5.455391E-05    7.445213E-05    9.625610E-05    1.300585E-04    1.669483E-04
   2.201853E-04    1.875640E-04    1.580115E-04    1.480290E-04    1.289380E-04    1.289380E-04    1.289380E-04    1.289380E-04    1.058348E-04    4.873990E-05    5.837176E-05    1.282407E-04    7.722954E-05    4.219423E-05    4.617333E-05    5.171509E-05    8.986106E-05    1.050447E-04    1.077873E-04    1.251128E-04
   2.709669E-04    1.940212E-04    1.041335E-04    1.273358E-04    1.289380E-04    1.289380E-04    1.289380E-04    1.289380E-04    5.267484E-05    6.064174E-05    3.464169E-05    8.132642E-05    6.011968E-05    6.246916E-05    6.205596E-05    5.834277E-05    7.226923E-05    8.378359E-05    1.191995E-04    7.707818E-05
   1.071285E-04    1.400407E-04    5.312395E-05    9.061486E-05    1.289380E-04    1.289380E-04    1.289380E-04    1.289380E-04    9.689159E-05    8.357179E-05    6.864632E-05    1.011402E-04    1.476071E-04    9.210340E-05    7.030025E-05    6.876683E-05    5.706927E-05    6.879142E-05    7.092181E-05    8.117039E-05
   6.795947E-05    6.321040E-05    5.783607E-05    5.469257E-05    1.289380E-04    1.289380E-04    7.267138E-05    8.217304E-05    1.215376E-04    8.663681E-05    9.389925E-05    1.172468E-04    1.964053E-04    2.286097E-04    8.859234E-05    6.325021E-05    5.641270E-05    4.874287E-05    4.579813E-05    7.351194E-05
   5.620651E-05    5.937139E-05    5.823196E-05    6.533450E-05    1.053132E-04    1.289380E-04    6.285482E-05    7.481970E-05    1.003385E-04    1.476405E-04    2.047598E-04    1.462330E-04    1.282386E-04    1.123811E-04    9.739366E-05    7.861873E-05    9.673499E-05    6.022121E-05    4.211140E-05    6.355369E-05
   4.426195E-05    1.016816E-04    6.768989E-05    9.533105E-05    6.542698E-05    1.057128E-04    4.986849E-05    9.203412E-05    1.489219E-04    1.578987E-04    2.032758E-04    1.879381E-04    1.485050E-04    1.624206E-04    1.261835E-04    9.449079E-05    9.746809E-05    4.786181E-05    6.298339E-05    5.806663E-05
   5.326696E-05    1.154530E-04    1.170292E-04    1.293463E-04    9.301958E-05    9.456923E-05    6.251295E-05    9.405732E-05    1.683163E-04    1.452238E-04    1.650685E-04    2.125020E-04    2.686588E-04    1.534382E-04    1.477145E-04    8.667359E-05    8.004013E-05    7.730447E-05    7.997834E-05    8.590488E-05
   7.793971E-05    1.298386E-04    1.715045E-04    1.443518E-04    9.361353E-05    7.216880E-05    9.914064E-05    1.328750E-04    1.563575E-04    1.693752E-04    1.767765E-04    2.267219E-04    1.855950E-04    1.710313E-04    1.235722E-04    1.148223E-04    8.848711E-05    9.930667E-05    6.415183E-05    9.189439E-05
   1.090839E-04    1.227179E-04    1.423533E-04    1.616481E-04    1.157198E-04    9.384306E-05    1.141049E-04    1.201231E-04    2.106985E-04    2.614916E-04    1.702087E-04    2.094631E-04    1.744365E-04    1.126979E-04    1.347813E-04    1.246861E-04    8.363361E-05    9.366468E-05    1.027357E-04    7.495970E-05
   1.783628E-04    1.776027E-04    2.116495E-04    1.279170E-04    1.867671E-04    1.901128E-04    1.316698E-04    9.395794E-05    1.854177E-04    2.617058E-04    2.511407E-04    1.487936E-04    1.301145E-04    1.044688E-04    9.706707E-05    1.035184E-04    6.315574E-05    5.800459E-05    7.389210E-05    7.184497E-05
   3.720663E-04    3.555780E-04    2.394797E-04    1.386603E-04    7.257304E-05    8.157993E-05    1.340847E-04    9.392574E-05    1.087059E-04    1.970951E-04    1.811866E-04    2.149347E-04    1.960664E-04    8.351953E-05    6.629203E-05    6.359392E-05    4.038630E-05    5.469618E-05    4.790285E-05    9.593411E-05
   3.801024E-04    3.802523E-04    1.742136E-04    1.651224E-04    7.219901E-05    8.640749E-05    1.633837E-04    1.292310E-04    1.631433E-04    9.248286E-05    1.271323E-04    1.641159E-04    1.054362E-04    7.107284E-05    5.373843E-05    5.655424E-05    4.176370E-05    4.033171E-05    3.973947E-05    6.481597E-05
   3.170351E-04    4.370404E-04    1.774490E-04    9.172225E-05    7.686751E-05    8.125100E-05    1.233792E-04    9.489673E-05    7.600716E-05    7.760606E-05    1.098175E-04    1.471976E-04    1.225721E-04    1.003220E-04    7.181421E-05    6.431461E-05    2.964698E-05    4.936032E-05    4.377397E-05    3.807832E-05
   3.277195E-04    4.342308E-04    3.551452E-04    1.800174E-04    1.747060E-04    1.512964E-04    1.017164E-04    1.019416E-04    1.289258E-04    9.576263E-05    1.840670E-04    1.027989E-04    1.841368E-04    2.039674E-04    1.089898E-04    7.223765E-05    6.835519E-05    6.182505E-05    3.803764E-05    4.393869E-05
   1.289380E-04    3.466034E-04    2.984766E-04    1.829656E-04    1.473306E-04    1.419465E-04    1.083673E-04    1.578374E-04    1.091479E-04    1.159364E-04    1.759439E-04    2.032220E-04    2.282455E-04    1.072958E-04    8.354147E-05    6.165822E-05    9.041767E-05    5.702840E-05    5.943460E-05    5.267245E-05
   1.289380E-04    1.289380E-04    4.223401E-04    1.893595E-04    1.718487E-04    1.790297E-04    1.372373E-04    1.388841E-04    1.132562E-04    1.618511E-04    1.939884E-04    2.206683E-04    1.814711E-04    1.759400E-04    6.893026E-05    5.076190E-05    5.847370E-05    7.271613E-05    5.934648E-05    6.679259E-05
   1.289380E-04    1.289380E-04    1.289380E-04    1.696389E-04    1.447425E-04    1.713045E-04    3.057123E-04    2.055991E-04    1.202977E-04    1.525136E-04    2.855482E-04    1.434092E-04    2.193536E-04    1.136854E-04    5.354358E-05    6.804552E-05    6.871607E-05    6.899674E-05    5.435710E-05    9.580044E-05
   1.289380E-04    1.289380E-04    1.289380E-04    1.289380E-04    1.259904E-04    1.943561E-04    2.185545E-04    2.039386E-04    1.899440E-04    1.554716E-04    1.678189E-04    1.314593E-04    1.211373E-04    7.579497E-05    8.252110E-05    7.572076E-05    7.860655E-05    1.103441E-04    7.407453E-05    1.289380E-04
   1.289380E-04    1.289380E-04    1.289380E-04    1.289380E-04    9.319710E-05    1.226451E-04    1.341555E-04    1.860833E-04    1.786305E-04    1.139065E-04    1.221936E-04    9.567890E-05    8.698864E-05    1.141380E-04    1.170486E-04    1.128120E-04    1.479636E-04    9.209148E-05    6.864825E-05    1.289380E-04
   1.289380E-04    1.289380E-04    1.289380E-04    1.289380E-04    1.289380E-04    1.127835E-04    1.337674E-04    1.738654E-04    1.450261E-04    8.513843E-05    1.168426E-04    9.179663E-05    7.920547E-05    1.269691E-04    1.052358E-04    1.145939E-04    6.767999E-05    5.638771E-05    1.289380E-04    1.289380E-04
   1.289380E-04    1.289380E-04    1.289380E-04    1.289380E-04    1.289380E-04    9.315052E-05    1.280074E-04    1.210887E-04    1.100257E-04    4.990124E-05    1.122928E-04    1.172667E-04    7.213676E-05    1.097453E-04    1.267269E-04    9.465249E-05    5.611082E-05    1.289380E-04    1.289380E-04    1.289380E-04
   1.289380E-04    1.289380E-04    1.289380E-04    1.289380E-04    1.289380E-04    1.361039E-04    7.305225E-05    9.232449E-05    9.153201E-05    1.696630E-04    1.466446E-04    1.665047E-04    8.070375E-05    5.883670E-05    7.563468E-05    4.853857E-05    1.289380E-04    1.289380E-04    1.289380E-04    1.289380E-04
