   3.827876E+01    3.824431E+01    3.817991E+01    3.810285E+01    3.798282E+01    3.781913E+01    3.763890E+01    3.736832E+01    3.700057E+01    3.664605E+01    3.630782E+01    3.585095E+01    3.537128E+01    3.499557E+01    3.453449E+01    3.414530E+01    3.417460E+01    3.418340E+01    3.418707E+01    3.418154E+01
   3.828344E+01    3.824798E+01    3.818620E+01    3.809570E+01    3.794170E+01    3.775641E+01    3.757124E+01    3.731213E+01    3.694648E+01    3.657145E+01    3.621911E+01    3.578645E+01    3.534572E+01    3.492801E+01    3.448629E+01    3.413186E+01    3.415294E+01    3.415708E+01    3.415143E+01    3.415334E+01
   3.829675E+01    3.826198E+01    3.818518E+01    3.805834E+01    3.788124E+01    3.769865E+01    3.748959E+01    3.720747E+01    3.683722E+01    3.644444E+01    3.605604E+01    3.563689E+01    3.524704E+01    3.484527E+01    3.441764E+01    3.408759E+01    3.409336E+01    3.408586E+01    3.408017E+01    3.408721E+01
   3.830890E+01    3.827230E+01    3.817956E+01    3.802230E+01    3.784375E+01    3.764835E+01    3.738724E+01    3.704482E+01    3.665658E+01    3.626352E+01    3.585258E+01    3.543699E+01    3.505017E+01    3.465915E+01    3.430232E+01    3.406492E+01    3.401226E+01    3.397546E+01    3.396236E+01    3.397358E+01
   3.832246E+01    3.828081E+01    3.819827E+01    3.803036E+01    3.781269E+01    3.755340E+01    3.720702E+01    3.684012E+01    3.646598E+01    3.601420E+01    3.554793E+01    3.515186E+01    3.478353E+01    3.445333E+01    3.418285E+01    3.399441E+01    3.390357E+01    3.384465E+01    3.381406E+01    3.381725E+01
   3.836787E+01    3.831021E+01    3.820818E+01    3.802514E+01    3.775948E+01    3.744827E+01    3.707924E+01    3.661209E+01    3.611495E+01    3.562342E+01    3.521130E+01    3.485509E+01    3.450786E+01    3.423642E+01    3.402511E+01    3.388848E+01    3.377851E+01    3.371342E+01    3.367933E+01    3.365339E+01
   3.844731E+01    3.837422E+01    3.826086E+01    3.804348E+01    3.771008E+01    3.735924E+01    3.687111E+01    3.621450E+01    3.566030E+01    3.519081E+01    3.483997E+01    3.450766E+01    3.422378E+01    3.402573E+01    3.386550E+01    3.377315E+01    3.364179E+01    3.356609E+01    3.351961E+01    3.347374E+01
   3.852996E+01    3.847599E+01    3.837238E+01    3.815203E+01    3.765520E+01    3.727335E+01    3.668498E+01    3.577957E+01    3.517335E+01    3.476097E+01    3.449147E+01    3.423144E+01    3.401210E+01    3.384707E+01    3.371705E+01    3.363820E+01    3.342438E+01    3.333736E+01    3.331139E+01    3.330621E+01
   3.859090E+01    3.856095E+01    3.851060E+01    3.844920E+01    1.000000E+30    1.000000E+30    1.000000E+30    3.517047E+01    3.470346E+01    3.447711E+01    3.426093E+01    3.401154E+01    3.381446E+01    3.364938E+01    3.350448E+01    3.343640E+01    3.309795E+01    3.310832E+01    3.315126E+01    3.318157E+01
   3.861831E+01    3.860676E+01    3.858257E+01    3.855772E+01    1.000000E+30    1.000000E+30    1.000000E+30    1.000000E+30    3.431494E+01    3.417890E+01    3.399709E+01    3.378636E+01    3.362144E+01    3.341768E+01    3.327256E+01    3.316508E+01    3.265908E+01    3.295461E+01    3.306371E+01    3.310196E+01
   3.861478E+01    3.860657E+01    3.859864E+01    3.859545E+01    1.000000E+30    1.000000E+30    1.000000E+30    1.000000E+30    3.401356E+01    3.393732E+01    3.380310E+01    3.363661E+01    3.341360E+01    3.313126E+01    3.309038E+01    3.305051E+01    3.293350E+01    3.300712E+01    3.305026E+01    3.307192E+01
   3.858530E+01    3.858487E+01    3.858304E+01    3.858532E+01    1.000000E+30    1.000000E+30    1.000000E+30    1.000000E+30    3.383550E+01    3.378900E+01    3.367197E+01    3.350006E+01    3.321823E+01    3.266033E+01    3.296031E+01    3.302338E+01    3.302219E+01    3.304839E+01    3.306881E+01    3.308299E+01
   3.854606E+01    3.854289E+01    3.854394E+01    3.855235E+01    1.000000E+30    1.000000E+30    1.000000E+30    1.000000E+30    3.372744E+01    3.369681E+01    3.360505E+01    3.345765E+01    3.328150E+01    3.306678E+01    3.306873E+01    3.308442E+01    3.308351E+01    3.308811E+01    3.309838E+01    3.310710E+01
   3.846648E+01    3.848465E+01    3.849286E+01    3.849814E+01    1.000000E+30    1.000000E+30    1.000000E+30    1.000000E+30    3.367591E+01    3.364667E+01    3.358137E+01    3.346405E+01    3.333270E+01    3.322949E+01    3.318447E+01    3.316666E+01    3.315351E+01    3.314404E+01    3.314626E+01    3.314910E+01
   3.832226E+01    3.837092E+01    3.839413E+01    3.840025E+01    1.000000E+30    1.000000E+30    1.000000E+30    1.000000E+30    3.364032E+01    3.361328E+01    3.355774E+01    3.347430E+01    3.337506E+01    3.329917E+01    3.325758E+01    3.323136E+01    3.321904E+01    3.321240E+01    3.321168E+01    3.321070E+01
   3.812996E+01    3.816827E+01    3.817603E+01    3.816634E+01    1.000000E+30    1.000000E+30    1.000000E+30    1.000000E+30    3.360895E+01    3.357960E+01    3.353013E+01    3.346499E+01    3.338518E+01    3.332436E+01    3.329408E+01    3.327439E+01    3.326756E+01    3.326618E+01    3.326255E+01    3.326140E+01
   3.779153E+01    3.780537E+01    3.777566E+01    3.775664E+01    1.000000E+30    1.000000E+30    1.000000E+30    1.000000E+30    3.356187E+01    3.353010E+01    3.348002E+01    3.342334E+01    3.336730E+01    3.332290E+01    3.329794E+01    3.328699E+01    3.328828E+01    3.329425E+01    3.329434E+01    3.329545E+01
   3.729313E+01    3.726650E+01    3.726404E+01    3.725870E+01    1.000000E+30    1.000000E+30    1.000000E+30    1.000000E+30    3.348506E+01    3.345344E+01    3.341227E+01    3.337300E+01    3.333307E+01    3.329253E+01    3.327067E+01    3.327353E+01    3.328853E+01    3.330233E+01    3.331308E+01    3.332228E+01
   3.668865E+01    3.660364E+01    3.658258E+01    3.655841E+01    1.000000E+30    1.000000E+30    1.000000E+30    1.000000E+30    3.339805E+01    3.338738E+01    3.336204E+01    3.332817E+01    3.328491E+01    3.323250E+01    3.320147E+01    3.323479E+01    3.327465E+01    3.330475E+01    3.332463E+01    3.333760E+01
   3.595127E+01    3.584077E+01    3.571926E+01    3.572241E+01    1.000000E+30    1.000000E+30    1.000000E+30    1.000000E+30    3.332272E+01    3.332058E+01    3.329865E+01    3.326828E+01    3.321661E+01    3.314741E+01    3.307288E+01    3.316539E+01    3.325335E+01    3.330398E+01    3.333419E+01    3.334982E+01
   3.529697E+01    3.516979E+01    3.505827E+01    3.505108E+01    1.000000E+30    1.000000E+30    1.000000E+30    1.000000E+30    3.323593E+01    3.324135E+01    3.323898E+01    3.321397E+01    3.316375E+01    3.306408E+01    3.282295E+01    3.309754E+01    3.324140E+01    3.330982E+01    3.334416E+01    3.335970E+01
   3.480378E+01    3.465463E+01    3.457340E+01    3.439497E+01    1.000000E+30    1.000000E+30    3.298303E+01    3.305341E+01    3.313697E+01    3.316506E+01    3.317763E+01    3.317407E+01    3.315616E+01    3.312155E+01    3.307536E+01    3.318128E+01    3.327442E+01    3.333050E+01    3.336204E+01    3.337795E+01
   3.436241E+01    3.421827E+01    3.397437E+01    3.345235E+01    3.271697E+01    1.000000E+30    3.283114E+01    3.295033E+01    3.304593E+01    3.309737E+01    3.312056E+01    3.313822E+01    3.315141E+01    3.316343E+01    3.318200E+01    3.324630E+01    3.331772E+01    3.336635E+01    3.339038E+01    3.340536E+01
   3.399523E+01    3.383362E+01    3.344160E+01    3.276383E+01    3.148608E+01    3.174185E+01    3.245572E+01    3.278545E+01    3.292575E+01    3.299027E+01    3.303869E+01    3.309130E+01    3.313729E+01    3.317788E+01    3.322910E+01    3.329723E+01    3.336268E+01    3.340434E+01    3.342541E+01    3.343603E+01
   3.384230E+01    3.364333E+01    3.312871E+01    3.187031E+01    2.773423E+01    3.096232E+01    3.222065E+01    3.266972E+01    3.280909E+01    3.284506E+01    3.288850E+01    3.300142E+01    3.310335E+01    3.318029E+01    3.325544E+01    3.333652E+01    3.340378E+01    3.344526E+01    3.346147E+01    3.346724E+01
   3.384854E+01    3.362542E+01    3.322640E+01    3.246617E+01    3.122698E+01    3.185211E+01    3.243501E+01    3.267545E+01    3.272690E+01    3.269722E+01    3.264936E+01    3.285689E+01    3.304028E+01    3.317366E+01    3.328075E+01    3.337523E+01    3.343301E+01    3.346816E+01    3.348237E+01    3.348824E+01
   3.390132E+01    3.373846E+01    3.345004E+01    3.305385E+01    3.261749E+01    3.258045E+01    3.267574E+01    3.273033E+01    3.269753E+01    3.252815E+01    3.187605E+01    3.269022E+01    3.300961E+01    3.318145E+01    3.329773E+01    3.338946E+01    3.344266E+01    3.347434E+01    3.349311E+01    3.349978E+01
   3.399994E+01    3.389417E+01    3.366045E+01    3.336554E+01    3.313917E+01    3.295728E+01    3.281863E+01    3.281038E+01    3.279691E+01    3.271747E+01    3.262223E+01    3.285766E+01    3.304730E+01    3.319476E+01    3.329915E+01    3.337889E+01    3.343427E+01    3.346905E+01    3.349181E+01    3.350468E+01
   3.409609E+01    3.402578E+01    3.385526E+01    3.357690E+01    3.329048E+01    3.302205E+01    3.274744E+01    3.281454E+01    3.287034E+01    3.287989E+01    3.288765E+01    3.298424E+01    3.308511E+01    3.320589E+01    3.330432E+01    3.336518E+01    3.341978E+01    3.346073E+01    3.348768E+01    3.350424E+01
   3.416897E+01    3.411740E+01    3.398602E+01    3.376017E+01    3.342867E+01    3.298674E+01    3.220157E+01    3.275796E+01    3.292486E+01    3.297278E+01    3.300047E+01    3.305146E+01    3.310317E+01    3.318533E+01    3.327056E+01    3.334139E+01    3.339981E+01    3.344938E+01    3.348287E+01    3.350268E+01
   3.424456E+01    3.421422E+01    3.408905E+01    3.391846E+01    3.363586E+01    3.324373E+01    3.290916E+01    3.297824E+01    3.303366E+01    3.304215E+01    3.304828E+01    3.306973E+01    3.308023E+01    3.312633E+01    3.320217E+01    3.328542E+01    3.336980E+01    3.343651E+01    3.347942E+01    3.350670E+01
   3.428295E+01    3.424906E+01    3.416328E+01    3.402268E+01    3.382787E+01    3.353596E+01    3.325236E+01    3.317068E+01    3.312174E+01    3.307569E+01    3.301933E+01    3.298029E+01    3.296267E+01    3.300658E+01    3.310566E+01    3.320991E+01    3.331491E+01    3.341131E+01    3.347474E+01    3.351193E+01
   1.000000E+30    3.426503E+01    3.418516E+01    3.406365E+01    3.391546E+01    3.370384E+01    3.344499E+01    3.327939E+01    3.317071E+01    3.305958E+01    3.292822E+01    3.279011E+01    3.272385E+01    3.280886E+01    3.296103E+01    3.311624E+01    3.326403E+01    3.338019E+01    3.346280E+01    3.351786E+01
   1.000000E+30    1.000000E+30    3.418372E+01    3.405744E+01    3.391133E+01    3.374754E+01    3.354837E+01    3.335661E+01    3.318038E+01    3.300146E+01    3.279262E+01    3.253122E+01    3.226945E+01    3.251412E+01    3.277397E+01    3.302590E+01    3.321226E+01    3.335172E+01    3.345796E+01    3.353118E+01
   1.000000E+30    1.000000E+30    1.000000E+30    3.399307E+01    3.382822E+01    3.369305E+01    3.355280E+01    3.337565E+01    3.317384E+01    3.297070E+01    3.269363E+01    3.226129E+01    3.119615E+01    3.223450E+01    3.264851E+01    3.295560E+01    3.317728E+01    3.332663E+01    3.343215E+01    3.352953E+01
   1.000000E+30    1.000000E+30    1.000000E+30    1.000000E+30    3.370682E+01    3.362100E+01    3.351168E+01    3.335049E+01    3.316115E+01    3.299157E+01    3.276329E+01    3.249418E+01    3.222564E+01    3.245414E+01    3.272835E+01    3.297754E+01    3.317401E+01    3.330894E+01    3.338412E+01    1.000000E+30
   1.000000E+30    1.000000E+30    1.000000E+30    1.000000E+30    3.364327E+01    3.353251E+01    3.343601E+01    3.330872E+01    3.315774E+01    3.301776E+01    3.286950E+01    3.272027E+01    3.259808E+01    3.268947E+01    3.287409E+01    3.305546E+01    3.320007E+01    3.330969E+01    3.336849E+01    1.000000E+30
   1.000000E+30    1.000000E+30    1.000000E+30    1.000000E+30    1.000000E+30    3.339109E+01    3.334077E+01    3.325559E+01    3.315287E+01    3.304455E+01    3.294504E+01    3.286792E+01    3.282171E+01    3.286700E+01    3.297145E+01    3.309131E+01    3.320308E+01    3.329824E+01    1.000000E+30    1.000000E+30
   1.000000E+30    1.000000E+30    1.000000E+30    1.000000E+30    1.000000E+30    3.329114E+01    3.327481E+01    3.322162E+01    3.314023E+01    3.305104E+01    3.297836E+01    3.292353E+01    3.289433E+01    3.291593E+01    3.297875E+01    3.306344E+01    3.315838E+01    1.000000E+30    1.000000E+30    1.000000E+30
   1.000000E+30    1.000000E+30    1.000000E+30    1.000000E+30    1.000000E+30    3.316785E+01    3.321438E+01    3.319726E+01    3.313147E+01    3.306902E+01    3.297728E+01    3.291788E+01    3.286588E+01    3.287310E+01    3.292707E+01    3.300606E+01    1.000000E+30    1.000000E+30    1.000000E+30    1.000000E+30
